
DET1001 = [
    1    1    1    1    1    1    1    1    1    1  3.99972E+18 0.00492 
    2    2    1    1    1    1    1    1    1    1  1.80326E+18 0.00564 
    3    3    1    1    1    1    1    1    1    1  1.67518E+17 0.01134 
];


DET1001E = [
 1.00000E-09  6.25000E-07  3.13000E-07
 6.25000E-07  1.00000E-01  5.00003E-02
 1.00000E-01  2.00000E+01  1.00500E+01
];

DET1002 = [
    1    1    1    1    1    1    1    1    1    1  8.33411E+16 0.00953 
    2    2    1    1    1    1    1    1    1    1  3.65116E+17 0.00468 
    3    3    1    1    1    1    1    1    1    1  1.71589E+17 0.00631 
];


DET1002E = [
 1.00000E-09  6.25000E-07  3.13000E-07
 6.25000E-07  1.00000E-01  5.00003E-02
 1.00000E-01  2.00000E+01  1.00500E+01
];
