
DET1001 = [
    1    1    1    1    1    1    1    1    1    1  3.91494E+18 0.00501 
    2    2    1    1    1    1    1    1    1    1  1.77933E+18 0.00608 
    3    3    1    1    1    1    1    1    1    1  1.63441E+17 0.01177 
];


DET1001E = [
 1.00000E-09  6.25000E-07  3.13000E-07
 6.25000E-07  1.00000E-01  5.00003E-02
 1.00000E-01  2.00000E+01  1.00500E+01
];

DET1002 = [
    1    1    1    1    1    1    1    1    1    1  8.48947E+16 0.00905 
    2    2    1    1    1    1    1    1    1    1  3.47445E+17 0.00495 
    3    3    1    1    1    1    1    1    1    1  1.66396E+17 0.00633 
];


DET1002E = [
 1.00000E-09  6.25000E-07  3.13000E-07
 6.25000E-07  1.00000E-01  5.00003E-02
 1.00000E-01  2.00000E+01  1.00500E+01
];
