
ZAI = [
10030
541350
922350
922380
942380
942390
942400
942410
942420
952410
952440
952450
666
0
];

NAMES = [
'H3              '
'Xe135           '
'U235            '
'U238            '
'Pu238           '
'Pu239           '
'Pu240           '
'Pu241           '
'Pu242           '
'Am241           '
'Am244           '
'Am245           '
'lost            '
'total           '
];

i10030  = 1; iH3               = 1;
i541350 = 2; iXe135            = 2;
i922350 = 3; iU235             = 3;
i922380 = 4; iU238             = 4;
i942380 = 5; iPu238            = 5;
i942390 = 6; iPu239            = 6;
i942400 = 7; iPu240            = 7;
i942410 = 8; iPu241            = 8;
i942420 = 9; iPu242            = 9;
i952410 = 10; iAm241            = 10;
i952440 = 11; iAm244            = 11;
i952450 = 12; iAm245            = 12;
iLOST    = 13;
iTOT     = 14;

MAT_uco_VOLUME = [ 4.06429E+04 4.06429E+04 4.06429E+04 4.06429E+04 ];

MAT_uco_BURNUP = [ 0.00000E+00 2.49643E-01 4.44364E+00 9.13688E+00 ];

MAT_uco_ADENS = [
0.00000E+00 7.03763E-14 1.17075E-12 2.21069E-12 % H3
0.00000E+00 3.19868E-08 3.21897E-08 3.22538E-08 % Xe135
4.87458E-03 4.86637E-03 4.73016E-03 4.58175E-03 % U235
2.01233E-02 2.01213E-02 2.00876E-02 2.00489E-02 % U238
0.00000E+00 4.92096E-14 8.67931E-10 8.10171E-09 % Pu238
0.00000E+00 9.16566E-07 3.12980E-05 6.12131E-05 % Pu239
0.00000E+00 1.63651E-09 9.32239E-07 3.57254E-06 % Pu240
0.00000E+00 5.47151E-12 6.29708E-08 5.03013E-07 % Pu241
0.00000E+00 2.40094E-15 5.41169E-10 9.12747E-09 % Pu242
0.00000E+00 8.18833E-16 1.81127E-10 3.01450E-09 % Am241
0.00000E+00 4.46338E-24 4.47205E-17 1.67916E-15 % Am244
0.00000E+00 4.89277E-28 4.49250E-21 1.68926E-19 % Am245
0.00000E+00 5.27707E-08 9.41862E-07 1.94130E-06 % lost data
7.04699E-02 7.04763E-02 7.05841E-02 7.07046E-02 % total
];

MAT_uco_MDENS = [
0.00000E+00 3.52405E-13 5.86245E-12 1.10699E-11 % H3
0.00000E+00 7.16573E-06 7.21119E-06 7.22555E-06 % Xe135
1.90258E+00 1.89937E+00 1.84621E+00 1.78829E+00 % U235
7.95473E+00 7.95395E+00 7.94059E+00 7.92533E+00 % U238
0.00000E+00 1.94524E-11 3.43090E-07 3.20258E-06 % Pu238
0.00000E+00 3.63842E-04 1.24241E-02 2.42993E-02 % Pu239
0.00000E+00 6.52356E-07 3.71614E-04 1.42411E-03 % Pu240
0.00000E+00 2.19012E-09 2.52058E-05 2.01345E-04 % Pu241
0.00000E+00 9.65066E-13 2.17525E-07 3.66882E-06 % Pu242
0.00000E+00 3.27771E-13 7.25034E-08 1.20668E-06 % Am241
0.00000E+00 1.80894E-21 1.81246E-14 6.80539E-13 % Am244
0.00000E+00 1.99111E-25 1.82822E-18 6.87444E-17 % Am245
0.00000E+00 0.00000E+00 0.00000E+00 0.00000E+00 % lost data
1.10000E+01 1.10000E+01 1.09994E+01 1.09987E+01 % total
];

MAT_uco_A = [
0.00000E+00 5.09943E+06 8.48319E+07 1.60186E+08 % H3
0.00000E+00 2.73862E+16 2.75599E+16 2.76148E+16 % Xe135
6.18119E+09 6.17077E+09 5.99804E+09 5.80986E+09 % U235
4.02062E+09 4.02023E+09 4.01348E+09 4.00576E+09 % U238
0.00000E+00 5.00906E+05 8.83469E+09 8.24676E+10 % Pu238
0.00000E+00 3.39370E+10 1.15885E+12 2.26649E+12 % Pu239
0.00000E+00 2.22667E+08 1.26842E+11 4.86087E+11 % Pu240
0.00000E+00 3.41807E+08 3.93380E+12 3.14234E+13 % Pu241
0.00000E+00 5.71556E+00 1.28828E+06 2.17284E+07 % Pu242
0.00000E+00 1.68972E+03 3.73769E+08 6.22064E+09 % Am241
0.00000E+00 3.45820E+00 3.46492E+07 1.30100E+09 % Am244
0.00000E+00 1.86771E-03 1.71491E+04 6.44838E+05 % Am245
0.00000E+00 0.00000E+00 0.00000E+00 0.00000E+00 % lost data
1.02018E+10 3.36352E+18 3.73695E+18 3.79832E+18 % total
];

MAT_uco_H = [
0.00000E+00 4.64884E-09 7.73360E-08 1.46031E-07 % H3
0.00000E+00 2.46891E+03 2.48457E+03 2.48952E+03 % Xe135
4.56806E-03 4.56036E-03 4.43271E-03 4.29364E-03 % U235
2.75402E-03 2.75375E-03 2.74913E-03 2.74385E-03 % U238
0.00000E+00 4.48505E-07 7.91047E-03 7.38403E-02 % Pu238
0.00000E+00 2.84984E-02 9.73135E-01 1.90327E+00 % Pu239
0.00000E+00 1.87332E-04 1.06714E-01 4.08950E-01 % Pu240
0.00000E+00 2.93265E-07 3.37514E-03 2.69607E-02 % Pu241
0.00000E+00 4.56222E-12 1.02832E-06 1.73439E-05 % Pu242
0.00000E+00 1.51497E-09 3.35114E-04 5.57731E-03 % Am241
0.00000E+00 6.14305E-13 6.15499E-06 2.31107E-04 % Am244
0.00000E+00 9.42319E-17 8.65228E-10 3.25342E-08 % Am245
0.00000E+00 0.00000E+00 0.00000E+00 0.00000E+00 % lost data
7.32208E-03 1.20230E+06 1.23922E+06 1.23845E+06 % total
];

MAT_uco_SF = [
0.00000E+00 0.00000E+00 0.00000E+00 0.00000E+00 % H3
0.00000E+00 0.00000E+00 0.00000E+00 0.00000E+00 % Xe135
4.45045E-01 4.44295E-01 4.31859E-01 4.18310E-01 % U235
2.19526E+05 2.19504E+05 2.19136E+05 2.18715E+05 % U238
0.00000E+00 9.31685E-04 1.64325E+01 1.53390E+02 % Pu238
0.00000E+00 1.05205E-01 3.59242E+00 7.02612E+00 % Pu239
0.00000E+00 1.26920E+01 7.23001E+03 2.77070E+04 % Pu240
0.00000E+00 0.00000E+00 0.00000E+00 0.00000E+00 % Pu241
0.00000E+00 3.14356E-05 7.08556E+00 1.19506E+02 % Pu242
0.00000E+00 7.26581E-09 1.60721E-03 2.67488E-02 % Am241
0.00000E+00 0.00000E+00 0.00000E+00 0.00000E+00 % Am244
0.00000E+00 0.00000E+00 0.00000E+00 0.00000E+00 % Am245
0.00000E+00 0.00000E+00 0.00000E+00 0.00000E+00 % lost data
2.19526E+05 2.19518E+05 2.26750E+05 2.58824E+05 % total
];

MAT_uco_ING_TOX = [
0.00000E+00 2.14176E-04 3.56294E-03 6.72780E-03 % H3
0.00000E+00 5.75110E+09 5.78758E+09 5.79911E+09 % Xe135
2.90516E+02 2.90026E+02 2.81908E+02 2.73064E+02 % U235
1.80928E+02 1.80910E+02 1.80607E+02 1.80259E+02 % U238
0.00000E+00 1.15208E-01 2.03198E+03 1.89675E+04 % Pu238
0.00000E+00 8.48424E+03 2.89711E+05 5.66622E+05 % Pu239
0.00000E+00 5.56668E+01 3.17106E+04 1.21522E+05 % Pu240
0.00000E+00 1.64067E+00 1.88823E+04 1.50832E+05 % Pu241
0.00000E+00 1.37174E-06 3.09188E-01 5.21483E+00 % Pu242
0.00000E+00 3.37945E-04 7.47538E+01 1.24413E+03 % Am241
0.00000E+00 1.59077E-09 1.59386E-02 5.98461E-01 % Am244
0.00000E+00 1.15798E-13 1.06324E-06 3.99800E-05 % Am245
0.00000E+00 0.00000E+00 0.00000E+00 0.00000E+00 % lost data
4.71444E+02 4.69226E+10 6.25457E+10 6.26279E+10 % total
];

MAT_uco_INH_TOX = [
0.00000E+00 1.32585E-03 2.20563E-02 4.16483E-02 % H3
0.00000E+00 3.01248E+09 3.03159E+09 3.03763E+09 % Xe135
5.25401E+04 5.24515E+04 5.09834E+04 4.93838E+04 % U235
3.21650E+04 3.21618E+04 3.21078E+04 3.20461E+04 % U238
0.00000E+00 5.50997E+01 9.71816E+05 9.07143E+06 % Pu238
0.00000E+00 4.07244E+06 1.39062E+08 2.71979E+08 % Pu239
0.00000E+00 2.67200E+04 1.52211E+07 5.83304E+07 % Pu240
0.00000E+00 7.86157E+02 9.04775E+06 7.22738E+07 % Pu241
0.00000E+00 6.28712E-04 1.41711E+02 2.39013E+03 % Pu242
0.00000E+00 1.62213E-01 3.58818E+04 5.97182E+05 % Am241
0.00000E+00 1.27953E-08 1.28202E-01 4.81371E+00 % Am244
0.00000E+00 1.04592E-13 9.60349E-07 3.61109E-05 % Am245
0.00000E+00 0.00000E+00 0.00000E+00 0.00000E+00 % lost data
8.47051E+04 4.50344E+10 6.00116E+10 6.18828E+10 % total
];

TOT_VOLUME = [ 4.06429E+04 4.06429E+04 4.06429E+04 4.06429E+04 ];

TOT_BURNUP = [ 0.00000E+00 2.49643E-01 4.44364E+00 9.13688E+00 ];

TOT_ADENS = [
0.00000E+00 7.03763E-14 1.17075E-12 2.21069E-12 % H3
0.00000E+00 3.19868E-08 3.21897E-08 3.22538E-08 % Xe135
4.87458E-03 4.86637E-03 4.73016E-03 4.58175E-03 % U235
2.01233E-02 2.01213E-02 2.00876E-02 2.00489E-02 % U238
0.00000E+00 4.92096E-14 8.67931E-10 8.10171E-09 % Pu238
0.00000E+00 9.16566E-07 3.12980E-05 6.12131E-05 % Pu239
0.00000E+00 1.63651E-09 9.32239E-07 3.57254E-06 % Pu240
0.00000E+00 5.47151E-12 6.29708E-08 5.03013E-07 % Pu241
0.00000E+00 2.40094E-15 5.41169E-10 9.12747E-09 % Pu242
0.00000E+00 8.18833E-16 1.81127E-10 3.01450E-09 % Am241
0.00000E+00 4.46338E-24 4.47205E-17 1.67916E-15 % Am244
0.00000E+00 4.89277E-28 4.49250E-21 1.68926E-19 % Am245
0.00000E+00 5.27707E-08 9.41862E-07 1.94130E-06 % lost data
7.04699E-02 7.04763E-02 7.05841E-02 7.07046E-02 % total
];

