
DET1001 = [
    1    1    1    1    1    1    1    1    1    1  3.95095E+18 0.00488 
    2    2    1    1    1    1    1    1    1    1  1.79817E+18 0.00573 
    3    3    1    1    1    1    1    1    1    1  1.67568E+17 0.01141 
];


DET1001E = [
 1.00000E-09  6.25000E-07  3.13000E-07
 6.25000E-07  1.00000E-01  5.00003E-02
 1.00000E-01  2.00000E+01  1.00500E+01
];

DET1002 = [
    1    1    1    1    1    1    1    1    1    1  8.25291E+16 0.00936 
    2    2    1    1    1    1    1    1    1    1  3.57609E+17 0.00496 
    3    3    1    1    1    1    1    1    1    1  1.67105E+17 0.00626 
];


DET1002E = [
 1.00000E-09  6.25000E-07  3.13000E-07
 6.25000E-07  1.00000E-01  5.00003E-02
 1.00000E-01  2.00000E+01  1.00500E+01
];
