
DET1001 = [
    1    1    1    1    1    1    1    1    1    1  4.89451E+18 0.00468 
    2    2    1    1    1    1    1    1    1    1  2.26896E+18 0.00508 
    3    3    1    1    1    1    1    1    1    1  3.75478E+17 0.01022 
];


DET1001E = [
 1.00000E-09  6.25000E-07  3.13000E-07
 6.25000E-07  1.00000E-01  5.00003E-02
 1.00000E-01  2.00000E+01  1.00500E+01
];

DET1002 = [
    1    1    1    1    1    1    1    1    1    1  8.71516E+16 0.01007 
    2    2    1    1    1    1    1    1    1    1  3.66723E+17 0.00517 
    3    3    1    1    1    1    1    1    1    1  2.09361E+17 0.00635 
];


DET1002E = [
 1.00000E-09  6.25000E-07  3.13000E-07
 6.25000E-07  1.00000E-01  5.00003E-02
 1.00000E-01  2.00000E+01  1.00500E+01
];
