
DET1001 = [
    1    1    1    1    1    1    1    1    1    1  4.74945E+18 0.00446 
    2    2    1    1    1    1    1    1    1    1  2.18442E+18 0.00494 
    3    3    1    1    1    1    1    1    1    1  3.69934E+17 0.00986 
];


DET1001E = [
 1.00000E-09  6.25000E-07  3.13000E-07
 6.25000E-07  1.00000E-01  5.00003E-02
 1.00000E-01  2.00000E+01  1.00500E+01
];

DET1002 = [
    1    1    1    1    1    1    1    1    1    1  8.93545E+16 0.01035 
    2    2    1    1    1    1    1    1    1    1  3.46907E+17 0.00565 
    3    3    1    1    1    1    1    1    1    1  1.95463E+17 0.00676 
];


DET1002E = [
 1.00000E-09  6.25000E-07  3.13000E-07
 6.25000E-07  1.00000E-01  5.00003E-02
 1.00000E-01  2.00000E+01  1.00500E+01
];
