
DET1001 = [
    1    1    1    1    1    1    1    1    1    1  4.66514E+18 0.00444 
    2    2    1    1    1    1    1    1    1    1  2.13649E+18 0.00521 
    3    3    1    1    1    1    1    1    1    1  3.66853E+17 0.00939 
];


DET1001E = [
 1.00000E-09  6.25000E-07  3.13000E-07
 6.25000E-07  1.00000E-01  5.00003E-02
 1.00000E-01  2.00000E+01  1.00500E+01
];

DET1002 = [
    1    1    1    1    1    1    1    1    1    1  8.85529E+16 0.00925 
    2    2    1    1    1    1    1    1    1    1  3.43639E+17 0.00517 
    3    3    1    1    1    1    1    1    1    1  1.94284E+17 0.00636 
];


DET1002E = [
 1.00000E-09  6.25000E-07  3.13000E-07
 6.25000E-07  1.00000E-01  5.00003E-02
 1.00000E-01  2.00000E+01  1.00500E+01
];
