
ZAI = [
10030
541350
922350
922380
942380
942390
942400
942410
942420
952410
952440
952450
666
0
];

NAMES = [
'H3              '
'Xe135           '
'U235            '
'U238            '
'Pu238           '
'Pu239           '
'Pu240           '
'Pu241           '
'Pu242           '
'Am241           '
'Am244           '
'Am245           '
'lost            '
'total           '
];

i10030  = 1; iH3               = 1;
i541350 = 2; iXe135            = 2;
i922350 = 3; iU235             = 3;
i922380 = 4; iU238             = 4;
i942380 = 5; iPu238            = 5;
i942390 = 6; iPu239            = 6;
i942400 = 7; iPu240            = 7;
i942410 = 8; iPu241            = 8;
i942420 = 9; iPu242            = 9;
i952410 = 10; iAm241            = 10;
i952440 = 11; iAm244            = 11;
i952450 = 12; iAm245            = 12;
iLOST    = 13;
iTOT     = 14;

MAT_uco_VOLUME = [ 4.22705E+04 4.22705E+04 4.22705E+04 4.22705E+04 ];

MAT_uco_BURNUP = [ 0.00000E+00 2.40024E-01 4.27243E+00 8.78496E+00 ];

MAT_uco_ADENS = [
0.00000E+00 9.53395E-14 1.57053E-12 2.88056E-12 % H3
0.00000E+00 2.82106E-08 2.85397E-08 2.86552E-08 % Xe135
3.74777E-03 3.73991E-03 3.61040E-03 3.47096E-03 % U235
2.12374E-02 2.12352E-02 2.11972E-02 2.11537E-02 % U238
0.00000E+00 8.42960E-14 1.29605E-09 1.17124E-08 % Pu238
0.00000E+00 1.02265E-06 3.43122E-05 6.58543E-05 % Pu239
0.00000E+00 2.31245E-09 1.28918E-06 4.76882E-06 % Pu240
0.00000E+00 9.56759E-12 1.06782E-07 8.14632E-07 % Pu241
0.00000E+00 5.57394E-15 1.21804E-09 1.95721E-08 % Pu242
0.00000E+00 1.42768E-15 3.06896E-10 4.88804E-09 % Am241
0.00000E+00 1.60721E-23 1.55447E-16 5.64253E-15 % Am244
0.00000E+00 2.38620E-27 2.09204E-20 7.58855E-19 % Am245
0.00000E+00 5.07395E-08 9.06946E-07 1.87115E-06 % lost data
7.04339E-02 7.04401E-02 7.05438E-02 7.06597E-02 % total
];

MAT_uco_MDENS = [
0.00000E+00 4.77407E-13 7.86431E-12 1.44242E-11 % H3
0.00000E+00 6.31979E-06 6.39352E-06 6.41939E-06 % Xe135
1.46278E+00 1.45971E+00 1.40916E+00 1.35474E+00 % U235
8.39511E+00 8.39424E+00 8.37922E+00 8.36203E+00 % U238
0.00000E+00 3.33219E-11 5.12324E-07 4.62986E-06 % Pu238
0.00000E+00 4.05955E-04 1.36206E-02 2.61416E-02 % Pu239
0.00000E+00 9.21802E-07 5.13900E-04 1.90097E-03 % Pu240
0.00000E+00 3.82969E-09 4.27423E-05 3.26079E-04 % Pu241
0.00000E+00 2.24047E-12 4.89594E-07 7.86708E-06 % Pu242
0.00000E+00 5.71485E-13 1.22848E-07 1.95664E-06 % Am241
0.00000E+00 6.51380E-21 6.30003E-14 2.28683E-12 % Am244
0.00000E+00 9.71062E-25 8.51355E-18 3.08815E-16 % Am245
0.00000E+00 0.00000E+00 0.00000E+00 0.00000E+00 % lost data
1.10000E+01 1.10000E+01 1.09994E+01 1.09988E+01 % total
];

MAT_uco_A = [
0.00000E+00 7.18491E+06 1.18357E+08 2.17083E+08 % H3
0.00000E+00 2.51204E+16 2.54135E+16 2.55163E+16 % Xe135
4.94265E+09 4.93229E+09 4.76149E+09 4.57759E+09 % U235
4.41314E+09 4.41268E+09 4.40478E+09 4.39575E+09 % U238
0.00000E+00 8.92414E+05 1.37209E+10 1.23995E+11 % Pu238
0.00000E+00 3.93814E+10 1.32133E+12 2.53598E+12 % Pu239
0.00000E+00 3.27237E+08 1.82433E+11 6.74840E+11 % Pu240
0.00000E+00 6.21626E+08 6.93783E+12 5.29284E+13 % Pu241
0.00000E+00 1.38005E+01 3.01572E+06 4.84584E+07 % Pu242
0.00000E+00 3.06410E+03 6.58665E+08 1.04908E+10 % Am241
0.00000E+00 1.29513E+01 1.25262E+08 4.54687E+09 % Am244
0.00000E+00 9.47357E-03 8.30572E+04 3.01277E+06 % Am245
0.00000E+00 0.00000E+00 0.00000E+00 0.00000E+00 % lost data
9.35579E+09 3.41472E+18 3.80132E+18 3.85861E+18 % total
];

MAT_uco_H = [
0.00000E+00 6.55004E-09 1.07899E-07 1.97901E-07 % H3
0.00000E+00 2.26465E+03 2.29107E+03 2.30033E+03 % Xe135
3.65275E-03 3.64509E-03 3.51887E-03 3.38296E-03 % U235
3.02289E-03 3.02257E-03 3.01716E-03 3.01098E-03 % U238
0.00000E+00 7.99056E-07 1.22855E-02 1.11023E-01 % Pu238
0.00000E+00 3.30703E-02 1.10958E+00 2.12958E+00 % Pu239
0.00000E+00 2.75308E-04 1.53483E-01 5.67750E-01 % Pu240
0.00000E+00 5.33345E-07 5.95254E-03 4.54116E-02 % Pu241
0.00000E+00 1.10157E-11 2.40718E-06 3.86800E-05 % Pu242
0.00000E+00 2.74721E-09 5.90547E-04 9.40584E-03 % Am241
0.00000E+00 2.30063E-12 2.22513E-05 8.07695E-04 % Am244
0.00000E+00 4.77973E-16 4.19051E-09 1.52004E-07 % Am245
0.00000E+00 0.00000E+00 0.00000E+00 0.00000E+00 % lost data
6.67564E-03 1.20639E+06 1.24396E+06 1.23982E+06 % total
];

MAT_uco_SF = [
0.00000E+00 0.00000E+00 0.00000E+00 0.00000E+00 % H3
0.00000E+00 0.00000E+00 0.00000E+00 0.00000E+00 % Xe135
3.55871E-01 3.55125E-01 3.42827E-01 3.29586E-01 % U235
2.40957E+05 2.40932E+05 2.40501E+05 2.40008E+05 % U238
0.00000E+00 1.65989E-03 2.55208E+01 2.30631E+02 % Pu238
0.00000E+00 1.22082E-01 4.09612E+00 7.86155E+00 % Pu239
0.00000E+00 1.86525E+01 1.03987E+04 3.84659E+04 % Pu240
0.00000E+00 0.00000E+00 0.00000E+00 0.00000E+00 % Pu241
0.00000E+00 7.59026E-05 1.65865E+01 2.66521E+02 % Pu242
0.00000E+00 1.31756E-08 2.83226E-03 4.51103E-02 % Am241
0.00000E+00 0.00000E+00 0.00000E+00 0.00000E+00 % Am244
0.00000E+00 0.00000E+00 0.00000E+00 0.00000E+00 % Am245
0.00000E+00 0.00000E+00 0.00000E+00 0.00000E+00 % lost data
2.40958E+05 2.40952E+05 2.51772E+05 3.05855E+05 % total
];

MAT_uco_ING_TOX = [
0.00000E+00 3.01766E-04 4.97099E-03 9.11747E-03 % H3
0.00000E+00 5.27529E+09 5.33683E+09 5.35842E+09 % Xe135
2.32305E+02 2.31817E+02 2.23790E+02 2.15147E+02 % U235
1.98591E+02 1.98571E+02 1.98215E+02 1.97809E+02 % U238
0.00000E+00 2.05255E-01 3.15580E+03 2.85188E+04 % Pu238
0.00000E+00 9.84535E+03 3.30332E+05 6.33996E+05 % Pu239
0.00000E+00 8.18092E+01 4.56082E+04 1.68710E+05 % Pu240
0.00000E+00 2.98381E+00 3.33016E+04 2.54056E+05 % Pu241
0.00000E+00 3.31211E-06 7.23774E-01 1.16300E+01 % Pu242
0.00000E+00 6.12820E-04 1.31733E+02 2.09816E+03 % Am241
0.00000E+00 5.95759E-09 5.76207E-02 2.09156E+00 % Am244
0.00000E+00 5.87361E-13 5.14954E-06 1.86791E-04 % Am245
0.00000E+00 0.00000E+00 0.00000E+00 0.00000E+00 % lost data
4.30896E+02 4.64866E+10 6.22713E+10 6.23168E+10 % total
];

MAT_uco_INH_TOX = [
0.00000E+00 1.86808E-03 3.07728E-02 5.64415E-02 % H3
0.00000E+00 2.76324E+09 2.79548E+09 2.80679E+09 % Xe135
4.20125E+04 4.19244E+04 4.04727E+04 3.89095E+04 % U235
3.53051E+04 3.53014E+04 3.52383E+04 3.51660E+04 % U238
0.00000E+00 9.81656E+01 1.50929E+06 1.36394E+07 % Pu238
0.00000E+00 4.72577E+06 1.58559E+08 3.04318E+08 % Pu239
0.00000E+00 3.92684E+04 2.18919E+07 8.09808E+07 % Pu240
0.00000E+00 1.42974E+03 1.59570E+07 1.21735E+08 % Pu241
0.00000E+00 1.51805E-03 3.31730E+02 5.33042E+03 % Pu242
0.00000E+00 2.94153E-01 6.32319E+04 1.00711E+06 % Am241
0.00000E+00 4.79197E-08 4.63471E-01 1.68234E+01 % Am244
0.00000E+00 5.30520E-13 4.65120E-06 1.68715E-04 % Am245
0.00000E+00 0.00000E+00 0.00000E+00 0.00000E+00 % lost data
7.73176E+04 4.48509E+10 6.00569E+10 6.19945E+10 % total
];

TOT_VOLUME = [ 4.22705E+04 4.22705E+04 4.22705E+04 4.22705E+04 ];

TOT_BURNUP = [ 0.00000E+00 2.40024E-01 4.27243E+00 8.78496E+00 ];

TOT_ADENS = [
0.00000E+00 9.53395E-14 1.57053E-12 2.88056E-12 % H3
0.00000E+00 2.82106E-08 2.85397E-08 2.86552E-08 % Xe135
3.74777E-03 3.73991E-03 3.61040E-03 3.47096E-03 % U235
2.12374E-02 2.12352E-02 2.11972E-02 2.11537E-02 % U238
0.00000E+00 8.42960E-14 1.29605E-09 1.17124E-08 % Pu238
0.00000E+00 1.02265E-06 3.43122E-05 6.58543E-05 % Pu239
0.00000E+00 2.31245E-09 1.28918E-06 4.76882E-06 % Pu240
0.00000E+00 9.56759E-12 1.06782E-07 8.14632E-07 % Pu241
0.00000E+00 5.57394E-15 1.21804E-09 1.95721E-08 % Pu242
0.00000E+00 1.42768E-15 3.06896E-10 4.88804E-09 % Am241
0.00000E+00 1.60721E-23 1.55447E-16 5.64253E-15 % Am244
0.00000E+00 2.38620E-27 2.09204E-20 7.58855E-19 % Am245
0.00000E+00 5.07395E-08 9.06946E-07 1.87115E-06 % lost data
7.04339E-02 7.04401E-02 7.05438E-02 7.06597E-02 % total
];

