
DET1001 = [
    1    1    1    1    1    1    1    1    1    1  4.88298E+18 0.00455 
    2    2    1    1    1    1    1    1    1    1  2.24481E+18 0.00515 
    3    3    1    1    1    1    1    1    1    1  3.83077E+17 0.01031 
];


DET1001E = [
 1.00000E-09  6.25000E-07  3.13000E-07
 6.25000E-07  1.00000E-01  5.00003E-02
 1.00000E-01  2.00000E+01  1.00500E+01
];

DET1002 = [
    1    1    1    1    1    1    1    1    1    1  8.82143E+16 0.00989 
    2    2    1    1    1    1    1    1    1    1  3.59906E+17 0.00536 
    3    3    1    1    1    1    1    1    1    1  2.05264E+17 0.00657 
];


DET1002E = [
 1.00000E-09  6.25000E-07  3.13000E-07
 6.25000E-07  1.00000E-01  5.00003E-02
 1.00000E-01  2.00000E+01  1.00500E+01
];
