
DET1001 = [
    1    1    1    1    1    1    1    1    1    1  4.63078E+18 0.00474 
    2    2    1    1    1    1    1    1    1    1  1.76633E+18 0.00596 
    3    3    1    1    1    1    1    1    1    1  1.64866E+17 0.01230 
];


DET1001E = [
 1.00000E-09  6.25000E-07  3.13000E-07
 6.25000E-07  1.00000E-01  5.00003E-02
 1.00000E-01  2.00000E+01  1.00500E+01
];

DET1002 = [
    1    1    1    1    1    1    1    1    1    1  1.59487E+17 0.00753 
    2    2    1    1    1    1    1    1    1    1  3.98284E+17 0.00502 
    3    3    1    1    1    1    1    1    1    1  1.87379E+17 0.00638 
];


DET1002E = [
 1.00000E-09  6.25000E-07  3.13000E-07
 6.25000E-07  1.00000E-01  5.00003E-02
 1.00000E-01  2.00000E+01  1.00500E+01
];
