
ZAI = [
10030
541350
922350
922380
942380
942390
942400
942410
942420
952410
952440
952450
666
0
];

NAMES = [
'H3              '
'Xe135           '
'U235            '
'U238            '
'Pu238           '
'Pu239           '
'Pu240           '
'Pu241           '
'Pu242           '
'Am241           '
'Am244           '
'Am245           '
'lost            '
'total           '
];

i10030  = 1; iH3               = 1;
i541350 = 2; iXe135            = 2;
i922350 = 3; iU235             = 3;
i922380 = 4; iU238             = 4;
i942380 = 5; iPu238            = 5;
i942390 = 6; iPu239            = 6;
i942400 = 7; iPu240            = 7;
i942410 = 8; iPu241            = 8;
i942420 = 9; iPu242            = 9;
i952410 = 10; iAm241            = 10;
i952440 = 11; iAm244            = 11;
i952450 = 12; iAm245            = 12;
iLOST    = 13;
iTOT     = 14;

MAT_uco_VOLUME = [ 2.13640E+04 2.13640E+04 2.13640E+04 2.13640E+04 ];

MAT_uco_BURNUP = [ 0.00000E+00 4.74894E-01 8.45311E+00 1.73810E+01 ];

MAT_uco_ADENS = [
0.00000E+00 1.15883E-13 1.71982E-12 2.91066E-12 % H3
0.00000E+00 3.81568E-08 3.84592E-08 3.81058E-08 % Xe135
3.74777E-03 3.73245E-03 3.48315E-03 3.22062E-03 % U235
2.12374E-02 2.12336E-02 2.11684E-02 2.10928E-02 % U238
0.00000E+00 1.82197E-13 4.52108E-09 4.38861E-08 % Pu238
0.00000E+00 1.74523E-06 5.38688E-05 9.48739E-05 % Pu239
0.00000E+00 7.33090E-09 3.97433E-06 1.34939E-05 % Pu240
0.00000E+00 4.31912E-11 4.72910E-07 3.24190E-06 % Pu241
0.00000E+00 4.73732E-14 1.04896E-08 1.56525E-07 % Pu242
0.00000E+00 6.36254E-15 1.35383E-09 1.92449E-08 % Am241
0.00000E+00 2.52508E-22 2.59388E-15 8.89264E-14 % Am244
0.00000E+00 6.69091E-26 6.22488E-19 2.14950E-17 % Am245
0.00000E+00 1.00342E-07 1.79939E-06 3.71760E-06 % lost data
7.04339E-02 7.04462E-02 7.06514E-02 7.08806E-02 % total
];

MAT_uco_MDENS = [
0.00000E+00 5.80275E-13 8.61191E-12 1.45749E-11 % H3
0.00000E+00 8.54795E-06 8.61569E-06 8.53652E-06 % Xe135
1.46278E+00 1.45680E+00 1.35949E+00 1.25703E+00 % U235
8.39511E+00 8.39362E+00 8.36783E+00 8.33797E+00 % U238
0.00000E+00 7.20218E-11 1.78717E-06 1.73480E-05 % Pu238
0.00000E+00 6.92789E-04 2.13839E-02 3.76613E-02 % Pu239
0.00000E+00 2.92228E-06 1.58427E-03 5.37903E-03 % Pu240
0.00000E+00 1.72885E-08 1.89295E-04 1.29766E-03 % Pu241
0.00000E+00 1.90419E-11 4.21633E-06 6.29159E-05 % Pu242
0.00000E+00 2.54687E-12 5.41925E-07 7.70354E-06 % Am241
0.00000E+00 1.02338E-19 1.05126E-12 3.60406E-11 % Am244
0.00000E+00 2.72286E-23 2.53321E-16 8.74737E-15 % Am245
0.00000E+00 0.00000E+00 0.00000E+00 0.00000E+00 % lost data
1.10000E+01 1.09999E+01 1.09988E+01 1.09975E+01 % total
];

MAT_uco_A = [
0.00000E+00 4.41379E+06 6.55054E+07 1.10862E+08 % H3
0.00000E+00 1.71724E+16 1.73085E+16 1.71494E+16 % Xe135
2.49807E+09 2.48786E+09 2.32169E+09 2.14670E+09 % U235
2.23045E+09 2.23006E+09 2.22320E+09 2.21527E+09 % U238
0.00000E+00 9.74867E+05 2.41906E+10 2.34818E+11 % Pu238
0.00000E+00 3.39672E+10 1.04844E+12 1.84652E+12 % Pu239
0.00000E+00 5.24315E+08 2.84249E+11 9.65103E+11 % Pu240
0.00000E+00 1.41830E+09 1.55292E+13 1.06456E+14 % Pu241
0.00000E+00 5.92802E+01 1.31261E+07 1.95867E+08 % Pu242
0.00000E+00 6.90159E+03 1.46853E+09 2.08753E+10 % Am241
0.00000E+00 1.02839E+02 1.05641E+09 3.62172E+10 % Am244
0.00000E+00 1.34257E-01 1.24906E+06 4.31310E+07 % Am245
0.00000E+00 0.00000E+00 0.00000E+00 0.00000E+00 % lost data
4.72853E+09 3.35317E+18 3.71520E+18 3.75465E+18 % total
];

MAT_uco_H = [
0.00000E+00 4.02378E-09 5.97173E-08 1.01066E-07 % H3
0.00000E+00 1.54812E+03 1.56039E+03 1.54605E+03 % Xe135
1.84614E-03 1.83859E-03 1.71579E-03 1.58647E-03 % U235
1.52780E-03 1.52753E-03 1.52284E-03 1.51740E-03 % U238
0.00000E+00 8.72883E-07 2.16599E-02 2.10253E-01 % Pu238
0.00000E+00 2.85238E-02 8.80424E-01 1.55061E+00 % Pu239
0.00000E+00 4.41112E-04 2.39142E-01 8.11951E-01 % Pu240
0.00000E+00 1.21688E-06 1.33238E-02 9.13378E-02 % Pu241
0.00000E+00 4.73181E-11 1.04774E-05 1.56343E-04 % Pu242
0.00000E+00 6.18784E-09 1.31665E-03 1.87164E-02 % Am241
0.00000E+00 1.82681E-11 1.87659E-04 6.43353E-03 % Am244
0.00000E+00 6.77372E-15 6.30191E-08 2.17610E-06 % Am245
0.00000E+00 0.00000E+00 0.00000E+00 0.00000E+00 % lost data
3.37394E-03 1.20049E+06 1.22747E+06 1.21373E+06 % total
];

MAT_uco_SF = [
0.00000E+00 0.00000E+00 0.00000E+00 0.00000E+00 % H3
0.00000E+00 0.00000E+00 0.00000E+00 0.00000E+00 % Xe135
1.79861E-01 1.79126E-01 1.67162E-01 1.54563E-01 % U235
1.21783E+05 1.21761E+05 1.21387E+05 1.20954E+05 % U238
0.00000E+00 1.81325E-03 4.49945E+01 4.36761E+02 % Pu238
0.00000E+00 1.05298E-01 3.25017E+00 5.72421E+00 % Pu239
0.00000E+00 2.98859E+01 1.62022E+04 5.50109E+04 % Pu240
0.00000E+00 0.00000E+00 0.00000E+00 0.00000E+00 % Pu241
0.00000E+00 3.26041E-04 7.21934E+01 1.07727E+03 % Pu242
0.00000E+00 2.96768E-08 6.31467E-03 8.97639E-02 % Am241
0.00000E+00 0.00000E+00 0.00000E+00 0.00000E+00 % Am244
0.00000E+00 0.00000E+00 0.00000E+00 0.00000E+00 % Am245
0.00000E+00 0.00000E+00 0.00000E+00 0.00000E+00 % lost data
1.21783E+05 1.21791E+05 1.41047E+05 2.78521E+05 % total
];

MAT_uco_ING_TOX = [
0.00000E+00 1.85379E-04 2.75123E-03 4.65622E-03 % H3
0.00000E+00 3.60621E+09 3.63478E+09 3.60138E+09 % Xe135
1.17409E+02 1.16929E+02 1.09119E+02 1.00895E+02 % U235
1.00370E+02 1.00353E+02 1.00044E+02 9.96872E+01 % U238
0.00000E+00 2.24219E-01 5.56384E+03 5.40081E+04 % Pu238
0.00000E+00 8.49179E+03 2.62111E+05 4.61630E+05 % Pu239
0.00000E+00 1.31079E+02 7.10622E+04 2.41276E+05 % Pu240
0.00000E+00 6.80783E+00 7.45404E+04 5.10991E+05 % Pu241
0.00000E+00 1.42273E-05 3.15026E+00 4.70080E+01 % Pu242
0.00000E+00 1.38032E-03 2.93705E+02 4.17507E+03 % Am241
0.00000E+00 4.73061E-08 4.85951E-01 1.66599E+01 % Am244
0.00000E+00 8.32394E-12 7.74416E-05 2.67412E-03 % Am245
0.00000E+00 0.00000E+00 0.00000E+00 0.00000E+00 % lost data
2.17780E+02 4.47436E+10 6.02750E+10 5.99676E+10 % total
];

MAT_uco_INH_TOX = [
0.00000E+00 1.14759E-03 1.70314E-02 2.88242E-02 % H3
0.00000E+00 1.88897E+09 1.90393E+09 1.88644E+09 % Xe135
2.12336E+04 2.11468E+04 1.97344E+04 1.82470E+04 % U235
1.78436E+04 1.78404E+04 1.77856E+04 1.77222E+04 % U238
0.00000E+00 1.07235E+02 2.66097E+06 2.58300E+07 % Pu238
0.00000E+00 4.07606E+06 1.25813E+08 2.21582E+08 % Pu239
0.00000E+00 6.29178E+04 3.41099E+07 1.15812E+08 % Pu240
0.00000E+00 3.26209E+03 3.57173E+07 2.44850E+08 % Pu241
0.00000E+00 6.52082E-03 1.44387E+03 2.15453E+04 % Pu242
0.00000E+00 6.62552E-01 1.40979E+05 2.00403E+06 % Am241
0.00000E+00 3.80505E-07 3.90874E+00 1.34004E+02 % Am244
0.00000E+00 7.51840E-12 6.99472E-05 2.41534E-03 % Am245
0.00000E+00 0.00000E+00 0.00000E+00 0.00000E+00 % lost data
3.90772E+04 4.38690E+10 5.89354E+10 6.06921E+10 % total
];

TOT_VOLUME = [ 2.13640E+04 2.13640E+04 2.13640E+04 2.13640E+04 ];

TOT_BURNUP = [ 0.00000E+00 4.74894E-01 8.45311E+00 1.73810E+01 ];

TOT_ADENS = [
0.00000E+00 1.15883E-13 1.71982E-12 2.91066E-12 % H3
0.00000E+00 3.81568E-08 3.84592E-08 3.81058E-08 % Xe135
3.74777E-03 3.73245E-03 3.48315E-03 3.22062E-03 % U235
2.12374E-02 2.12336E-02 2.11684E-02 2.10928E-02 % U238
0.00000E+00 1.82197E-13 4.52108E-09 4.38861E-08 % Pu238
0.00000E+00 1.74523E-06 5.38688E-05 9.48739E-05 % Pu239
0.00000E+00 7.33090E-09 3.97433E-06 1.34939E-05 % Pu240
0.00000E+00 4.31912E-11 4.72910E-07 3.24190E-06 % Pu241
0.00000E+00 4.73732E-14 1.04896E-08 1.56525E-07 % Pu242
0.00000E+00 6.36254E-15 1.35383E-09 1.92449E-08 % Am241
0.00000E+00 2.52508E-22 2.59388E-15 8.89264E-14 % Am244
0.00000E+00 6.69091E-26 6.22488E-19 2.14950E-17 % Am245
0.00000E+00 1.00342E-07 1.79939E-06 3.71760E-06 % lost data
7.04339E-02 7.04462E-02 7.06514E-02 7.08806E-02 % total
];

