
DET1001 = [
    1    1    1    1    1    1    1    1    1    1  4.57213E+18 0.00468 
    2    2    1    1    1    1    1    1    1    1  1.72146E+18 0.00594 
    3    3    1    1    1    1    1    1    1    1  1.55410E+17 0.01242 
];


DET1001E = [
 1.00000E-09  6.25000E-07  3.13000E-07
 6.25000E-07  1.00000E-01  5.00003E-02
 1.00000E-01  2.00000E+01  1.00500E+01
];

DET1002 = [
    1    1    1    1    1    1    1    1    1    1  1.58844E+17 0.00740 
    2    2    1    1    1    1    1    1    1    1  3.83376E+17 0.00491 
    3    3    1    1    1    1    1    1    1    1  1.79344E+17 0.00630 
];


DET1002E = [
 1.00000E-09  6.25000E-07  3.13000E-07
 6.25000E-07  1.00000E-01  5.00003E-02
 1.00000E-01  2.00000E+01  1.00500E+01
];
