
DET1001 = [
    1    1    1    1    1    1    1    1    1    1  4.45885E+18 0.00469 
    2    2    1    1    1    1    1    1    1    1  1.68279E+18 0.00613 
    3    3    1    1    1    1    1    1    1    1  1.54387E+17 0.01153 
];


DET1001E = [
 1.00000E-09  6.25000E-07  3.13000E-07
 6.25000E-07  1.00000E-01  5.00003E-02
 1.00000E-01  2.00000E+01  1.00500E+01
];

DET1002 = [
    1    1    1    1    1    1    1    1    1    1  1.59917E+17 0.00744 
    2    2    1    1    1    1    1    1    1    1  3.71510E+17 0.00507 
    3    3    1    1    1    1    1    1    1    1  1.73473E+17 0.00640 
];


DET1002E = [
 1.00000E-09  6.25000E-07  3.13000E-07
 6.25000E-07  1.00000E-01  5.00003E-02
 1.00000E-01  2.00000E+01  1.00500E+01
];
