
DET1001 = [
    1    1    1    1    1    1    1    1    1    1  5.06102E+18 0.00422 
    2    2    1    1    1    1    1    1    1    1  1.90080E+18 0.00604 
    3    3    1    1    1    1    1    1    1    1  1.97770E+17 0.01222 
];


DET1001E = [
 1.00000E-09  6.25000E-07  3.13000E-07
 6.25000E-07  1.00000E-01  5.00003E-02
 1.00000E-01  2.00000E+01  1.00500E+01
];

DET1002 = [
    1    1    1    1    1    1    1    1    1    1  1.57877E+17 0.00765 
    2    2    1    1    1    1    1    1    1    1  3.85150E+17 0.00459 
    3    3    1    1    1    1    1    1    1    1  1.85171E+17 0.00616 
];


DET1002E = [
 1.00000E-09  6.25000E-07  3.13000E-07
 6.25000E-07  1.00000E-01  5.00003E-02
 1.00000E-01  2.00000E+01  1.00500E+01
];
