
DET1001 = [
    1    1    1    1    1    1    1    1    1    1  4.97454E+18 0.00441 
    2    2    1    1    1    1    1    1    1    1  1.86503E+18 0.00573 
    3    3    1    1    1    1    1    1    1    1  1.90053E+17 0.01138 
];


DET1001E = [
 1.00000E-09  6.25000E-07  3.13000E-07
 6.25000E-07  1.00000E-01  5.00003E-02
 1.00000E-01  2.00000E+01  1.00500E+01
];

DET1002 = [
    1    1    1    1    1    1    1    1    1    1  1.57208E+17 0.00753 
    2    2    1    1    1    1    1    1    1    1  3.82182E+17 0.00478 
    3    3    1    1    1    1    1    1    1    1  1.78548E+17 0.00666 
];


DET1002E = [
 1.00000E-09  6.25000E-07  3.13000E-07
 6.25000E-07  1.00000E-01  5.00003E-02
 1.00000E-01  2.00000E+01  1.00500E+01
];
