
DET1001 = [
    1    1    1    1    1    1    1    1    1    1  4.86309E+18 0.00470 
    2    2    1    1    1    1    1    1    1    1  1.80590E+18 0.00621 
    3    3    1    1    1    1    1    1    1    1  1.87009E+17 0.01160 
];


DET1001E = [
 1.00000E-09  6.25000E-07  3.13000E-07
 6.25000E-07  1.00000E-01  5.00003E-02
 1.00000E-01  2.00000E+01  1.00500E+01
];

DET1002 = [
    1    1    1    1    1    1    1    1    1    1  1.57759E+17 0.00731 
    2    2    1    1    1    1    1    1    1    1  3.71418E+17 0.00482 
    3    3    1    1    1    1    1    1    1    1  1.73715E+17 0.00614 
];


DET1002E = [
 1.00000E-09  6.25000E-07  3.13000E-07
 6.25000E-07  1.00000E-01  5.00003E-02
 1.00000E-01  2.00000E+01  1.00500E+01
];
