
DET1001 = [
    1    1    1    1    1    1    1    1    1    1  6.64491E+18 0.00403 
    2    2    1    1    1    1    1    1    1    1  2.26493E+18 0.00533 
    3    3    1    1    1    1    1    1    1    1  3.62236E+17 0.00942 
];


DET1001E = [
 1.00000E-09  6.25000E-07  3.13000E-07
 6.25000E-07  1.00000E-01  5.00003E-02
 1.00000E-01  2.00000E+01  1.00500E+01
];

DET1002 = [
    1    1    1    1    1    1    1    1    1    1  2.41945E+17 0.00663 
    2    2    1    1    1    1    1    1    1    1  4.33430E+17 0.00478 
    3    3    1    1    1    1    1    1    1    1  2.28568E+17 0.00609 
];


DET1002E = [
 1.00000E-09  6.25000E-07  3.13000E-07
 6.25000E-07  1.00000E-01  5.00003E-02
 1.00000E-01  2.00000E+01  1.00500E+01
];
