
ZAI = [
10030
541350
922350
922380
942380
942390
942400
942410
942420
952410
952440
952450
666
0
];

NAMES = [
'H3              '
'Xe135           '
'U235            '
'U238            '
'Pu238           '
'Pu239           '
'Pu240           '
'Pu241           '
'Pu242           '
'Am241           '
'Am244           '
'Am245           '
'lost            '
'total           '
];

i10030  = 1; iH3               = 1;
i541350 = 2; iXe135            = 2;
i922350 = 3; iU235             = 3;
i922380 = 4; iU238             = 4;
i942380 = 5; iPu238            = 5;
i942390 = 6; iPu239            = 6;
i942400 = 7; iPu240            = 7;
i942410 = 8; iPu241            = 8;
i942420 = 9; iPu242            = 9;
i952410 = 10; iAm241            = 10;
i952440 = 11; iAm244            = 11;
i952450 = 12; iAm245            = 12;
iLOST    = 13;
iTOT     = 14;

MAT_uco_VOLUME = [ 1.49548E+04 1.49548E+04 1.49548E+04 1.49548E+04 ];

MAT_uco_BURNUP = [ 0.00000E+00 6.78444E-01 1.20763E+01 2.48313E+01 ];

MAT_uco_ADENS = [
0.00000E+00 1.10905E-13 1.62494E-12 2.73840E-12 % H3
0.00000E+00 4.99211E-08 4.93261E-08 4.79799E-08 % Xe135
4.87458E-03 4.85282E-03 4.49658E-03 4.11719E-03 % U235
2.01233E-02 2.01195E-02 2.00525E-02 1.99749E-02 % U238
0.00000E+00 1.78846E-13 5.99685E-09 6.01925E-08 % Pu238
0.00000E+00 1.78359E-06 5.39339E-05 9.21191E-05 % Pu239
0.00000E+00 8.22444E-09 4.57615E-06 1.54763E-05 % Pu240
0.00000E+00 4.69031E-11 5.27524E-07 3.62661E-06 % Pu241
0.00000E+00 5.90911E-14 1.37660E-08 2.11244E-07 % Pu242
0.00000E+00 6.86528E-15 1.50557E-09 2.12122E-08 % Am241
0.00000E+00 3.03483E-22 3.20240E-15 1.17938E-13 % Am244
0.00000E+00 9.30286E-26 8.94667E-19 3.41927E-17 % Am245
0.00000E+00 1.43339E-07 2.56576E-06 5.29506E-06 % lost data
7.04699E-02 7.04873E-02 7.07803E-02 7.11075E-02 % total
];

MAT_uco_MDENS = [
0.00000E+00 5.55352E-13 8.13679E-12 1.37123E-11 % H3
0.00000E+00 1.11834E-05 1.10501E-05 1.07485E-05 % Xe135
1.90258E+00 1.89408E+00 1.75504E+00 1.60696E+00 % U235
7.95473E+00 7.95320E+00 7.92673E+00 7.89606E+00 % U238
0.00000E+00 7.06971E-11 2.37053E-06 2.37939E-05 % Pu238
0.00000E+00 7.08016E-04 2.14097E-02 3.65678E-02 % Pu239
0.00000E+00 3.27847E-06 1.82417E-03 6.16923E-03 % Pu240
0.00000E+00 1.87743E-08 2.11156E-04 1.45165E-03 % Pu241
0.00000E+00 2.37519E-11 5.53330E-06 8.49104E-05 % Pu242
0.00000E+00 2.74811E-12 6.02667E-07 8.49103E-06 % Am241
0.00000E+00 1.22997E-19 1.29789E-12 4.77987E-11 % Am244
0.00000E+00 3.78579E-23 3.64084E-16 1.39147E-14 % Am245
0.00000E+00 0.00000E+00 0.00000E+00 0.00000E+00 % lost data
1.10000E+01 1.09999E+01 1.09982E+01 1.09963E+01 % total
];

MAT_uco_A = [
0.00000E+00 2.95694E+06 4.33239E+07 7.30107E+07 % H3
0.00000E+00 1.57268E+16 1.55393E+16 1.51153E+16 % Xe135
2.27440E+09 2.26424E+09 2.09803E+09 1.92101E+09 % U235
1.47941E+09 1.47913E+09 1.47420E+09 1.46850E+09 % U238
0.00000E+00 6.69853E+05 2.24607E+10 2.25446E+11 % Pu238
0.00000E+00 2.42995E+10 7.34795E+11 1.25503E+12 % Pu239
0.00000E+00 4.11754E+08 2.29104E+11 7.74814E+11 % Pu240
0.00000E+00 1.07813E+09 1.21258E+13 8.33622E+13 % Pu241
0.00000E+00 5.17601E+01 1.20582E+07 1.85037E+08 % Pu242
0.00000E+00 5.21282E+03 1.14319E+09 1.61064E+10 % Am241
0.00000E+00 8.65197E+01 9.12970E+08 3.36230E+10 % Am244
0.00000E+00 1.30667E-01 1.25664E+06 4.80266E+07 % Am245
0.00000E+00 0.00000E+00 0.00000E+00 0.00000E+00 % lost data
3.75381E+09 3.25728E+18 3.57464E+18 3.60848E+18 % total
];

MAT_uco_H = [
0.00000E+00 2.69566E-09 3.94958E-08 6.65593E-08 % H3
0.00000E+00 1.41780E+03 1.40090E+03 1.36266E+03 % Xe135
1.68084E-03 1.67334E-03 1.55050E-03 1.41968E-03 % U235
1.01336E-03 1.01316E-03 1.00979E-03 1.00588E-03 % U238
0.00000E+00 5.99778E-07 2.01110E-02 2.01862E-01 % Pu238
0.00000E+00 2.04054E-02 6.17040E-01 1.05390E+00 % Pu239
0.00000E+00 3.46413E-04 1.92747E-01 6.51859E-01 % Pu240
0.00000E+00 9.25016E-07 1.04038E-02 7.15233E-02 % Pu241
0.00000E+00 4.13155E-11 9.62495E-06 1.47698E-04 % Pu242
0.00000E+00 4.67372E-09 1.02496E-03 1.44407E-02 % Am241
0.00000E+00 1.53691E-11 1.62178E-04 5.97270E-03 % Am244
0.00000E+00 6.59256E-15 6.34015E-08 2.42310E-06 % Am245
0.00000E+00 0.00000E+00 0.00000E+00 0.00000E+00 % lost data
2.69420E-03 1.19297E+06 1.20885E+06 1.19540E+06 % total
];

MAT_uco_SF = [
0.00000E+00 0.00000E+00 0.00000E+00 0.00000E+00 % H3
0.00000E+00 0.00000E+00 0.00000E+00 0.00000E+00 % Xe135
1.63757E-01 1.63025E-01 1.51058E-01 1.38313E-01 % U235
8.07757E+04 8.07603E+04 8.04915E+04 8.01800E+04 % U238
0.00000E+00 1.24593E-03 4.17770E+01 4.19330E+02 % Pu238
0.00000E+00 7.53286E-02 2.27786E+00 3.89059E+00 % Pu239
0.00000E+00 2.34700E+01 1.30589E+04 4.41644E+04 % Pu240
0.00000E+00 0.00000E+00 0.00000E+00 0.00000E+00 % Pu241
0.00000E+00 2.84681E-04 6.63199E+01 1.01770E+03 % Pu242
0.00000E+00 2.24151E-08 4.91570E-03 6.92577E-02 % Am241
0.00000E+00 0.00000E+00 0.00000E+00 0.00000E+00 % Am244
0.00000E+00 0.00000E+00 0.00000E+00 0.00000E+00 % Am245
0.00000E+00 0.00000E+00 0.00000E+00 0.00000E+00 % lost data
8.07759E+04 8.07840E+04 9.66210E+04 2.16825E+05 % total
];

MAT_uco_ING_TOX = [
0.00000E+00 1.24192E-04 1.81960E-03 3.06645E-03 % H3
0.00000E+00 3.30263E+09 3.26326E+09 3.17420E+09 % Xe135
1.06897E+02 1.06419E+02 9.86074E+01 9.02876E+01 % U235
6.65734E+01 6.65607E+01 6.63391E+01 6.60824E+01 % U238
0.00000E+00 1.54066E-01 5.16597E+03 5.18527E+04 % Pu238
0.00000E+00 6.07489E+03 1.83699E+05 3.13757E+05 % Pu239
0.00000E+00 1.02939E+02 5.72759E+04 1.93703E+05 % Pu240
0.00000E+00 5.17502E+00 5.82039E+04 4.00138E+05 % Pu241
0.00000E+00 1.24224E-05 2.89396E+00 4.44088E+01 % Pu242
0.00000E+00 1.04256E-03 2.28637E+02 3.22129E+03 % Am241
0.00000E+00 3.97991E-08 4.19966E-01 1.54666E+01 % Am244
0.00000E+00 8.10133E-12 7.79115E-05 2.97765E-03 % Am245
0.00000E+00 0.00000E+00 0.00000E+00 0.00000E+00 % lost data
1.73470E+02 4.43768E+10 5.92397E+10 5.87758E+10 % total
];

MAT_uco_INH_TOX = [
0.00000E+00 7.68805E-04 1.12642E-02 1.89828E-02 % H3
0.00000E+00 1.72995E+09 1.70933E+09 1.66268E+09 % Xe135
1.93324E+04 1.92461E+04 1.78333E+04 1.63286E+04 % U235
1.18353E+04 1.18330E+04 1.17936E+04 1.17480E+04 % U238
0.00000E+00 7.36838E+01 2.47068E+06 2.47991E+07 % Pu238
0.00000E+00 2.91595E+06 8.81754E+07 1.50603E+08 % Pu239
0.00000E+00 4.94105E+04 2.74925E+07 9.29777E+07 % Pu240
0.00000E+00 2.47970E+03 2.78894E+07 1.91733E+08 % Pu241
0.00000E+00 5.69361E-03 1.32640E+03 2.03540E+04 % Pu242
0.00000E+00 5.00431E-01 1.09746E+05 1.54622E+06 % Am241
0.00000E+00 3.20123E-07 3.37799E+00 1.24405E+02 % Am244
0.00000E+00 7.31733E-12 7.03717E-05 2.68949E-03 % Am245
0.00000E+00 0.00000E+00 0.00000E+00 0.00000E+00 % lost data
3.11677E+04 4.36207E+10 5.79633E+10 5.94615E+10 % total
];

TOT_VOLUME = [ 1.49548E+04 1.49548E+04 1.49548E+04 1.49548E+04 ];

TOT_BURNUP = [ 0.00000E+00 6.78444E-01 1.20763E+01 2.48313E+01 ];

TOT_ADENS = [
0.00000E+00 1.10905E-13 1.62494E-12 2.73840E-12 % H3
0.00000E+00 4.99211E-08 4.93261E-08 4.79799E-08 % Xe135
4.87458E-03 4.85282E-03 4.49658E-03 4.11719E-03 % U235
2.01233E-02 2.01195E-02 2.00525E-02 1.99749E-02 % U238
0.00000E+00 1.78846E-13 5.99685E-09 6.01925E-08 % Pu238
0.00000E+00 1.78359E-06 5.39339E-05 9.21191E-05 % Pu239
0.00000E+00 8.22444E-09 4.57615E-06 1.54763E-05 % Pu240
0.00000E+00 4.69031E-11 5.27524E-07 3.62661E-06 % Pu241
0.00000E+00 5.90911E-14 1.37660E-08 2.11244E-07 % Pu242
0.00000E+00 6.86528E-15 1.50557E-09 2.12122E-08 % Am241
0.00000E+00 3.03483E-22 3.20240E-15 1.17938E-13 % Am244
0.00000E+00 9.30286E-26 8.94667E-19 3.41927E-17 % Am245
0.00000E+00 1.43339E-07 2.56576E-06 5.29506E-06 % lost data
7.04699E-02 7.04873E-02 7.07803E-02 7.11075E-02 % total
];

