
DET1001 = [
    1    1    1    1    1    1    1    1    1    1  6.42471E+18 0.00409 
    2    2    1    1    1    1    1    1    1    1  2.21274E+18 0.00528 
    3    3    1    1    1    1    1    1    1    1  3.58823E+17 0.00940 
];


DET1001E = [
 1.00000E-09  6.25000E-07  3.13000E-07
 6.25000E-07  1.00000E-01  5.00003E-02
 1.00000E-01  2.00000E+01  1.00500E+01
];

DET1002 = [
    1    1    1    1    1    1    1    1    1    1  2.30128E+17 0.00659 
    2    2    1    1    1    1    1    1    1    1  4.21042E+17 0.00496 
    3    3    1    1    1    1    1    1    1    1  2.18399E+17 0.00631 
];


DET1002E = [
 1.00000E-09  6.25000E-07  3.13000E-07
 6.25000E-07  1.00000E-01  5.00003E-02
 1.00000E-01  2.00000E+01  1.00500E+01
];
