
DET1001 = [
    1    1    1    1    1    1    1    1    1    1  6.14093E+18 0.00409 
    2    2    1    1    1    1    1    1    1    1  2.10485E+18 0.00506 
    3    3    1    1    1    1    1    1    1    1  3.42143E+17 0.01011 
];


DET1001E = [
 1.00000E-09  6.25000E-07  3.13000E-07
 6.25000E-07  1.00000E-01  5.00003E-02
 1.00000E-01  2.00000E+01  1.00500E+01
];

DET1002 = [
    1    1    1    1    1    1    1    1    1    1  2.27382E+17 0.00613 
    2    2    1    1    1    1    1    1    1    1  3.89224E+17 0.00494 
    3    3    1    1    1    1    1    1    1    1  2.02855E+17 0.00591 
];


DET1002E = [
 1.00000E-09  6.25000E-07  3.13000E-07
 6.25000E-07  1.00000E-01  5.00003E-02
 1.00000E-01  2.00000E+01  1.00500E+01
];
