
DET1001 = [
    1    1    1    1    1    1    1    1    1    1  6.22337E+18 0.00428 
    2    2    1    1    1    1    1    1    1    1  2.13450E+18 0.00537 
    3    3    1    1    1    1    1    1    1    1  3.44488E+17 0.00990 
];


DET1001E = [
 1.00000E-09  6.25000E-07  3.13000E-07
 6.25000E-07  1.00000E-01  5.00003E-02
 1.00000E-01  2.00000E+01  1.00500E+01
];

DET1002 = [
    1    1    1    1    1    1    1    1    1    1  2.27806E+17 0.00653 
    2    2    1    1    1    1    1    1    1    1  4.02664E+17 0.00511 
    3    3    1    1    1    1    1    1    1    1  2.08235E+17 0.00613 
];


DET1002E = [
 1.00000E-09  6.25000E-07  3.13000E-07
 6.25000E-07  1.00000E-01  5.00003E-02
 1.00000E-01  2.00000E+01  1.00500E+01
];
