
ZAI = [
10030
541350
922350
922380
942380
942390
942400
942410
942420
952410
952440
952450
666
0
];

NAMES = [
'H3              '
'Xe135           '
'U235            '
'U238            '
'Pu238           '
'Pu239           '
'Pu240           '
'Pu241           '
'Pu242           '
'Am241           '
'Am244           '
'Am245           '
'lost            '
'total           '
];

i10030  = 1; iH3               = 1;
i541350 = 2; iXe135            = 2;
i922350 = 3; iU235             = 3;
i922380 = 4; iU238             = 4;
i942380 = 5; iPu238            = 5;
i942390 = 6; iPu239            = 6;
i942400 = 7; iPu240            = 7;
i942410 = 8; iPu241            = 8;
i942420 = 9; iPu242            = 9;
i952410 = 10; iAm241            = 10;
i952440 = 11; iAm244            = 11;
i952450 = 12; iAm245            = 12;
iLOST    = 13;
iTOT     = 14;

MAT_uco_VOLUME = [ 5.00346E+04 5.00346E+04 5.00346E+04 5.00346E+04 ];

MAT_uco_BURNUP = [ 0.00000E+00 2.02786E-01 3.60960E+00 7.42206E+00 ];

MAT_uco_ADENS = [
0.00000E+00 7.70187E-14 1.29651E-12 2.48272E-12 % H3
0.00000E+00 2.81654E-08 2.83405E-08 2.84264E-08 % Xe135
4.87458E-03 4.86785E-03 4.75606E-03 4.63387E-03 % U235
2.01233E-02 2.01216E-02 2.00922E-02 2.00589E-02 % U238
0.00000E+00 4.82962E-14 6.91019E-10 6.23016E-09 % Pu238
0.00000E+00 7.93844E-07 2.75090E-05 5.44107E-05 % Pu239
0.00000E+00 1.19783E-09 6.66468E-07 2.58133E-06 % Pu240
0.00000E+00 3.83360E-12 4.23850E-08 3.41964E-07 % Pu241
0.00000E+00 1.43883E-15 3.08981E-10 5.23905E-09 % Pu242
0.00000E+00 5.77712E-16 1.22056E-10 2.05311E-09 % Am241
0.00000E+00 2.65645E-24 2.46569E-17 9.05591E-16 % Am244
0.00000E+00 2.61601E-28 2.21808E-21 8.14903E-20 % Am245
0.00000E+00 4.28841E-08 7.65126E-07 1.57660E-06 % lost data
7.04699E-02 7.04751E-02 7.05626E-02 7.06605E-02 % total
];

MAT_uco_MDENS = [
0.00000E+00 3.85666E-13 6.49221E-12 1.24321E-11 % H3
0.00000E+00 6.30966E-06 6.34890E-06 6.36813E-06 % Xe135
1.90258E+00 1.89995E+00 1.85632E+00 1.80863E+00 % U235
7.95473E+00 7.95405E+00 7.94243E+00 7.92924E+00 % U238
0.00000E+00 1.90913E-11 2.73158E-07 2.46276E-06 % Pu238
0.00000E+00 3.15126E-04 1.09200E-02 2.15990E-02 % Pu239
0.00000E+00 4.77485E-07 2.65671E-04 1.02898E-03 % Pu240
0.00000E+00 1.53450E-09 1.69657E-05 1.36880E-04 % Pu241
0.00000E+00 5.78343E-13 1.24196E-07 2.10586E-06 % Pu242
0.00000E+00 2.31253E-13 4.88578E-08 8.21840E-07 % Am241
0.00000E+00 1.07662E-21 9.99308E-15 3.67023E-13 % Am244
0.00000E+00 1.06458E-25 9.02644E-19 3.31624E-17 % Am245
0.00000E+00 0.00000E+00 0.00000E+00 0.00000E+00 % lost data
1.10000E+01 1.10000E+01 1.09995E+01 1.09989E+01 % total
];

MAT_uco_A = [
0.00000E+00 6.87032E+06 1.15653E+08 2.21467E+08 % H3
0.00000E+00 2.96867E+16 2.98713E+16 2.99618E+16 % Xe135
7.60952E+09 7.59901E+09 7.42450E+09 7.23376E+09 % U235
4.94970E+09 4.94928E+09 4.94205E+09 4.93385E+09 % U238
0.00000E+00 6.05208E+05 8.65929E+09 7.80712E+10 % Pu238
0.00000E+00 3.61851E+10 1.25392E+12 2.48016E+12 % Pu239
0.00000E+00 2.00640E+08 1.11635E+11 4.32379E+11 % Pu240
0.00000E+00 2.94826E+08 3.25965E+12 2.62990E+13 % Pu241
0.00000E+00 4.21671E+00 9.05514E+05 1.53538E+07 % Pu242
0.00000E+00 1.46763E+03 3.10073E+08 5.21576E+09 % Am241
0.00000E+00 2.53381E+00 2.35185E+07 8.63781E+08 % Am244
0.00000E+00 1.22936E-03 1.04236E+04 3.82952E+05 % Am245
0.00000E+00 0.00000E+00 0.00000E+00 0.00000E+00 % lost data
1.25592E+10 3.38825E+18 3.76793E+18 3.82926E+18 % total
];

MAT_uco_H = [
0.00000E+00 6.26325E-09 1.05434E-07 2.01897E-07 % H3
0.00000E+00 2.67631E+03 2.69295E+03 2.70111E+03 % Xe135
5.62364E-03 5.61587E-03 5.48690E-03 5.34594E-03 % U235
3.39042E-03 3.39013E-03 3.38518E-03 3.37956E-03 % U238
0.00000E+00 5.41895E-07 7.75341E-03 6.99039E-02 % Pu238
0.00000E+00 3.03862E-02 1.05297E+00 2.08270E+00 % Pu239
0.00000E+00 1.68800E-04 9.39200E-02 3.63765E-01 % Pu240
0.00000E+00 2.52956E-07 2.79673E-03 2.25641E-02 % Pu241
0.00000E+00 3.36582E-12 7.22791E-07 1.22556E-05 % Pu242
0.00000E+00 1.31585E-09 2.78006E-04 4.67635E-03 % Am241
0.00000E+00 4.50099E-13 4.17777E-06 1.53440E-04 % Am244
0.00000E+00 6.20252E-17 5.25903E-10 1.93212E-08 % Am245
0.00000E+00 0.00000E+00 0.00000E+00 0.00000E+00 % lost data
9.01405E-03 1.20463E+06 1.24321E+06 1.24349E+06 % total
];

MAT_uco_SF = [
0.00000E+00 0.00000E+00 0.00000E+00 0.00000E+00 % H3
0.00000E+00 0.00000E+00 0.00000E+00 0.00000E+00 % Xe135
5.47886E-01 5.47129E-01 5.34564E-01 5.20831E-01 % U235
2.70254E+05 2.70231E+05 2.69836E+05 2.69388E+05 % U238
0.00000E+00 1.12569E-03 1.61063E+01 1.45213E+02 % Pu238
0.00000E+00 1.12174E-01 3.88714E+00 7.68849E+00 % Pu239
0.00000E+00 1.14365E+01 6.36322E+03 2.46456E+04 % Pu240
0.00000E+00 0.00000E+00 0.00000E+00 0.00000E+00 % Pu241
0.00000E+00 2.31919E-05 4.98033E+00 8.44460E+01 % Pu242
0.00000E+00 6.31081E-09 1.33331E-03 2.24278E-02 % Am241
0.00000E+00 0.00000E+00 0.00000E+00 0.00000E+00 % Am244
0.00000E+00 0.00000E+00 0.00000E+00 0.00000E+00 % Am245
0.00000E+00 0.00000E+00 0.00000E+00 0.00000E+00 % lost data
2.70254E+05 2.70243E+05 2.76485E+05 3.03154E+05 % total
];

MAT_uco_ING_TOX = [
0.00000E+00 2.88553E-04 4.85744E-03 9.30160E-03 % H3
0.00000E+00 6.23421E+09 6.27298E+09 6.29198E+09 % Xe135
3.57647E+02 3.57154E+02 3.48952E+02 3.39987E+02 % U235
2.22737E+02 2.22718E+02 2.22392E+02 2.22023E+02 % U238
0.00000E+00 1.39198E-01 1.99164E+03 1.79564E+04 % Pu238
0.00000E+00 9.04627E+03 3.13479E+05 6.20039E+05 % Pu239
0.00000E+00 5.01599E+01 2.79088E+04 1.08095E+05 % Pu240
0.00000E+00 1.41517E+00 1.56463E+04 1.26235E+05 % Pu241
0.00000E+00 1.01201E-06 2.17323E-01 3.68491E+00 % Pu242
0.00000E+00 2.93526E-04 6.20146E+01 1.04315E+03 % Am241
0.00000E+00 1.16555E-09 1.08185E-02 3.97339E-01 % Am244
0.00000E+00 7.62202E-14 6.46260E-07 2.37431E-05 % Am245
0.00000E+00 0.00000E+00 0.00000E+00 0.00000E+00 % lost data
5.80384E+02 4.74414E+10 6.30974E+10 6.32086E+10 % total
];

MAT_uco_INH_TOX = [
0.00000E+00 1.78628E-03 3.00698E-02 5.75813E-02 % H3
0.00000E+00 3.26554E+09 3.28585E+09 3.29580E+09 % Xe135
6.46809E+04 6.45916E+04 6.31083E+04 6.14869E+04 % U235
3.95976E+04 3.95942E+04 3.95364E+04 3.94708E+04 % U238
0.00000E+00 6.65729E+01 9.52521E+05 8.58784E+06 % Pu238
0.00000E+00 4.34221E+06 1.50470E+08 2.97619E+08 % Pu239
0.00000E+00 2.40768E+04 1.33962E+07 5.18855E+07 % Pu240
0.00000E+00 6.78100E+02 7.49720E+06 6.04878E+07 % Pu241
0.00000E+00 4.63838E-04 9.96065E+01 1.68892E+03 % Pu242
0.00000E+00 1.40893E-01 2.97670E+04 5.00713E+05 % Am241
0.00000E+00 9.37509E-09 8.70185E-02 3.19599E+00 % Am244
0.00000E+00 6.88440E-14 5.83719E-07 2.14453E-05 % Am245
0.00000E+00 0.00000E+00 0.00000E+00 0.00000E+00 % lost data
1.04279E+05 4.53463E+10 6.03484E+10 6.22328E+10 % total
];

TOT_VOLUME = [ 5.00346E+04 5.00346E+04 5.00346E+04 5.00346E+04 ];

TOT_BURNUP = [ 0.00000E+00 2.02786E-01 3.60960E+00 7.42206E+00 ];

TOT_ADENS = [
0.00000E+00 7.70187E-14 1.29651E-12 2.48272E-12 % H3
0.00000E+00 2.81654E-08 2.83405E-08 2.84264E-08 % Xe135
4.87458E-03 4.86785E-03 4.75606E-03 4.63387E-03 % U235
2.01233E-02 2.01216E-02 2.00922E-02 2.00589E-02 % U238
0.00000E+00 4.82962E-14 6.91019E-10 6.23016E-09 % Pu238
0.00000E+00 7.93844E-07 2.75090E-05 5.44107E-05 % Pu239
0.00000E+00 1.19783E-09 6.66468E-07 2.58133E-06 % Pu240
0.00000E+00 3.83360E-12 4.23850E-08 3.41964E-07 % Pu241
0.00000E+00 1.43883E-15 3.08981E-10 5.23905E-09 % Pu242
0.00000E+00 5.77712E-16 1.22056E-10 2.05311E-09 % Am241
0.00000E+00 2.65645E-24 2.46569E-17 9.05591E-16 % Am244
0.00000E+00 2.61601E-28 2.21808E-21 8.14903E-20 % Am245
0.00000E+00 4.28841E-08 7.65126E-07 1.57660E-06 % lost data
7.04699E-02 7.04751E-02 7.05626E-02 7.06605E-02 % total
];

