
DET1001 = [
    1    1    1    1    1    1    1    1    1    1  4.53575E+18 0.00487 
    2    2    1    1    1    1    1    1    1    1  2.27056E+18 0.00495 
    3    3    1    1    1    1    1    1    1    1  3.93285E+17 0.00922 
];


DET1001E = [
 1.00000E-09  6.25000E-07  3.13000E-07
 6.25000E-07  1.00000E-01  5.00003E-02
 1.00000E-01  2.00000E+01  1.00500E+01
];

DET1002 = [
    1    1    1    1    1    1    1    1    1    1  6.31887E+16 0.01192 
    2    2    1    1    1    1    1    1    1    1  3.44208E+17 0.00545 
    3    3    1    1    1    1    1    1    1    1  1.93993E+17 0.00651 
];


DET1002E = [
 1.00000E-09  6.25000E-07  3.13000E-07
 6.25000E-07  1.00000E-01  5.00003E-02
 1.00000E-01  2.00000E+01  1.00500E+01
];
