
DET1001 = [
    1    1    1    1    1    1    1    1    1    1  4.39703E+18 0.00455 
    2    2    1    1    1    1    1    1    1    1  2.20394E+18 0.00472 
    3    3    1    1    1    1    1    1    1    1  3.80042E+17 0.00959 
];


DET1001E = [
 1.00000E-09  6.25000E-07  3.13000E-07
 6.25000E-07  1.00000E-01  5.00003E-02
 1.00000E-01  2.00000E+01  1.00500E+01
];

DET1002 = [
    1    1    1    1    1    1    1    1    1    1  6.26588E+16 0.01081 
    2    2    1    1    1    1    1    1    1    1  3.34564E+17 0.00511 
    3    3    1    1    1    1    1    1    1    1  1.91489E+17 0.00630 
];


DET1002E = [
 1.00000E-09  6.25000E-07  3.13000E-07
 6.25000E-07  1.00000E-01  5.00003E-02
 1.00000E-01  2.00000E+01  1.00500E+01
];
