
DET1001 = [
    1    1    1    1    1    1    1    1    1    1  4.47104E+18 0.00480 
    2    2    1    1    1    1    1    1    1    1  2.22413E+18 0.00517 
    3    3    1    1    1    1    1    1    1    1  3.83864E+17 0.00939 
];


DET1001E = [
 1.00000E-09  6.25000E-07  3.13000E-07
 6.25000E-07  1.00000E-01  5.00003E-02
 1.00000E-01  2.00000E+01  1.00500E+01
];

DET1002 = [
    1    1    1    1    1    1    1    1    1    1  6.25370E+16 0.01145 
    2    2    1    1    1    1    1    1    1    1  3.37739E+17 0.00508 
    3    3    1    1    1    1    1    1    1    1  1.91823E+17 0.00648 
];


DET1002E = [
 1.00000E-09  6.25000E-07  3.13000E-07
 6.25000E-07  1.00000E-01  5.00003E-02
 1.00000E-01  2.00000E+01  1.00500E+01
];
