
DET1001 = [
    1    1    1    1    1    1    1    1    1    1  4.56470E+18 0.00492 
    2    2    1    1    1    1    1    1    1    1  2.27089E+18 0.00503 
    3    3    1    1    1    1    1    1    1    1  3.88485E+17 0.00969 
];


DET1001E = [
 1.00000E-09  6.25000E-07  3.13000E-07
 6.25000E-07  1.00000E-01  5.00003E-02
 1.00000E-01  2.00000E+01  1.00500E+01
];

DET1002 = [
    1    1    1    1    1    1    1    1    1    1  6.20536E+16 0.01164 
    2    2    1    1    1    1    1    1    1    1  3.53404E+17 0.00505 
    3    3    1    1    1    1    1    1    1    1  2.02166E+17 0.00626 
];


DET1002E = [
 1.00000E-09  6.25000E-07  3.13000E-07
 6.25000E-07  1.00000E-01  5.00003E-02
 1.00000E-01  2.00000E+01  1.00500E+01
];
