
DET1001 = [
    1    1    1    1    1    1    1    1    1    1  5.22597E+18 0.00429 
    2    2    1    1    1    1    1    1    1    1  2.27385E+18 0.00488 
    3    3    1    1    1    1    1    1    1    1  3.78989E+17 0.00978 
];


DET1001E = [
 1.00000E-09  6.25000E-07  3.13000E-07
 6.25000E-07  1.00000E-01  5.00003E-02
 1.00000E-01  2.00000E+01  1.00500E+01
];

DET1002 = [
    1    1    1    1    1    1    1    1    1    1  1.15033E+17 0.00871 
    2    2    1    1    1    1    1    1    1    1  3.80511E+17 0.00514 
    3    3    1    1    1    1    1    1    1    1  2.05757E+17 0.00605 
];


DET1002E = [
 1.00000E-09  6.25000E-07  3.13000E-07
 6.25000E-07  1.00000E-01  5.00003E-02
 1.00000E-01  2.00000E+01  1.00500E+01
];
