
DET1001 = [
    1    1    1    1    1    1    1    1    1    1  5.14205E+18 0.00453 
    2    2    1    1    1    1    1    1    1    1  2.18692E+18 0.00544 
    3    3    1    1    1    1    1    1    1    1  3.62457E+17 0.00902 
];


DET1001E = [
 1.00000E-09  6.25000E-07  3.13000E-07
 6.25000E-07  1.00000E-01  5.00003E-02
 1.00000E-01  2.00000E+01  1.00500E+01
];

DET1002 = [
    1    1    1    1    1    1    1    1    1    1  1.15619E+17 0.00865 
    2    2    1    1    1    1    1    1    1    1  3.65863E+17 0.00497 
    3    3    1    1    1    1    1    1    1    1  1.96022E+17 0.00633 
];


DET1002E = [
 1.00000E-09  6.25000E-07  3.13000E-07
 6.25000E-07  1.00000E-01  5.00003E-02
 1.00000E-01  2.00000E+01  1.00500E+01
];
