
ZAI = [
10030
541350
922350
922380
942380
942390
942400
942410
942420
952410
952440
952450
666
0
];

NAMES = [
'H3              '
'Xe135           '
'U235            '
'U238            '
'Pu238           '
'Pu239           '
'Pu240           '
'Pu241           '
'Pu242           '
'Am241           '
'Am244           '
'Am245           '
'lost            '
'total           '
];

i10030  = 1; iH3               = 1;
i541350 = 2; iXe135            = 2;
i922350 = 3; iU235             = 3;
i922380 = 4; iU238             = 4;
i942380 = 5; iPu238            = 5;
i942390 = 6; iPu239            = 6;
i942400 = 7; iPu240            = 7;
i942410 = 8; iPu241            = 8;
i942420 = 9; iPu242            = 9;
i952410 = 10; iAm241            = 10;
i952440 = 11; iAm244            = 11;
i952450 = 12; iAm245            = 12;
iLOST    = 13;
iTOT     = 14;

MAT_uco_VOLUME = [ 3.09778E+04 3.09778E+04 3.09778E+04 3.09778E+04 ];

MAT_uco_BURNUP = [ 0.00000E+00 3.27530E-01 5.83012E+00 1.19877E+01 ];

MAT_uco_ADENS = [
0.00000E+00 8.19802E-14 1.34535E-12 2.45609E-12 % H3
0.00000E+00 3.69682E-08 3.71691E-08 3.71603E-08 % Xe135
4.87458E-03 4.86390E-03 4.68733E-03 4.49621E-03 % U235
2.01233E-02 2.01209E-02 2.00794E-02 2.00319E-02 % U238
0.00000E+00 7.25899E-14 1.45223E-09 1.38955E-08 % Pu238
0.00000E+00 1.12307E-06 3.74215E-05 7.12638E-05 % Pu239
0.00000E+00 2.63072E-09 1.50333E-06 5.60645E-06 % Pu240
0.00000E+00 1.03139E-11 1.19518E-07 9.23134E-07 % Pu241
0.00000E+00 6.32286E-15 1.44453E-09 2.37795E-08 % Pu242
0.00000E+00 1.53123E-15 3.43161E-10 5.50819E-09 % Am241
0.00000E+00 1.65387E-23 1.61662E-16 6.10232E-15 % Am244
0.00000E+00 2.55441E-27 2.25056E-20 8.60182E-19 % Am245
0.00000E+00 6.92251E-08 1.23649E-06 2.54979E-06 % lost data
7.04699E-02 7.04783E-02 7.06197E-02 7.07778E-02 % total
];

MAT_uco_MDENS = [
0.00000E+00 4.10511E-13 6.73674E-12 1.22987E-11 % H3
0.00000E+00 8.28168E-06 8.32669E-06 8.32473E-06 % Xe135
1.90258E+00 1.89841E+00 1.82949E+00 1.75490E+00 % U235
7.95473E+00 7.95377E+00 7.93737E+00 7.91858E+00 % U238
0.00000E+00 2.86945E-11 5.74061E-07 5.49286E-06 % Pu238
0.00000E+00 4.45816E-04 1.48549E-02 2.82890E-02 % Pu239
0.00000E+00 1.04867E-06 5.99265E-04 2.23488E-03 % Pu240
0.00000E+00 4.12842E-09 4.78403E-05 3.69510E-04 % Pu241
0.00000E+00 2.54150E-12 5.80636E-07 9.55826E-06 % Pu242
0.00000E+00 6.12937E-13 1.37364E-07 2.20488E-06 % Am241
0.00000E+00 6.70289E-21 6.55193E-14 2.47318E-12 % Am244
0.00000E+00 1.03951E-24 9.15864E-18 3.50050E-16 % Am245
0.00000E+00 0.00000E+00 0.00000E+00 0.00000E+00 % lost data
1.10000E+01 1.10000E+01 1.09992E+01 1.09983E+01 % total
];

MAT_uco_A = [
0.00000E+00 4.52762E+06 7.43010E+07 1.35645E+08 % H3
0.00000E+00 2.41243E+16 2.42554E+16 2.42497E+16 % Xe135
4.71126E+09 4.70094E+09 4.53028E+09 4.34557E+09 % U235
3.06450E+09 3.06413E+09 3.05781E+09 3.05057E+09 % U238
0.00000E+00 5.63181E+05 1.12670E+10 1.07807E+11 % Pu238
0.00000E+00 3.16943E+10 1.05608E+12 2.01115E+12 % Pu239
0.00000E+00 2.72820E+08 1.55903E+11 5.81421E+11 % Pu240
0.00000E+00 4.91092E+08 5.69079E+12 4.39546E+13 % Pu241
0.00000E+00 1.14725E+01 2.62103E+06 4.31466E+07 % Pu242
0.00000E+00 2.40839E+03 5.39739E+08 8.66352E+09 % Am241
0.00000E+00 9.76682E+00 9.54685E+07 3.60369E+09 % Am244
0.00000E+00 7.43206E-03 6.54802E+04 2.50270E+06 % Am245
0.00000E+00 0.00000E+00 0.00000E+00 0.00000E+00 % lost data
7.77576E+09 3.33842E+18 3.70290E+18 3.75930E+18 % total
];

MAT_uco_H = [
0.00000E+00 4.12755E-09 6.77357E-08 1.23659E-07 % H3
0.00000E+00 2.17484E+03 2.18667E+03 2.18615E+03 % Xe135
3.48175E-03 3.47412E-03 3.34800E-03 3.21149E-03 % U235
2.09910E-03 2.09885E-03 2.09452E-03 2.08956E-03 % U238
0.00000E+00 5.04265E-07 1.00883E-02 9.65291E-02 % Pu238
0.00000E+00 2.66151E-02 8.86836E-01 1.68885E+00 % Pu239
0.00000E+00 2.29526E-04 1.31163E-01 4.89156E-01 % Pu240
0.00000E+00 4.21348E-07 4.88260E-03 3.77123E-02 % Pu241
0.00000E+00 9.15747E-12 2.09213E-06 3.44401E-05 % Pu242
0.00000E+00 2.15931E-09 4.83920E-04 7.76755E-03 % Am241
0.00000E+00 1.73495E-12 1.69588E-05 6.40149E-04 % Am244
0.00000E+00 3.74972E-16 3.30369E-09 1.26270E-07 % Am245
0.00000E+00 0.00000E+00 0.00000E+00 0.00000E+00 % lost data
5.58085E-03 1.20013E+06 1.23367E+06 1.23028E+06 % total
];

MAT_uco_SF = [
0.00000E+00 0.00000E+00 0.00000E+00 0.00000E+00 % H3
0.00000E+00 0.00000E+00 0.00000E+00 0.00000E+00 % Xe135
3.39211E-01 3.38467E-01 3.26180E-01 3.12881E-01 % U235
1.67321E+05 1.67301E+05 1.66956E+05 1.66561E+05 % U238
0.00000E+00 1.04752E-03 2.09565E+01 2.00521E+02 % Pu238
0.00000E+00 9.82524E-02 3.27384E+00 6.23455E+00 % Pu239
0.00000E+00 1.55507E+01 8.88649E+03 3.31410E+04 % Pu240
0.00000E+00 0.00000E+00 0.00000E+00 0.00000E+00 % Pu241
0.00000E+00 6.30987E-05 1.44156E+01 2.37306E+02 % Pu242
0.00000E+00 1.03561E-08 2.32088E-03 3.72531E-02 % Am241
0.00000E+00 0.00000E+00 0.00000E+00 0.00000E+00 % Am244
0.00000E+00 0.00000E+00 0.00000E+00 0.00000E+00 % Am245
0.00000E+00 0.00000E+00 0.00000E+00 0.00000E+00 % lost data
1.67322E+05 1.67317E+05 1.76579E+05 2.23288E+05 % total
];

MAT_uco_ING_TOX = [
0.00000E+00 1.90160E-04 3.12064E-03 5.69710E-03 % H3
0.00000E+00 5.06610E+09 5.09364E+09 5.09244E+09 % Xe135
2.21429E+02 2.20944E+02 2.12923E+02 2.04242E+02 % U235
1.37902E+02 1.37886E+02 1.37601E+02 1.37276E+02 % U238
0.00000E+00 1.29532E-01 2.59140E+03 2.47956E+04 % Pu238
0.00000E+00 7.92358E+03 2.64020E+05 5.02787E+05 % Pu239
0.00000E+00 6.82050E+01 3.89759E+04 1.45355E+05 % Pu240
0.00000E+00 2.35724E+00 2.73158E+04 2.10982E+05 % Pu241
0.00000E+00 2.75340E-06 6.29046E-01 1.03552E+01 % Pu242
0.00000E+00 4.81677E-04 1.07948E+02 1.73270E+03 % Am241
0.00000E+00 4.49274E-09 4.39155E-02 1.65770E+00 % Am244
0.00000E+00 4.60788E-13 4.05977E-06 1.55168E-04 % Am245
0.00000E+00 0.00000E+00 0.00000E+00 0.00000E+00 % lost data
3.59332E+02 4.62160E+10 6.17518E+10 6.17553E+10 % total
];

MAT_uco_INH_TOX = [
0.00000E+00 1.17718E-03 1.93183E-02 3.52678E-02 % H3
0.00000E+00 2.65367E+09 2.66810E+09 2.66747E+09 % Xe135
4.00457E+04 3.99580E+04 3.85074E+04 3.69373E+04 % U235
2.45160E+04 2.45130E+04 2.44625E+04 2.44046E+04 % U238
0.00000E+00 6.19499E+01 1.23936E+06 1.18588E+07 % Pu238
0.00000E+00 3.80332E+06 1.26729E+08 2.41338E+08 % Pu239
0.00000E+00 3.27384E+04 1.87084E+07 6.97705E+07 % Pu240
0.00000E+00 1.12951E+03 1.30888E+07 1.01096E+08 % Pu241
0.00000E+00 1.26197E-03 2.88313E+02 4.74612E+03 % Pu242
0.00000E+00 2.31205E-01 5.18150E+04 8.31698E+05 % Am241
0.00000E+00 3.61372E-08 3.53233E-01 1.33336E+01 % Am244
0.00000E+00 4.16195E-13 3.66689E-06 1.40151E-04 % Am245
0.00000E+00 0.00000E+00 0.00000E+00 0.00000E+00 % lost data
6.45617E+04 4.46454E+10 5.95625E+10 6.13960E+10 % total
];

TOT_VOLUME = [ 3.09778E+04 3.09778E+04 3.09778E+04 3.09778E+04 ];

TOT_BURNUP = [ 0.00000E+00 3.27530E-01 5.83012E+00 1.19877E+01 ];

TOT_ADENS = [
0.00000E+00 8.19802E-14 1.34535E-12 2.45609E-12 % H3
0.00000E+00 3.69682E-08 3.71691E-08 3.71603E-08 % Xe135
4.87458E-03 4.86390E-03 4.68733E-03 4.49621E-03 % U235
2.01233E-02 2.01209E-02 2.00794E-02 2.00319E-02 % U238
0.00000E+00 7.25899E-14 1.45223E-09 1.38955E-08 % Pu238
0.00000E+00 1.12307E-06 3.74215E-05 7.12638E-05 % Pu239
0.00000E+00 2.63072E-09 1.50333E-06 5.60645E-06 % Pu240
0.00000E+00 1.03139E-11 1.19518E-07 9.23134E-07 % Pu241
0.00000E+00 6.32286E-15 1.44453E-09 2.37795E-08 % Pu242
0.00000E+00 1.53123E-15 3.43161E-10 5.50819E-09 % Am241
0.00000E+00 1.65387E-23 1.61662E-16 6.10232E-15 % Am244
0.00000E+00 2.55441E-27 2.25056E-20 8.60182E-19 % Am245
0.00000E+00 6.92251E-08 1.23649E-06 2.54979E-06 % lost data
7.04699E-02 7.04783E-02 7.06197E-02 7.07778E-02 % total
];

