
DET1001 = [
    1    1    1    1    1    1    1    1    1    1  5.26550E+18 0.00429 
    2    2    1    1    1    1    1    1    1    1  2.29576E+18 0.00490 
    3    3    1    1    1    1    1    1    1    1  3.86553E+17 0.01006 
];


DET1001E = [
 1.00000E-09  6.25000E-07  3.13000E-07
 6.25000E-07  1.00000E-01  5.00003E-02
 1.00000E-01  2.00000E+01  1.00500E+01
];

DET1002 = [
    1    1    1    1    1    1    1    1    1    1  1.17416E+17 0.00816 
    2    2    1    1    1    1    1    1    1    1  3.93276E+17 0.00481 
    3    3    1    1    1    1    1    1    1    1  2.09487E+17 0.00638 
];


DET1002E = [
 1.00000E-09  6.25000E-07  3.13000E-07
 6.25000E-07  1.00000E-01  5.00003E-02
 1.00000E-01  2.00000E+01  1.00500E+01
];
