
ZAI = [
10030
541350
922350
922380
942380
942390
942400
942410
942420
952410
952440
952450
666
0
];

NAMES = [
'H3              '
'Xe135           '
'U235            '
'U238            '
'Pu238           '
'Pu239           '
'Pu240           '
'Pu241           '
'Pu242           '
'Am241           '
'Am244           '
'Am245           '
'lost            '
'total           '
];

i10030  = 1; iH3               = 1;
i541350 = 2; iXe135            = 2;
i922350 = 3; iU235             = 3;
i922380 = 4; iU238             = 4;
i942380 = 5; iPu238            = 5;
i942390 = 6; iPu239            = 6;
i942400 = 7; iPu240            = 7;
i942410 = 8; iPu241            = 8;
i942420 = 9; iPu242            = 9;
i952410 = 10; iAm241            = 10;
i952440 = 11; iAm244            = 11;
i952450 = 12; iAm245            = 12;
iLOST    = 13;
iTOT     = 14;

MAT_uco_VOLUME = [ 2.69784E+04 2.69784E+04 2.69784E+04 2.69784E+04 ];

MAT_uco_BURNUP = [ 0.00000E+00 3.76076E-01 6.69402E+00 1.37643E+01 ];

MAT_uco_ADENS = [
0.00000E+00 9.00998E-14 1.46796E-12 2.58748E-12 % H3
0.00000E+00 3.74620E-08 3.76662E-08 3.75720E-08 % Xe135
4.31104E-03 4.29883E-03 4.09809E-03 3.88265E-03 % U235
2.06805E-02 2.06777E-02 2.06294E-02 2.05738E-02 % U238
0.00000E+00 9.40310E-14 2.19803E-09 2.10999E-08 % Pu238
0.00000E+00 1.29974E-06 4.22688E-05 7.85644E-05 % Pu239
0.00000E+00 3.81749E-09 2.16397E-06 7.84416E-06 % Pu240
0.00000E+00 1.73326E-11 1.99640E-07 1.48162E-06 % Pu241
0.00000E+00 1.30669E-14 3.00565E-09 4.77652E-08 % Pu242
0.00000E+00 2.56527E-15 5.72689E-10 8.83490E-09 % Am241
0.00000E+00 4.38864E-23 4.45275E-16 1.61708E-14 % Am244
0.00000E+00 8.07575E-27 7.42789E-20 2.71142E-18 % Am245
0.00000E+00 7.94712E-08 1.42106E-06 2.93235E-06 % lost data
7.04520E-02 7.04616E-02 7.06240E-02 7.08056E-02 % total
];

MAT_uco_MDENS = [
0.00000E+00 4.51169E-13 7.35072E-12 1.29566E-11 % H3
0.00000E+00 8.39230E-06 8.43805E-06 8.41695E-06 % Xe135
1.68262E+00 1.67786E+00 1.59951E+00 1.51542E+00 % U235
8.17497E+00 8.17386E+00 8.15480E+00 8.13279E+00 % U238
0.00000E+00 3.71702E-11 8.68876E-07 8.34072E-06 % Pu238
0.00000E+00 5.15947E-04 1.67791E-02 3.11871E-02 % Pu239
0.00000E+00 1.52175E-06 8.62616E-04 3.12689E-03 % Pu240
0.00000E+00 6.93787E-09 7.99115E-05 5.93059E-04 % Pu241
0.00000E+00 5.25229E-12 1.20813E-06 1.91994E-05 % Pu242
0.00000E+00 1.02685E-12 2.29242E-07 3.53653E-06 % Am241
0.00000E+00 1.77865E-20 1.80463E-13 6.55379E-12 % Am244
0.00000E+00 3.28642E-24 3.02277E-17 1.10341E-15 % Am245
0.00000E+00 0.00000E+00 0.00000E+00 0.00000E+00 % lost data
1.10000E+01 1.09999E+01 1.09990E+01 1.09980E+01 % total
];

MAT_uco_A = [
0.00000E+00 4.33363E+06 7.06060E+07 1.24453E+08 % H3
0.00000E+00 2.12904E+16 2.14065E+16 2.13530E+16 % Xe135
3.62868E+09 3.61840E+09 3.44944E+09 3.26810E+09 % U235
2.74275E+09 2.74238E+09 2.73599E+09 2.72860E+09 % U238
0.00000E+00 6.35346E+05 1.48516E+10 1.42567E+11 % Pu238
0.00000E+00 3.19446E+10 1.03887E+12 1.93093E+12 % Pu239
0.00000E+00 3.44784E+08 1.95444E+11 7.08461E+11 % Pu240
0.00000E+00 7.18739E+08 8.27855E+12 6.14388E+13 % Pu241
0.00000E+00 2.06482E+01 4.74952E+06 7.54784E+07 % Pu242
0.00000E+00 3.51386E+03 7.84461E+08 1.21019E+10 % Am241
0.00000E+00 2.25709E+01 2.29006E+08 8.31668E+09 % Am244
0.00000E+00 2.04630E-02 1.88214E+05 6.87041E+06 % Am245
0.00000E+00 0.00000E+00 0.00000E+00 0.00000E+00 % lost data
6.37143E+09 3.33786E+18 3.70046E+18 3.75378E+18 % total
];

MAT_uco_H = [
0.00000E+00 3.95070E-09 6.43672E-08 1.13456E-07 % H3
0.00000E+00 1.91937E+03 1.92983E+03 1.92500E+03 % Xe135
2.68169E-03 2.67410E-03 2.54922E-03 2.41521E-03 % U235
1.87872E-03 1.87846E-03 1.87408E-03 1.86902E-03 % U238
0.00000E+00 5.68880E-07 1.32979E-02 1.27653E-01 % Pu238
0.00000E+00 2.68253E-02 8.72387E-01 1.62149E+00 % Pu239
0.00000E+00 2.90071E-04 1.64429E-01 5.96035E-01 % Pu240
0.00000E+00 6.16666E-07 7.10286E-03 5.27135E-02 % Pu241
0.00000E+00 1.64816E-11 3.79112E-06 6.02477E-05 % Pu242
0.00000E+00 3.15046E-09 7.03333E-04 1.08504E-02 % Am241
0.00000E+00 4.00943E-12 4.06800E-05 1.47735E-03 % Am244
0.00000E+00 1.03243E-15 9.49601E-09 3.46635E-07 % Am245
0.00000E+00 0.00000E+00 0.00000E+00 0.00000E+00 % lost data
4.56040E-03 1.19983E+06 1.23103E+06 1.22477E+06 % total
];

MAT_uco_SF = [
0.00000E+00 0.00000E+00 0.00000E+00 0.00000E+00 % H3
0.00000E+00 0.00000E+00 0.00000E+00 0.00000E+00 % Xe135
2.61265E-01 2.60525E-01 2.48359E-01 2.35303E-01 % U235
1.49754E+05 1.49734E+05 1.49385E+05 1.48982E+05 % U238
0.00000E+00 1.18174E-03 2.76240E+01 2.65175E+02 % Pu238
0.00000E+00 9.90284E-02 3.22050E+00 5.98589E+00 % Pu239
0.00000E+00 1.96527E+01 1.11403E+04 4.03823E+04 % Pu240
0.00000E+00 0.00000E+00 0.00000E+00 0.00000E+00 % Pu241
0.00000E+00 1.13565E-04 2.61224E+01 4.15131E+02 % Pu242
0.00000E+00 1.51096E-08 3.37318E-03 5.20382E-02 % Am241
0.00000E+00 0.00000E+00 0.00000E+00 0.00000E+00 % Am244
0.00000E+00 0.00000E+00 0.00000E+00 0.00000E+00 % Am245
0.00000E+00 0.00000E+00 0.00000E+00 0.00000E+00 % lost data
1.49755E+05 1.49754E+05 1.61819E+05 2.29853E+05 % total
];

MAT_uco_ING_TOX = [
0.00000E+00 1.82012E-04 2.96545E-03 5.22701E-03 % H3
0.00000E+00 4.47099E+09 4.49536E+09 4.48412E+09 % Xe135
1.70548E+02 1.70065E+02 1.62123E+02 1.53601E+02 % U235
1.23424E+02 1.23407E+02 1.23119E+02 1.22787E+02 % U238
0.00000E+00 1.46129E-01 3.41587E+03 3.27904E+04 % Pu238
0.00000E+00 7.98616E+03 2.59718E+05 4.82733E+05 % Pu239
0.00000E+00 8.61960E+01 4.88609E+04 1.77115E+05 % Pu240
0.00000E+00 3.44995E+00 3.97370E+04 2.94906E+05 % Pu241
0.00000E+00 4.95558E-06 1.13989E+00 1.81148E+01 % Pu242
0.00000E+00 7.02773E-04 1.56892E+02 2.42038E+03 % Am241
0.00000E+00 1.03826E-08 1.05343E-01 3.82567E+00 % Am244
0.00000E+00 1.26870E-12 1.16693E-05 4.25965E-04 % Am245
0.00000E+00 0.00000E+00 0.00000E+00 0.00000E+00 % lost data
2.93972E+02 4.56118E+10 6.11282E+10 6.10558E+10 % total
];

MAT_uco_INH_TOX = [
0.00000E+00 1.12674E-03 1.83576E-02 3.23577E-02 % H3
0.00000E+00 2.34195E+09 2.35471E+09 2.34883E+09 % Xe135
3.08438E+04 3.07564E+04 2.93202E+04 2.77789E+04 % U235
2.19420E+04 2.19391E+04 2.18879E+04 2.18288E+04 % U238
0.00000E+00 6.98880E+01 1.63368E+06 1.56824E+07 % Pu238
0.00000E+00 3.83336E+06 1.24665E+08 2.31712E+08 % Pu239
0.00000E+00 4.13741E+04 2.34532E+07 8.50153E+07 % Pu240
0.00000E+00 1.65310E+03 1.90407E+07 1.41309E+08 % Pu241
0.00000E+00 2.27131E-03 5.22447E+02 8.30263E+03 % Pu242
0.00000E+00 3.37331E-01 7.53082E+04 1.16178E+06 % Am241
0.00000E+00 8.35122E-08 8.47321E-01 3.07717E+01 % Am244
0.00000E+00 1.14593E-12 1.05400E-05 3.84743E-04 % Am245
0.00000E+00 0.00000E+00 0.00000E+00 0.00000E+00 % lost data
5.27858E+04 4.43216E+10 5.92658E+10 6.10929E+10 % total
];

TOT_VOLUME = [ 2.69784E+04 2.69784E+04 2.69784E+04 2.69784E+04 ];

TOT_BURNUP = [ 0.00000E+00 3.76076E-01 6.69402E+00 1.37643E+01 ];

TOT_ADENS = [
0.00000E+00 9.00998E-14 1.46796E-12 2.58748E-12 % H3
0.00000E+00 3.74620E-08 3.76662E-08 3.75720E-08 % Xe135
4.31104E-03 4.29883E-03 4.09809E-03 3.88265E-03 % U235
2.06805E-02 2.06777E-02 2.06294E-02 2.05738E-02 % U238
0.00000E+00 9.40310E-14 2.19803E-09 2.10999E-08 % Pu238
0.00000E+00 1.29974E-06 4.22688E-05 7.85644E-05 % Pu239
0.00000E+00 3.81749E-09 2.16397E-06 7.84416E-06 % Pu240
0.00000E+00 1.73326E-11 1.99640E-07 1.48162E-06 % Pu241
0.00000E+00 1.30669E-14 3.00565E-09 4.77652E-08 % Pu242
0.00000E+00 2.56527E-15 5.72689E-10 8.83490E-09 % Am241
0.00000E+00 4.38864E-23 4.45275E-16 1.61708E-14 % Am244
0.00000E+00 8.07575E-27 7.42789E-20 2.71142E-18 % Am245
0.00000E+00 7.94712E-08 1.42106E-06 2.93235E-06 % lost data
7.04520E-02 7.04616E-02 7.06240E-02 7.08056E-02 % total
];

