
DET1001 = [
    1    1    1    1    1    1    1    1    1    1  4.35734E+18 0.00449 
    2    2    1    1    1    1    1    1    1    1  1.72378E+18 0.00606 
    3    3    1    1    1    1    1    1    1    1  1.55408E+17 0.01248 
];


DET1001E = [
 1.00000E-09  6.25000E-07  3.13000E-07
 6.25000E-07  1.00000E-01  5.00003E-02
 1.00000E-01  2.00000E+01  1.00500E+01
];

DET1002 = [
    1    1    1    1    1    1    1    1    1    1  1.32797E+17 0.00774 
    2    2    1    1    1    1    1    1    1    1  3.69552E+17 0.00468 
    3    3    1    1    1    1    1    1    1    1  1.73072E+17 0.00593 
];


DET1002E = [
 1.00000E-09  6.25000E-07  3.13000E-07
 6.25000E-07  1.00000E-01  5.00003E-02
 1.00000E-01  2.00000E+01  1.00500E+01
];
