
DET1001 = [
    1    1    1    1    1    1    1    1    1    1  4.25630E+18 0.00470 
    2    2    1    1    1    1    1    1    1    1  1.69864E+18 0.00568 
    3    3    1    1    1    1    1    1    1    1  1.55753E+17 0.01209 
];


DET1001E = [
 1.00000E-09  6.25000E-07  3.13000E-07
 6.25000E-07  1.00000E-01  5.00003E-02
 1.00000E-01  2.00000E+01  1.00500E+01
];

DET1002 = [
    1    1    1    1    1    1    1    1    1    1  1.31752E+17 0.00747 
    2    2    1    1    1    1    1    1    1    1  3.65001E+17 0.00464 
    3    3    1    1    1    1    1    1    1    1  1.67358E+17 0.00607 
];


DET1002E = [
 1.00000E-09  6.25000E-07  3.13000E-07
 6.25000E-07  1.00000E-01  5.00003E-02
 1.00000E-01  2.00000E+01  1.00500E+01
];
