
DET1001 = [
    1    1    1    1    1    1    1    1    1    1  4.41367E+18 0.00508 
    2    2    1    1    1    1    1    1    1    1  1.77031E+18 0.00628 
    3    3    1    1    1    1    1    1    1    1  1.63558E+17 0.01214 
];


DET1001E = [
 1.00000E-09  6.25000E-07  3.13000E-07
 6.25000E-07  1.00000E-01  5.00003E-02
 1.00000E-01  2.00000E+01  1.00500E+01
];

DET1002 = [
    1    1    1    1    1    1    1    1    1    1  1.31276E+17 0.00801 
    2    2    1    1    1    1    1    1    1    1  3.83005E+17 0.00485 
    3    3    1    1    1    1    1    1    1    1  1.76612E+17 0.00648 
];


DET1002E = [
 1.00000E-09  6.25000E-07  3.13000E-07
 6.25000E-07  1.00000E-01  5.00003E-02
 1.00000E-01  2.00000E+01  1.00500E+01
];
