
DET1001 = [
    1    1    1    1    1    1    1    1    1    1  4.47709E+18 0.00471 
    2    2    1    1    1    1    1    1    1    1  1.80242E+18 0.00597 
    3    3    1    1    1    1    1    1    1    1  1.64390E+17 0.01222 
];


DET1001E = [
 1.00000E-09  6.25000E-07  3.13000E-07
 6.25000E-07  1.00000E-01  5.00003E-02
 1.00000E-01  2.00000E+01  1.00500E+01
];

DET1002 = [
    1    1    1    1    1    1    1    1    1    1  1.32302E+17 0.00743 
    2    2    1    1    1    1    1    1    1    1  3.90986E+17 0.00483 
    3    3    1    1    1    1    1    1    1    1  1.83863E+17 0.00669 
];


DET1002E = [
 1.00000E-09  6.25000E-07  3.13000E-07
 6.25000E-07  1.00000E-01  5.00003E-02
 1.00000E-01  2.00000E+01  1.00500E+01
];
