
ZAI = [
10030
541350
922350
922380
942380
942390
942400
942410
942420
952410
952440
952450
666
0
];

NAMES = [
'H3              '
'Xe135           '
'U235            '
'U238            '
'Pu238           '
'Pu239           '
'Pu240           '
'Pu241           '
'Pu242           '
'Am241           '
'Am244           '
'Am245           '
'lost            '
'total           '
];

i10030  = 1; iH3               = 1;
i541350 = 2; iXe135            = 2;
i922350 = 3; iU235             = 3;
i922380 = 4; iU238             = 4;
i942380 = 5; iPu238            = 5;
i942390 = 6; iPu239            = 6;
i942400 = 7; iPu240            = 7;
i942410 = 8; iPu241            = 8;
i942420 = 9; iPu242            = 9;
i952410 = 10; iAm241            = 10;
i952440 = 11; iAm244            = 11;
i952450 = 12; iAm245            = 12;
iLOST    = 13;
iTOT     = 14;

MAT_uco_VOLUME = [ 1.77016E+04 1.77016E+04 1.77016E+04 1.77016E+04 ];

MAT_uco_BURNUP = [ 0.00000E+00 5.73163E-01 1.02022E+01 2.09775E+01 ];

MAT_uco_ADENS = [
0.00000E+00 9.22885E-14 1.41866E-12 2.32775E-12 % H3
0.00000E+00 4.30096E-08 4.27205E-08 4.17887E-08 % Xe135
4.31104E-03 4.29268E-03 3.99255E-03 3.67339E-03 % U235
2.06805E-02 2.06769E-02 2.06155E-02 2.05445E-02 % U238
0.00000E+00 1.35519E-13 4.14201E-09 4.10413E-08 % Pu238
0.00000E+00 1.64653E-06 5.02027E-05 8.67522E-05 % Pu239
0.00000E+00 7.10650E-09 4.02706E-06 1.38556E-05 % Pu240
0.00000E+00 3.63423E-11 4.15533E-07 2.92755E-06 % Pu241
0.00000E+00 4.23816E-14 9.94339E-09 1.55268E-07 % Pu242
0.00000E+00 5.31410E-15 1.18668E-09 1.71840E-08 % Am241
0.00000E+00 1.64251E-22 1.84345E-15 6.53724E-14 % Am244
0.00000E+00 4.59655E-26 4.67208E-19 1.70274E-17 % Am245
0.00000E+00 1.21081E-07 2.16793E-06 4.47488E-06 % lost data
7.04520E-02 7.04667E-02 7.07143E-02 7.09907E-02 % total
];

MAT_uco_MDENS = [
0.00000E+00 4.62129E-13 7.10383E-12 1.16560E-11 % H3
0.00000E+00 9.63510E-06 9.57031E-06 9.36159E-06 % Xe135
1.68262E+00 1.67546E+00 1.55832E+00 1.43375E+00 % U235
8.17497E+00 8.17357E+00 8.14928E+00 8.12122E+00 % U238
0.00000E+00 5.35703E-11 1.63732E-06 1.62235E-05 % Pu238
0.00000E+00 6.53609E-04 1.99285E-02 3.44373E-02 % Pu239
0.00000E+00 2.83283E-06 1.60529E-03 5.52318E-03 % Pu240
0.00000E+00 1.45470E-08 1.66328E-04 1.17183E-03 % Pu241
0.00000E+00 1.70354E-11 3.99679E-06 6.24106E-05 % Pu242
0.00000E+00 2.12718E-12 4.75018E-07 6.87861E-06 % Am241
0.00000E+00 6.65684E-20 7.47122E-13 2.64945E-11 % Am244
0.00000E+00 1.87056E-23 1.90130E-16 6.92928E-15 % Am245
0.00000E+00 0.00000E+00 0.00000E+00 0.00000E+00 % lost data
1.10000E+01 1.09999E+01 1.09985E+01 1.09969E+01 % total
];

MAT_uco_A = [
0.00000E+00 2.91254E+06 4.47714E+07 7.34614E+07 % H3
0.00000E+00 1.60382E+16 1.59304E+16 1.55829E+16 % Xe135
2.38092E+09 2.37078E+09 2.20503E+09 2.02876E+09 % U235
1.79963E+09 1.79932E+09 1.79397E+09 1.78780E+09 % U238
0.00000E+00 6.00808E+05 1.83631E+10 1.81951E+11 % Pu238
0.00000E+00 2.65526E+10 8.09588E+11 1.39900E+12 % Pu239
0.00000E+00 4.21134E+08 2.38646E+11 8.21087E+11 % Pu240
0.00000E+00 9.88814E+08 1.13060E+13 7.96539E+13 % Pu241
0.00000E+00 4.39424E+01 1.03096E+07 1.60986E+08 % Pu242
0.00000E+00 4.77615E+03 1.06655E+09 1.54445E+10 % Am241
0.00000E+00 5.54270E+01 6.22078E+08 2.20602E+10 % Am244
0.00000E+00 7.64212E-02 7.76769E+05 2.83094E+07 % Am245
0.00000E+00 0.00000E+00 0.00000E+00 0.00000E+00 % lost data
4.18055E+09 3.27945E+18 3.60905E+18 3.64434E+18 % total
];

MAT_uco_H = [
0.00000E+00 2.65518E-09 4.08154E-08 6.69703E-08 % H3
0.00000E+00 1.44587E+03 1.43615E+03 1.40483E+03 % Xe135
1.75956E-03 1.75207E-03 1.62957E-03 1.49930E-03 % U235
1.23270E-03 1.23249E-03 1.22883E-03 1.22459E-03 % U238
0.00000E+00 5.37955E-07 1.64421E-02 1.62917E-01 % Pu238
0.00000E+00 2.22974E-02 6.79847E-01 1.17480E+00 % Pu239
0.00000E+00 3.54305E-04 2.00775E-01 6.90789E-01 % Pu240
0.00000E+00 8.48386E-07 9.70032E-03 6.83417E-02 % Pu241
0.00000E+00 3.50753E-11 8.22923E-06 1.28501E-04 % Pu242
0.00000E+00 4.28221E-09 9.56253E-04 1.38472E-02 % Am241
0.00000E+00 9.84592E-12 1.10504E-04 3.91871E-03 % Am244
0.00000E+00 3.85570E-15 3.91906E-08 1.42830E-06 % Am245
0.00000E+00 0.00000E+00 0.00000E+00 0.00000E+00 % lost data
2.99226E-03 1.19466E+06 1.21431E+06 1.20128E+06 % total
];

MAT_uco_SF = [
0.00000E+00 0.00000E+00 0.00000E+00 0.00000E+00 % H3
0.00000E+00 0.00000E+00 0.00000E+00 0.00000E+00 % Xe135
1.71426E-01 1.70696E-01 1.58762E-01 1.46070E-01 % U235
9.82597E+04 9.82428E+04 9.79510E+04 9.76136E+04 % U238
0.00000E+00 1.11750E-03 3.41554E+01 3.38430E+02 % Pu238
0.00000E+00 8.23131E-02 2.50972E+00 4.33690E+00 % Pu239
0.00000E+00 2.40047E+01 1.36028E+04 4.68020E+04 % Pu240
0.00000E+00 0.00000E+00 0.00000E+00 0.00000E+00 % Pu241
0.00000E+00 2.41683E-04 5.67027E+01 8.85424E+02 % Pu242
0.00000E+00 2.05374E-08 4.58618E-03 6.64113E-02 % Am241
0.00000E+00 0.00000E+00 0.00000E+00 0.00000E+00 % Am244
0.00000E+00 0.00000E+00 0.00000E+00 0.00000E+00 % Am245
0.00000E+00 0.00000E+00 0.00000E+00 0.00000E+00 % lost data
9.82599E+04 9.82671E+04 1.14143E+05 2.23570E+05 % total
];

MAT_uco_ING_TOX = [
0.00000E+00 1.22326E-04 1.88040E-03 3.08538E-03 % H3
0.00000E+00 3.36802E+09 3.34538E+09 3.27241E+09 % Xe135
1.11903E+02 1.11427E+02 1.03636E+02 9.53516E+01 % U235
8.09833E+01 8.09694E+01 8.07288E+01 8.04508E+01 % U238
0.00000E+00 1.38186E-01 4.22352E+03 4.18488E+04 % Pu238
0.00000E+00 6.63815E+03 2.02397E+05 3.49750E+05 % Pu239
0.00000E+00 1.05284E+02 5.96614E+04 2.05272E+05 % Pu240
0.00000E+00 4.74631E+00 5.42686E+04 3.82339E+05 % Pu241
0.00000E+00 1.05462E-05 2.47430E+00 3.86367E+01 % Pu242
0.00000E+00 9.55230E-04 2.13311E+02 3.08890E+03 % Am241
0.00000E+00 2.54964E-08 2.86156E-01 1.01477E+01 % Am244
0.00000E+00 4.73811E-12 4.81597E-05 1.75518E-03 % Am245
0.00000E+00 0.00000E+00 0.00000E+00 0.00000E+00 % lost data
1.92886E+02 4.44522E+10 5.95164E+10 5.91141E+10 % total
];

MAT_uco_INH_TOX = [
0.00000E+00 7.57259E-04 1.16406E-02 1.91000E-02 % H3
0.00000E+00 1.76420E+09 1.75234E+09 1.71412E+09 % Xe135
2.02378E+04 2.01516E+04 1.87427E+04 1.72444E+04 % U235
1.43970E+04 1.43946E+04 1.43518E+04 1.43024E+04 % U238
0.00000E+00 6.60888E+01 2.01994E+06 2.00147E+07 % Pu238
0.00000E+00 3.18631E+06 9.71506E+07 1.67880E+08 % Pu239
0.00000E+00 5.05361E+04 2.86375E+07 9.85304E+07 % Pu240
0.00000E+00 2.27427E+03 2.60037E+07 1.83204E+08 % Pu241
0.00000E+00 4.83366E-03 1.13405E+03 1.77085E+04 % Pu242
0.00000E+00 4.58511E-01 1.02389E+05 1.48267E+06 % Am241
0.00000E+00 2.05080E-07 2.30169E+00 8.16226E+01 % Am244
0.00000E+00 4.27959E-12 4.34991E-05 1.58532E-03 % Am245
0.00000E+00 0.00000E+00 0.00000E+00 0.00000E+00 % lost data
3.46348E+04 4.36659E+10 5.82119E+10 5.97691E+10 % total
];

TOT_VOLUME = [ 1.77016E+04 1.77016E+04 1.77016E+04 1.77016E+04 ];

TOT_BURNUP = [ 0.00000E+00 5.73163E-01 1.02022E+01 2.09775E+01 ];

TOT_ADENS = [
0.00000E+00 9.22885E-14 1.41866E-12 2.32775E-12 % H3
0.00000E+00 4.30096E-08 4.27205E-08 4.17887E-08 % Xe135
4.31104E-03 4.29268E-03 3.99255E-03 3.67339E-03 % U235
2.06805E-02 2.06769E-02 2.06155E-02 2.05445E-02 % U238
0.00000E+00 1.35519E-13 4.14201E-09 4.10413E-08 % Pu238
0.00000E+00 1.64653E-06 5.02027E-05 8.67522E-05 % Pu239
0.00000E+00 7.10650E-09 4.02706E-06 1.38556E-05 % Pu240
0.00000E+00 3.63423E-11 4.15533E-07 2.92755E-06 % Pu241
0.00000E+00 4.23816E-14 9.94339E-09 1.55268E-07 % Pu242
0.00000E+00 5.31410E-15 1.18668E-09 1.71840E-08 % Am241
0.00000E+00 1.64251E-22 1.84345E-15 6.53724E-14 % Am244
0.00000E+00 4.59655E-26 4.67208E-19 1.70274E-17 % Am245
0.00000E+00 1.21081E-07 2.16793E-06 4.47488E-06 % lost data
7.04520E-02 7.04667E-02 7.07143E-02 7.09907E-02 % total
];

