
DET1001 = [
    1    1    1    1    1    1    1    1    1    1  6.09314E+18 0.00419 
    2    2    1    1    1    1    1    1    1    1  2.01653E+18 0.00540 
    3    3    1    1    1    1    1    1    1    1  2.02436E+17 0.01113 
];


DET1001E = [
 1.00000E-09  6.25000E-07  3.13000E-07
 6.25000E-07  1.00000E-01  5.00003E-02
 1.00000E-01  2.00000E+01  1.00500E+01
];

DET1002 = [
    1    1    1    1    1    1    1    1    1    1  2.58666E+17 0.00592 
    2    2    1    1    1    1    1    1    1    1  4.25029E+17 0.00462 
    3    3    1    1    1    1    1    1    1    1  1.95877E+17 0.00627 
];


DET1002E = [
 1.00000E-09  6.25000E-07  3.13000E-07
 6.25000E-07  1.00000E-01  5.00003E-02
 1.00000E-01  2.00000E+01  1.00500E+01
];
