
DET1001 = [
    1    1    1    1    1    1    1    1    1    1  6.45975E+18 0.00430 
    2    2    1    1    1    1    1    1    1    1  2.10360E+18 0.00595 
    3    3    1    1    1    1    1    1    1    1  2.17036E+17 0.01116 
];


DET1001E = [
 1.00000E-09  6.25000E-07  3.13000E-07
 6.25000E-07  1.00000E-01  5.00003E-02
 1.00000E-01  2.00000E+01  1.00500E+01
];

DET1002 = [
    1    1    1    1    1    1    1    1    1    1  2.75143E+17 0.00615 
    2    2    1    1    1    1    1    1    1    1  4.57930E+17 0.00459 
    3    3    1    1    1    1    1    1    1    1  2.10517E+17 0.00603 
];


DET1002E = [
 1.00000E-09  6.25000E-07  3.13000E-07
 6.25000E-07  1.00000E-01  5.00003E-02
 1.00000E-01  2.00000E+01  1.00500E+01
];
