
DET1001 = [
    1    1    1    1    1    1    1    1    1    1  5.99377E+18 0.00435 
    2    2    1    1    1    1    1    1    1    1  1.95373E+18 0.00577 
    3    3    1    1    1    1    1    1    1    1  1.98776E+17 0.01120 
];


DET1001E = [
 1.00000E-09  6.25000E-07  3.13000E-07
 6.25000E-07  1.00000E-01  5.00003E-02
 1.00000E-01  2.00000E+01  1.00500E+01
];

DET1002 = [
    1    1    1    1    1    1    1    1    1    1  2.60829E+17 0.00587 
    2    2    1    1    1    1    1    1    1    1  4.16749E+17 0.00503 
    3    3    1    1    1    1    1    1    1    1  1.87931E+17 0.00589 
];


DET1002E = [
 1.00000E-09  6.25000E-07  3.13000E-07
 6.25000E-07  1.00000E-01  5.00003E-02
 1.00000E-01  2.00000E+01  1.00500E+01
];
