
DET1001 = [
    1    1    1    1    1    1    1    1    1    1  6.27124E+18 0.00454 
    2    2    1    1    1    1    1    1    1    1  2.08053E+18 0.00588 
    3    3    1    1    1    1    1    1    1    1  2.08323E+17 0.01124 
];


DET1001E = [
 1.00000E-09  6.25000E-07  3.13000E-07
 6.25000E-07  1.00000E-01  5.00003E-02
 1.00000E-01  2.00000E+01  1.00500E+01
];

DET1002 = [
    1    1    1    1    1    1    1    1    1    1  2.63047E+17 0.00598 
    2    2    1    1    1    1    1    1    1    1  4.44522E+17 0.00475 
    3    3    1    1    1    1    1    1    1    1  2.02342E+17 0.00613 
];


DET1002E = [
 1.00000E-09  6.25000E-07  3.13000E-07
 6.25000E-07  1.00000E-01  5.00003E-02
 1.00000E-01  2.00000E+01  1.00500E+01
];
