
DET1001 = [
    1    1    1    1    1    1    1    1    1    1  5.04707E+18 0.00435 
    2    2    1    1    1    1    1    1    1    1  2.05126E+18 0.00492 
    3    3    1    1    1    1    1    1    1    1  3.42363E+17 0.00998 
];


DET1001E = [
 1.00000E-09  6.25000E-07  3.13000E-07
 6.25000E-07  1.00000E-01  5.00003E-02
 1.00000E-01  2.00000E+01  1.00500E+01
];

DET1002 = [
    1    1    1    1    1    1    1    1    1    1  1.31213E+17 0.00803 
    2    2    1    1    1    1    1    1    1    1  3.54416E+17 0.00506 
    3    3    1    1    1    1    1    1    1    1  1.92880E+17 0.00667 
];


DET1002E = [
 1.00000E-09  6.25000E-07  3.13000E-07
 6.25000E-07  1.00000E-01  5.00003E-02
 1.00000E-01  2.00000E+01  1.00500E+01
];
