
ZAI = [
10030
541350
922350
922380
942380
942390
942400
942410
942420
952410
952440
952450
666
0
];

NAMES = [
'H3              '
'Xe135           '
'U235            '
'U238            '
'Pu238           '
'Pu239           '
'Pu240           '
'Pu241           '
'Pu242           '
'Am241           '
'Am244           '
'Am245           '
'lost            '
'total           '
];

i10030  = 1; iH3               = 1;
i541350 = 2; iXe135            = 2;
i922350 = 3; iU235             = 3;
i922380 = 4; iU238             = 4;
i942380 = 5; iPu238            = 5;
i942390 = 6; iPu239            = 6;
i942400 = 7; iPu240            = 7;
i942410 = 8; iPu241            = 8;
i942420 = 9; iPu242            = 9;
i952410 = 10; iAm241            = 10;
i952440 = 11; iAm244            = 11;
i952450 = 12; iAm245            = 12;
iLOST    = 13;
iTOT     = 14;

MAT_uco_VOLUME = [ 2.41547E+04 2.41547E+04 2.41547E+04 2.41547E+04 ];

MAT_uco_BURNUP = [ 0.00000E+00 4.20052E-01 7.47687E+00 1.53738E+01 ];

MAT_uco_ADENS = [
0.00000E+00 9.93146E-14 1.58682E-12 2.81979E-12 % H3
0.00000E+00 4.20454E-08 4.21206E-08 4.18331E-08 % Xe135
4.87458E-03 4.86094E-03 4.63606E-03 4.39363E-03 % U235
2.01233E-02 2.01206E-02 2.00730E-02 2.00184E-02 % U238
0.00000E+00 1.09268E-13 2.61467E-09 2.50826E-08 % Pu238
0.00000E+00 1.27767E-06 4.15797E-05 7.68448E-05 % Pu239
0.00000E+00 3.78752E-09 2.14789E-06 7.76027E-06 % Pu240
0.00000E+00 1.77411E-11 2.04351E-07 1.50629E-06 % Pu241
0.00000E+00 1.38701E-14 3.20278E-09 5.09857E-08 % Pu242
0.00000E+00 2.62499E-15 5.85939E-10 8.96965E-09 % Am241
0.00000E+00 4.96444E-23 5.25169E-16 1.89752E-14 % Am244
0.00000E+00 9.65492E-27 9.30773E-20 3.40554E-18 % Am245
0.00000E+00 8.87712E-08 1.58649E-06 3.27234E-06 % lost data
7.04699E-02 7.04807E-02 7.06620E-02 7.08648E-02 % total
];

MAT_uco_MDENS = [
0.00000E+00 4.97312E-13 7.94589E-12 1.41199E-11 % H3
0.00000E+00 9.41909E-06 9.43593E-06 9.37154E-06 % Xe135
1.90258E+00 1.89725E+00 1.80948E+00 1.71486E+00 % U235
7.95473E+00 7.95363E+00 7.93482E+00 7.91325E+00 % U238
0.00000E+00 4.31931E-11 1.03357E-06 9.91506E-06 % Pu238
0.00000E+00 5.07188E-04 1.65056E-02 3.05045E-02 % Pu239
0.00000E+00 1.50980E-06 8.56203E-04 3.09345E-03 % Pu240
0.00000E+00 7.10138E-09 8.17971E-05 6.02932E-04 % Pu241
0.00000E+00 5.57513E-12 1.28737E-06 2.04939E-05 % Pu242
0.00000E+00 1.05076E-12 2.34546E-07 3.59047E-06 % Am241
0.00000E+00 2.01201E-20 2.12843E-13 7.69039E-12 % Am244
0.00000E+00 3.92906E-24 3.78777E-17 1.38588E-15 % Am245
0.00000E+00 0.00000E+00 0.00000E+00 0.00000E+00 % lost data
1.10000E+01 1.09999E+01 1.09989E+01 1.09978E+01 % total
];

MAT_uco_A = [
0.00000E+00 4.27686E+06 6.83344E+07 1.21431E+08 % H3
0.00000E+00 2.13942E+16 2.14325E+16 2.12862E+16 % Xe135
3.67357E+09 3.66329E+09 3.49382E+09 3.31112E+09 % U235
2.38952E+09 2.38919E+09 2.38354E+09 2.37706E+09 % U238
0.00000E+00 6.61020E+05 1.58176E+10 1.51738E+11 % Pu238
0.00000E+00 2.81155E+10 9.14971E+11 1.69099E+12 % Pu239
0.00000E+00 3.06273E+08 1.73686E+11 6.27525E+11 % Pu240
0.00000E+00 6.58677E+08 7.58696E+12 5.59240E+13 % Pu241
0.00000E+00 1.96234E+01 4.53129E+06 7.21345E+07 % Pu242
0.00000E+00 3.21932E+03 7.18604E+08 1.10005E+10 % Am241
0.00000E+00 2.28598E+01 2.41826E+08 8.73756E+09 % Am244
0.00000E+00 2.19038E-02 2.11161E+05 7.72602E+06 % Am245
0.00000E+00 0.00000E+00 0.00000E+00 0.00000E+00 % lost data
6.06309E+09 3.30101E+18 3.65157E+18 3.70214E+18 % total
];

MAT_uco_H = [
0.00000E+00 3.89895E-09 6.22963E-08 1.10701E-07 % H3
0.00000E+00 1.92873E+03 1.93217E+03 1.91899E+03 % Xe135
2.71487E-03 2.70727E-03 2.58202E-03 2.44700E-03 % U235
1.63676E-03 1.63653E-03 1.63266E-03 1.62822E-03 % U238
0.00000E+00 5.91868E-07 1.41628E-02 1.35865E-01 % Pu238
0.00000E+00 2.36098E-02 7.68342E-01 1.42000E+00 % Pu239
0.00000E+00 2.57671E-04 1.46124E-01 5.27943E-01 % Pu240
0.00000E+00 5.65133E-07 6.50948E-03 4.79818E-02 % Pu241
0.00000E+00 1.56636E-11 3.61693E-06 5.75786E-05 % Pu242
0.00000E+00 2.88639E-09 6.44287E-04 9.86284E-03 % Am241
0.00000E+00 4.06076E-12 4.29573E-05 1.55212E-03 % Am244
0.00000E+00 1.10512E-15 1.06538E-08 3.89803E-07 % Am245
0.00000E+00 0.00000E+00 0.00000E+00 0.00000E+00 % lost data
4.35163E-03 1.19713E+06 1.22587E+06 1.22010E+06 % total
];

MAT_uco_SF = [
0.00000E+00 0.00000E+00 0.00000E+00 0.00000E+00 % H3
0.00000E+00 0.00000E+00 0.00000E+00 0.00000E+00 % Xe135
2.64497E-01 2.63757E-01 2.51555E-01 2.38400E-01 % U235
1.30468E+05 1.30450E+05 1.30141E+05 1.29787E+05 % U238
0.00000E+00 1.22950E-03 2.94207E+01 2.82233E+02 % Pu238
0.00000E+00 8.71581E-02 2.83641E+00 5.24206E+00 % Pu239
0.00000E+00 1.74576E+01 9.90011E+03 3.57689E+04 % Pu240
0.00000E+00 0.00000E+00 0.00000E+00 0.00000E+00 % Pu241
0.00000E+00 1.07929E-04 2.49221E+01 3.96740E+02 % Pu242
0.00000E+00 1.38431E-08 3.09000E-03 4.73021E-02 % Am241
0.00000E+00 0.00000E+00 0.00000E+00 0.00000E+00 % Am244
0.00000E+00 0.00000E+00 0.00000E+00 0.00000E+00 % Am245
0.00000E+00 0.00000E+00 0.00000E+00 0.00000E+00 % lost data
1.30468E+05 1.30468E+05 1.41284E+05 2.04355E+05 % total
];

MAT_uco_ING_TOX = [
0.00000E+00 1.79628E-04 2.87004E-03 5.10009E-03 % H3
0.00000E+00 4.49279E+09 4.50082E+09 4.47011E+09 % Xe135
1.72658E+02 1.72175E+02 1.64209E+02 1.55623E+02 % U235
1.07528E+02 1.07514E+02 1.07259E+02 1.06968E+02 % U238
0.00000E+00 1.52035E-01 3.63804E+03 3.48998E+04 % Pu238
0.00000E+00 7.02888E+03 2.28743E+05 4.22747E+05 % Pu239
0.00000E+00 7.65683E+01 4.34215E+04 1.56881E+05 % Pu240
0.00000E+00 3.16165E+00 3.64174E+04 2.68435E+05 % Pu241
0.00000E+00 4.70961E-06 1.08751E+00 1.73123E+01 % Pu242
0.00000E+00 6.43865E-04 1.43721E+02 2.20010E+03 % Am241
0.00000E+00 1.05155E-08 1.11240E-01 4.01928E+00 % Am244
0.00000E+00 1.35803E-12 1.30920E-05 4.79013E-04 % Am245
0.00000E+00 0.00000E+00 0.00000E+00 0.00000E+00 % lost data
2.80186E+02 4.56180E+10 6.09686E+10 6.08578E+10 % total
];

MAT_uco_INH_TOX = [
0.00000E+00 1.11198E-03 1.77669E-02 3.15720E-02 % H3
0.00000E+00 2.35337E+09 2.35757E+09 2.34148E+09 % Xe135
3.12254E+04 3.11380E+04 2.96975E+04 2.81445E+04 % U235
1.91161E+04 1.91135E+04 1.90683E+04 1.90165E+04 % U238
0.00000E+00 7.27122E+01 1.73993E+06 1.66912E+07 % Pu238
0.00000E+00 3.37386E+06 1.09797E+08 2.02919E+08 % Pu239
0.00000E+00 3.67528E+04 2.08423E+07 7.53029E+07 % Pu240
0.00000E+00 1.51496E+03 1.74500E+07 1.28625E+08 % Pu241
0.00000E+00 2.15857E-03 4.98442E+02 7.93480E+03 % Pu242
0.00000E+00 3.09055E-01 6.89860E+04 1.05605E+06 % Am241
0.00000E+00 8.45813E-08 8.94755E-01 3.23290E+01 % Am244
0.00000E+00 1.22661E-12 1.18250E-05 4.32657E-04 % Am245
0.00000E+00 0.00000E+00 0.00000E+00 0.00000E+00 % lost data
5.03415E+04 4.43137E+10 5.90656E+10 6.08184E+10 % total
];

TOT_VOLUME = [ 2.41547E+04 2.41547E+04 2.41547E+04 2.41547E+04 ];

TOT_BURNUP = [ 0.00000E+00 4.20052E-01 7.47687E+00 1.53738E+01 ];

TOT_ADENS = [
0.00000E+00 9.93146E-14 1.58682E-12 2.81979E-12 % H3
0.00000E+00 4.20454E-08 4.21206E-08 4.18331E-08 % Xe135
4.87458E-03 4.86094E-03 4.63606E-03 4.39363E-03 % U235
2.01233E-02 2.01206E-02 2.00730E-02 2.00184E-02 % U238
0.00000E+00 1.09268E-13 2.61467E-09 2.50826E-08 % Pu238
0.00000E+00 1.27767E-06 4.15797E-05 7.68448E-05 % Pu239
0.00000E+00 3.78752E-09 2.14789E-06 7.76027E-06 % Pu240
0.00000E+00 1.77411E-11 2.04351E-07 1.50629E-06 % Pu241
0.00000E+00 1.38701E-14 3.20278E-09 5.09857E-08 % Pu242
0.00000E+00 2.62499E-15 5.85939E-10 8.96965E-09 % Am241
0.00000E+00 4.96444E-23 5.25169E-16 1.89752E-14 % Am244
0.00000E+00 9.65492E-27 9.30773E-20 3.40554E-18 % Am245
0.00000E+00 8.87712E-08 1.58649E-06 3.27234E-06 % lost data
7.04699E-02 7.04807E-02 7.06620E-02 7.08648E-02 % total
];

