
DET1001 = [
    1    1    1    1    1    1    1    1    1    1  5.33040E+18 0.00445 
    2    2    1    1    1    1    1    1    1    1  2.17955E+18 0.00506 
    3    3    1    1    1    1    1    1    1    1  3.59696E+17 0.00986 
];


DET1001E = [
 1.00000E-09  6.25000E-07  3.13000E-07
 6.25000E-07  1.00000E-01  5.00003E-02
 1.00000E-01  2.00000E+01  1.00500E+01
];

DET1002 = [
    1    1    1    1    1    1    1    1    1    1  1.34118E+17 0.00808 
    2    2    1    1    1    1    1    1    1    1  3.85118E+17 0.00491 
    3    3    1    1    1    1    1    1    1    1  2.09188E+17 0.00656 
];


DET1002E = [
 1.00000E-09  6.25000E-07  3.13000E-07
 6.25000E-07  1.00000E-01  5.00003E-02
 1.00000E-01  2.00000E+01  1.00500E+01
];
