
DET1001 = [
    1    1    1    1    1    1    1    1    1    1  5.09487E+18 0.00434 
    2    2    1    1    1    1    1    1    1    1  2.09580E+18 0.00515 
    3    3    1    1    1    1    1    1    1    1  3.50576E+17 0.01016 
];


DET1001E = [
 1.00000E-09  6.25000E-07  3.13000E-07
 6.25000E-07  1.00000E-01  5.00003E-02
 1.00000E-01  2.00000E+01  1.00500E+01
];

DET1002 = [
    1    1    1    1    1    1    1    1    1    1  1.32133E+17 0.00785 
    2    2    1    1    1    1    1    1    1    1  3.64157E+17 0.00501 
    3    3    1    1    1    1    1    1    1    1  1.95676E+17 0.00658 
];


DET1002E = [
 1.00000E-09  6.25000E-07  3.13000E-07
 6.25000E-07  1.00000E-01  5.00003E-02
 1.00000E-01  2.00000E+01  1.00500E+01
];
