
DET1001 = [
    1    1    1    1    1    1    1    1    1    1  5.17850E+18 0.00415 
    2    2    1    1    1    1    1    1    1    1  2.13770E+18 0.00508 
    3    3    1    1    1    1    1    1    1    1  3.50032E+17 0.01012 
];


DET1001E = [
 1.00000E-09  6.25000E-07  3.13000E-07
 6.25000E-07  1.00000E-01  5.00003E-02
 1.00000E-01  2.00000E+01  1.00500E+01
];

DET1002 = [
    1    1    1    1    1    1    1    1    1    1  1.30565E+17 0.00833 
    2    2    1    1    1    1    1    1    1    1  3.78072E+17 0.00523 
    3    3    1    1    1    1    1    1    1    1  2.02240E+17 0.00636 
];


DET1002E = [
 1.00000E-09  6.25000E-07  3.13000E-07
 6.25000E-07  1.00000E-01  5.00003E-02
 1.00000E-01  2.00000E+01  1.00500E+01
];
