
DET1001 = [
    1    1    1    1    1    1    1    1    1    1  4.23961E+18 0.00485 
    2    2    1    1    1    1    1    1    1    1  1.75669E+18 0.00600 
    3    3    1    1    1    1    1    1    1    1  1.60704E+17 0.01129 
];


DET1001E = [
 1.00000E-09  6.25000E-07  3.13000E-07
 6.25000E-07  1.00000E-01  5.00003E-02
 1.00000E-01  2.00000E+01  1.00500E+01
];

DET1002 = [
    1    1    1    1    1    1    1    1    1    1  1.15710E+17 0.00804 
    2    2    1    1    1    1    1    1    1    1  3.76706E+17 0.00487 
    3    3    1    1    1    1    1    1    1    1  1.75433E+17 0.00638 
];


DET1002E = [
 1.00000E-09  6.25000E-07  3.13000E-07
 6.25000E-07  1.00000E-01  5.00003E-02
 1.00000E-01  2.00000E+01  1.00500E+01
];
