
DET1001 = [
    1    1    1    1    1    1    1    1    1    1  4.10948E+18 0.00500 
    2    2    1    1    1    1    1    1    1    1  1.67463E+18 0.00593 
    3    3    1    1    1    1    1    1    1    1  1.50509E+17 0.01157 
];


DET1001E = [
 1.00000E-09  6.25000E-07  3.13000E-07
 6.25000E-07  1.00000E-01  5.00003E-02
 1.00000E-01  2.00000E+01  1.00500E+01
];

DET1002 = [
    1    1    1    1    1    1    1    1    1    1  1.16654E+17 0.00825 
    2    2    1    1    1    1    1    1    1    1  3.50324E+17 0.00500 
    3    3    1    1    1    1    1    1    1    1  1.62643E+17 0.00613 
];


DET1002E = [
 1.00000E-09  6.25000E-07  3.13000E-07
 6.25000E-07  1.00000E-01  5.00003E-02
 1.00000E-01  2.00000E+01  1.00500E+01
];
