
DET1001 = [
    1    1    1    1    1    1    1    1    1    1  4.13137E+18 0.00483 
    2    2    1    1    1    1    1    1    1    1  1.69045E+18 0.00609 
    3    3    1    1    1    1    1    1    1    1  1.51343E+17 0.01147 
];


DET1001E = [
 1.00000E-09  6.25000E-07  3.13000E-07
 6.25000E-07  1.00000E-01  5.00003E-02
 1.00000E-01  2.00000E+01  1.00500E+01
];

DET1002 = [
    1    1    1    1    1    1    1    1    1    1  1.17147E+17 0.00810 
    2    2    1    1    1    1    1    1    1    1  3.59728E+17 0.00503 
    3    3    1    1    1    1    1    1    1    1  1.68330E+17 0.00659 
];


DET1002E = [
 1.00000E-09  6.25000E-07  3.13000E-07
 6.25000E-07  1.00000E-01  5.00003E-02
 1.00000E-01  2.00000E+01  1.00500E+01
];
