
DET1001 = [
    1    1    1    1    1    1    1    1    1    1  4.16994E+18 0.00494 
    2    2    1    1    1    1    1    1    1    1  1.73700E+18 0.00623 
    3    3    1    1    1    1    1    1    1    1  1.56783E+17 0.01225 
];


DET1001E = [
 1.00000E-09  6.25000E-07  3.13000E-07
 6.25000E-07  1.00000E-01  5.00003E-02
 1.00000E-01  2.00000E+01  1.00500E+01
];

DET1002 = [
    1    1    1    1    1    1    1    1    1    1  1.14338E+17 0.00870 
    2    2    1    1    1    1    1    1    1    1  3.65432E+17 0.00474 
    3    3    1    1    1    1    1    1    1    1  1.71474E+17 0.00621 
];


DET1002E = [
 1.00000E-09  6.25000E-07  3.13000E-07
 6.25000E-07  1.00000E-01  5.00003E-02
 1.00000E-01  2.00000E+01  1.00500E+01
];
