
ZAI = [
10030
541350
922350
922380
942380
942390
942400
942410
942420
952410
952440
952450
666
0
];

NAMES = [
'H3              '
'Xe135           '
'U235            '
'U238            '
'Pu238           '
'Pu239           '
'Pu240           '
'Pu241           '
'Pu242           '
'Am241           '
'Am244           '
'Am245           '
'lost            '
'total           '
];

i10030  = 1; iH3               = 1;
i541350 = 2; iXe135            = 2;
i922350 = 3; iU235             = 3;
i922380 = 4; iU238             = 4;
i942380 = 5; iPu238            = 5;
i942390 = 6; iPu239            = 6;
i942400 = 7; iPu240            = 7;
i942410 = 8; iPu241            = 8;
i942420 = 9; iPu242            = 9;
i952410 = 10; iAm241            = 10;
i952440 = 11; iAm244            = 11;
i952450 = 12; iAm245            = 12;
iLOST    = 13;
iTOT     = 14;

MAT_uco_VOLUME = [ 2.69784E+04 2.69784E+04 2.69784E+04 2.69784E+04 ];

MAT_uco_BURNUP = [ 0.00000E+00 3.76082E-01 6.69433E+00 1.37646E+01 ];

MAT_uco_ADENS = [
0.00000E+00 8.70290E-14 1.39163E-12 2.52563E-12 % H3
0.00000E+00 4.01344E-08 4.02736E-08 4.01601E-08 % Xe135
4.87458E-03 4.86233E-03 4.66004E-03 4.44160E-03 % U235
2.01233E-02 2.01207E-02 2.00750E-02 2.00228E-02 % U238
0.00000E+00 8.29249E-14 1.96042E-09 1.91138E-08 % Pu238
0.00000E+00 1.23158E-06 4.06308E-05 7.62742E-05 % Pu239
0.00000E+00 3.23501E-09 1.83709E-06 6.75581E-06 % Pu240
0.00000E+00 1.39969E-11 1.60119E-07 1.21268E-06 % Pu241
0.00000E+00 9.31376E-15 2.11538E-09 3.43743E-08 % Pu242
0.00000E+00 2.07781E-15 4.59678E-10 7.23931E-09 % Am241
0.00000E+00 2.77746E-23 2.82332E-16 1.06025E-14 % Am244
0.00000E+00 4.53174E-27 4.18393E-20 1.58772E-18 % Am245
0.00000E+00 7.94794E-08 1.42007E-06 2.92884E-06 % lost data
7.04699E-02 7.04795E-02 7.06419E-02 7.08234E-02 % total
];

MAT_uco_MDENS = [
0.00000E+00 4.35792E-13 6.96848E-12 1.26469E-11 % H3
0.00000E+00 8.99098E-06 9.02216E-06 8.99675E-06 % Xe135
1.90258E+00 1.89780E+00 1.81884E+00 1.73358E+00 % U235
7.95473E+00 7.95368E+00 7.93563E+00 7.91498E+00 % U238
0.00000E+00 3.27800E-11 7.74947E-07 7.55561E-06 % Pu238
0.00000E+00 4.88890E-04 1.61289E-02 3.02779E-02 % Pu239
0.00000E+00 1.28956E-06 7.32313E-04 2.69304E-03 % Pu240
0.00000E+00 5.60265E-09 6.40921E-05 4.85407E-04 % Pu241
0.00000E+00 3.74370E-12 8.50284E-07 1.38169E-05 % Pu242
0.00000E+00 8.31729E-13 1.84005E-07 2.89783E-06 % Am241
0.00000E+00 1.12566E-20 1.14425E-13 4.29703E-12 % Am244
0.00000E+00 1.84419E-24 1.70265E-17 6.46122E-16 % Am245
0.00000E+00 0.00000E+00 0.00000E+00 0.00000E+00 % lost data
1.10000E+01 1.09999E+01 1.09990E+01 1.09980E+01 % total
];

MAT_uco_A = [
0.00000E+00 4.18593E+06 6.69345E+07 1.21478E+08 % H3
0.00000E+00 2.28092E+16 2.28883E+16 2.28238E+16 % Xe135
4.10303E+09 4.09271E+09 3.92244E+09 3.73858E+09 % U235
2.66886E+09 2.66851E+09 2.66245E+09 2.65553E+09 % U238
0.00000E+00 5.60304E+05 1.32461E+10 1.29147E+11 % Pu238
0.00000E+00 3.02694E+10 9.98612E+11 1.87465E+12 % Pu239
0.00000E+00 2.92176E+08 1.65921E+11 6.10164E+11 % Pu240
0.00000E+00 5.80415E+08 6.63972E+12 5.02865E+13 % Pu241
0.00000E+00 1.47176E+01 3.34271E+06 5.43182E+07 % Pu242
0.00000E+00 2.84616E+03 6.29660E+08 9.91630E+09 % Am241
0.00000E+00 1.42845E+01 1.45204E+08 5.45288E+09 % Am244
0.00000E+00 1.14829E-02 1.06016E+05 4.02310E+06 % Am245
0.00000E+00 0.00000E+00 0.00000E+00 0.00000E+00 % lost data
6.77189E+09 3.32318E+18 3.68288E+18 3.73642E+18 % total
];

MAT_uco_H = [
0.00000E+00 3.81605E-09 6.10201E-08 1.10744E-07 % H3
0.00000E+00 2.05629E+03 2.06342E+03 2.05761E+03 % Xe135
3.03224E-03 3.02462E-03 2.89879E-03 2.76291E-03 % U235
1.82810E-03 1.82786E-03 1.82371E-03 1.81897E-03 % U238
0.00000E+00 5.01689E-07 1.18604E-02 1.15637E-01 % Pu238
0.00000E+00 2.54186E-02 8.38579E-01 1.57422E+00 % Pu239
0.00000E+00 2.45811E-04 1.39591E-01 5.13337E-01 % Pu240
0.00000E+00 4.97986E-07 5.69677E-03 4.31449E-02 % Pu241
0.00000E+00 1.17477E-11 2.66819E-06 4.33574E-05 % Pu242
0.00000E+00 2.55181E-09 5.64542E-04 8.89077E-03 % Am241
0.00000E+00 2.53747E-12 2.57937E-05 9.68635E-04 % Am244
0.00000E+00 5.79349E-16 5.34885E-09 2.02978E-07 % Am245
0.00000E+00 0.00000E+00 0.00000E+00 0.00000E+00 % lost data
4.86034E-03 1.19884E+06 1.23057E+06 1.22606E+06 % total
];

MAT_uco_SF = [
0.00000E+00 0.00000E+00 0.00000E+00 0.00000E+00 % H3
0.00000E+00 0.00000E+00 0.00000E+00 0.00000E+00 % Xe135
2.95418E-01 2.94675E-01 2.82416E-01 2.69178E-01 % U235
1.45720E+05 1.45701E+05 1.45370E+05 1.44992E+05 % U238
0.00000E+00 1.04217E-03 2.46377E+01 2.40214E+02 % Pu238
0.00000E+00 9.38351E-02 3.09570E+00 5.81140E+00 % Pu239
0.00000E+00 1.66540E+01 9.45748E+03 3.47793E+04 % Pu240
0.00000E+00 0.00000E+00 0.00000E+00 0.00000E+00 % Pu241
0.00000E+00 8.09466E-05 1.83849E+01 2.98750E+02 % Pu242
0.00000E+00 1.22385E-08 2.70754E-03 4.26401E-02 % Am241
0.00000E+00 0.00000E+00 0.00000E+00 0.00000E+00 % Am244
0.00000E+00 0.00000E+00 0.00000E+00 0.00000E+00 % Am245
0.00000E+00 0.00000E+00 0.00000E+00 0.00000E+00 % lost data
1.45720E+05 1.45718E+05 1.55761E+05 2.09416E+05 % total
];

MAT_uco_ING_TOX = [
0.00000E+00 1.75809E-04 2.81125E-03 5.10207E-03 % H3
0.00000E+00 4.78993E+09 4.80655E+09 4.79301E+09 % Xe135
1.92842E+02 1.92357E+02 1.84355E+02 1.75713E+02 % U235
1.20099E+02 1.20083E+02 1.19810E+02 1.19499E+02 % U238
0.00000E+00 1.28870E-01 3.04660E+03 2.97039E+04 % Pu238
0.00000E+00 7.56735E+03 2.49653E+05 4.68661E+05 % Pu239
0.00000E+00 7.30440E+01 4.14802E+04 1.52541E+05 % Pu240
0.00000E+00 2.78599E+00 3.18707E+04 2.41375E+05 % Pu241
0.00000E+00 3.53222E-06 8.02250E-01 1.30364E+01 % Pu242
0.00000E+00 5.69231E-04 1.25932E+02 1.98326E+03 % Am241
0.00000E+00 6.57088E-09 6.67939E-02 2.50832E+00 % Am244
0.00000E+00 7.11938E-13 6.57298E-06 2.49432E-04 % Am245
0.00000E+00 0.00000E+00 0.00000E+00 0.00000E+00 % lost data
3.12941E+02 4.59264E+10 6.13965E+10 6.13544E+10 % total
];

MAT_uco_INH_TOX = [
0.00000E+00 1.08834E-03 1.74030E-02 3.15843E-02 % H3
0.00000E+00 2.50901E+09 2.51772E+09 2.51062E+09 % Xe135
3.48757E+04 3.47880E+04 3.33407E+04 3.17779E+04 % U235
2.13509E+04 2.13481E+04 2.12996E+04 2.12442E+04 % U238
0.00000E+00 6.16335E+01 1.45707E+06 1.42062E+07 % Pu238
0.00000E+00 3.63233E+06 1.19833E+08 2.24957E+08 % Pu239
0.00000E+00 3.50611E+04 1.99105E+07 7.32197E+07 % Pu240
0.00000E+00 1.33495E+03 1.52714E+07 1.15659E+08 % Pu241
0.00000E+00 1.61893E-03 3.67698E+02 5.97500E+03 % Pu242
0.00000E+00 2.73231E-01 6.04474E+04 9.51964E+05 % Am241
0.00000E+00 5.28527E-08 5.37255E-01 2.01756E+01 % Am244
0.00000E+00 6.43041E-13 5.93689E-06 2.25293E-04 % Am245
0.00000E+00 0.00000E+00 0.00000E+00 0.00000E+00 % lost data
5.62266E+04 4.44819E+10 5.93461E+10 6.11535E+10 % total
];

TOT_VOLUME = [ 2.69784E+04 2.69784E+04 2.69784E+04 2.69784E+04 ];

TOT_BURNUP = [ 0.00000E+00 3.76082E-01 6.69433E+00 1.37646E+01 ];

TOT_ADENS = [
0.00000E+00 8.70290E-14 1.39163E-12 2.52563E-12 % H3
0.00000E+00 4.01344E-08 4.02736E-08 4.01601E-08 % Xe135
4.87458E-03 4.86233E-03 4.66004E-03 4.44160E-03 % U235
2.01233E-02 2.01207E-02 2.00750E-02 2.00228E-02 % U238
0.00000E+00 8.29249E-14 1.96042E-09 1.91138E-08 % Pu238
0.00000E+00 1.23158E-06 4.06308E-05 7.62742E-05 % Pu239
0.00000E+00 3.23501E-09 1.83709E-06 6.75581E-06 % Pu240
0.00000E+00 1.39969E-11 1.60119E-07 1.21268E-06 % Pu241
0.00000E+00 9.31376E-15 2.11538E-09 3.43743E-08 % Pu242
0.00000E+00 2.07781E-15 4.59678E-10 7.23931E-09 % Am241
0.00000E+00 2.77746E-23 2.82332E-16 1.06025E-14 % Am244
0.00000E+00 4.53174E-27 4.18393E-20 1.58772E-18 % Am245
0.00000E+00 7.94794E-08 1.42007E-06 2.92884E-06 % lost data
7.04699E-02 7.04795E-02 7.06419E-02 7.08234E-02 % total
];

