
DET1001 = [
    1    1    1    1    1    1    1    1    1    1  4.43346E+18 0.00440 
    2    2    1    1    1    1    1    1    1    1  1.89912E+18 0.00569 
    3    3    1    1    1    1    1    1    1    1  1.95472E+17 0.01171 
];


DET1001E = [
 1.00000E-09  6.25000E-07  3.13000E-07
 6.25000E-07  1.00000E-01  5.00003E-02
 1.00000E-01  2.00000E+01  1.00500E+01
];

DET1002 = [
    1    1    1    1    1    1    1    1    1    1  9.76865E+16 0.00918 
    2    2    1    1    1    1    1    1    1    1  3.51449E+17 0.00511 
    3    3    1    1    1    1    1    1    1    1  1.71737E+17 0.00659 
];


DET1002E = [
 1.00000E-09  6.25000E-07  3.13000E-07
 6.25000E-07  1.00000E-01  5.00003E-02
 1.00000E-01  2.00000E+01  1.00500E+01
];
