
ZAI = [
10030
541350
922350
922380
942380
942390
942400
942410
942420
952410
952440
952450
666
0
];

NAMES = [
'H3              '
'Xe135           '
'U235            '
'U238            '
'Pu238           '
'Pu239           '
'Pu240           '
'Pu241           '
'Pu242           '
'Am241           '
'Am244           '
'Am245           '
'lost            '
'total           '
];

i10030  = 1; iH3               = 1;
i541350 = 2; iXe135            = 2;
i922350 = 3; iU235             = 3;
i922380 = 4; iU238             = 4;
i942380 = 5; iPu238            = 5;
i942390 = 6; iPu239            = 6;
i942400 = 7; iPu240            = 7;
i942410 = 8; iPu241            = 8;
i942420 = 9; iPu242            = 9;
i952410 = 10; iAm241            = 10;
i952440 = 11; iAm244            = 11;
i952450 = 12; iAm245            = 12;
iLOST    = 13;
iTOT     = 14;

MAT_uco_VOLUME = [ 3.43362E+04 3.43362E+04 3.43362E+04 3.43362E+04 ];

MAT_uco_BURNUP = [ 0.00000E+00 2.95487E-01 5.25968E+00 1.08149E+01 ];

MAT_uco_ADENS = [
0.00000E+00 8.71073E-14 1.40405E-12 2.58745E-12 % H3
0.00000E+00 3.35514E-08 3.38190E-08 3.38939E-08 % Xe135
4.31104E-03 4.30137E-03 4.14201E-03 3.97003E-03 % U235
2.06805E-02 2.06781E-02 2.06367E-02 2.05894E-02 % U238
0.00000E+00 7.96639E-14 1.48172E-09 1.39365E-08 % Pu238
0.00000E+00 1.11560E-06 3.72156E-05 7.09323E-05 % Pu239
0.00000E+00 2.64290E-09 1.49230E-06 5.52770E-06 % Pu240
0.00000E+00 1.09283E-11 1.23335E-07 9.42562E-07 % Pu241
0.00000E+00 6.55233E-15 1.45867E-09 2.36065E-08 % Pu242
0.00000E+00 1.62762E-15 3.54322E-10 5.64482E-09 % Am241
0.00000E+00 1.87369E-23 1.79741E-16 6.52296E-15 % Am244
0.00000E+00 2.79728E-27 2.44185E-20 8.82623E-19 % Am245
0.00000E+00 6.24548E-08 1.11602E-06 2.30208E-06 % lost data
7.04520E-02 7.04595E-02 7.05872E-02 7.07298E-02 % total
];

MAT_uco_MDENS = [
0.00000E+00 4.36184E-13 7.03067E-12 1.29565E-11 % H3
0.00000E+00 7.51624E-06 7.57620E-06 7.59298E-06 % Xe135
1.68262E+00 1.67885E+00 1.61665E+00 1.54953E+00 % U235
8.17497E+00 8.17402E+00 8.15768E+00 8.13898E+00 % U238
0.00000E+00 3.14909E-11 5.85721E-07 5.50906E-06 % Pu238
0.00000E+00 4.42849E-04 1.47732E-02 2.81574E-02 % Pu239
0.00000E+00 1.05353E-06 5.94870E-04 2.20348E-03 % Pu240
0.00000E+00 4.37434E-09 4.93683E-05 3.77286E-04 % Pu241
0.00000E+00 2.63373E-12 5.86319E-07 9.48871E-06 % Pu242
0.00000E+00 6.51522E-13 1.41832E-07 2.25957E-06 % Am241
0.00000E+00 7.59379E-21 7.28464E-14 2.64366E-12 % Am244
0.00000E+00 1.13835E-24 9.93707E-18 3.59183E-16 % Am245
0.00000E+00 0.00000E+00 0.00000E+00 0.00000E+00 % lost data
1.10000E+01 1.10000E+01 1.09992E+01 1.09984E+01 % total
];

MAT_uco_A = [
0.00000E+00 5.33233E+06 8.59497E+07 1.58393E+08 % H3
0.00000E+00 2.42683E+16 2.44619E+16 2.45161E+16 % Xe135
4.61831E+09 4.60796E+09 4.43724E+09 4.25301E+09 % U235
3.49078E+09 3.49037E+09 3.48339E+09 3.47541E+09 % U238
0.00000E+00 6.85071E+05 1.27421E+10 1.19847E+11 % Pu238
0.00000E+00 3.48966E+10 1.16413E+12 2.21881E+12 % Pu239
0.00000E+00 3.03798E+08 1.71538E+11 6.35402E+11 % Pu240
0.00000E+00 5.76757E+08 6.50921E+12 4.97452E+13 % Pu241
0.00000E+00 1.31778E+01 2.93362E+06 4.74763E+07 % Pu242
0.00000E+00 2.83753E+03 6.17711E+08 9.84097E+09 % Am241
0.00000E+00 1.22645E+01 1.17652E+08 4.26971E+09 % Am244
0.00000E+00 9.02105E-03 7.87480E+04 2.84640E+06 % Am245
0.00000E+00 0.00000E+00 0.00000E+00 0.00000E+00 % lost data
8.10909E+09 3.36974E+18 3.74390E+18 3.80059E+18 % total
];

MAT_uco_H = [
0.00000E+00 4.86116E-09 7.83550E-08 1.44397E-07 % H3
0.00000E+00 2.18783E+03 2.20528E+03 2.21016E+03 % Xe135
3.41306E-03 3.40541E-03 3.27924E-03 3.14308E-03 % U235
2.39109E-03 2.39081E-03 2.38604E-03 2.38056E-03 % U238
0.00000E+00 6.13403E-07 1.14091E-02 1.07310E-01 % Pu238
0.00000E+00 2.93043E-02 9.77571E-01 1.86324E+00 % Pu239
0.00000E+00 2.55589E-04 1.44317E-01 5.34570E-01 % Pu240
0.00000E+00 4.94847E-07 5.58479E-03 4.26806E-02 % Pu241
0.00000E+00 1.05186E-11 2.34165E-06 3.78961E-05 % Pu242
0.00000E+00 2.54408E-09 5.53828E-04 8.82323E-03 % Am241
0.00000E+00 2.17864E-12 2.08995E-05 7.58460E-04 % Am244
0.00000E+00 4.55142E-16 3.97310E-09 1.43610E-07 % Am245
0.00000E+00 0.00000E+00 0.00000E+00 0.00000E+00 % lost data
5.80415E-03 1.20259E+06 1.23775E+06 1.23386E+06 % total
];

MAT_uco_SF = [
0.00000E+00 0.00000E+00 0.00000E+00 0.00000E+00 % H3
0.00000E+00 0.00000E+00 0.00000E+00 0.00000E+00 % Xe135
3.32519E-01 3.31773E-01 3.19481E-01 3.06217E-01 % U235
1.90596E+05 1.90574E+05 1.90193E+05 1.89757E+05 % U238
0.00000E+00 1.27423E-03 2.37003E+01 2.22916E+02 % Pu238
0.00000E+00 1.08180E-01 3.60880E+00 6.87832E+00 % Pu239
0.00000E+00 1.73165E+01 9.77767E+03 3.62179E+04 % Pu240
0.00000E+00 0.00000E+00 0.00000E+00 0.00000E+00 % Pu241
0.00000E+00 7.24776E-05 1.61349E+01 2.61120E+02 % Pu242
0.00000E+00 1.22014E-08 2.65616E-03 4.23162E-02 % Am241
0.00000E+00 0.00000E+00 0.00000E+00 0.00000E+00 % Am244
0.00000E+00 0.00000E+00 0.00000E+00 0.00000E+00 % Am245
0.00000E+00 0.00000E+00 0.00000E+00 0.00000E+00 % lost data
1.90597E+05 1.90592E+05 2.00805E+05 2.52379E+05 % total
];

MAT_uco_ING_TOX = [
0.00000E+00 2.23958E-04 3.60989E-03 6.65249E-03 % H3
0.00000E+00 5.09634E+09 5.13700E+09 5.14837E+09 % Xe135
2.17061E+02 2.16574E+02 2.08550E+02 1.99891E+02 % U235
1.57085E+02 1.57067E+02 1.56753E+02 1.56393E+02 % U238
0.00000E+00 1.57566E-01 2.93068E+03 2.75649E+04 % Pu238
0.00000E+00 8.72416E+03 2.91032E+05 5.54704E+05 % Pu239
0.00000E+00 7.59496E+01 4.28845E+04 1.58851E+05 % Pu240
0.00000E+00 2.76843E+00 3.12442E+04 2.38777E+05 % Pu241
0.00000E+00 3.16266E-06 7.04068E-01 1.13943E+01 % Pu242
0.00000E+00 5.67507E-04 1.23542E+02 1.96819E+03 % Am241
0.00000E+00 5.64168E-09 5.41201E-02 1.96407E+00 % Am244
0.00000E+00 5.59305E-13 4.88237E-06 1.76477E-04 % Am245
0.00000E+00 0.00000E+00 0.00000E+00 0.00000E+00 % lost data
3.74146E+02 4.62671E+10 6.19127E+10 6.19364E+10 % total
];

MAT_uco_INH_TOX = [
0.00000E+00 1.38641E-03 2.23469E-02 4.11821E-02 % H3
0.00000E+00 2.66951E+09 2.69081E+09 2.69677E+09 % Xe135
3.92557E+04 3.91677E+04 3.77165E+04 3.61506E+04 % U235
2.79262E+04 2.79230E+04 2.78671E+04 2.78032E+04 % U238
0.00000E+00 7.53578E+01 1.40163E+06 1.31832E+07 % Pu238
0.00000E+00 4.18760E+06 1.39696E+08 2.66258E+08 % Pu239
0.00000E+00 3.64558E+04 2.05846E+07 7.62482E+07 % Pu240
0.00000E+00 1.32654E+03 1.49712E+07 1.14414E+08 % Pu241
0.00000E+00 1.44955E-03 3.22698E+02 5.22239E+03 % Pu242
0.00000E+00 2.72403E-01 5.93002E+04 9.44733E+05 % Am241
0.00000E+00 4.53788E-08 4.35314E-01 1.57979E+01 % Am244
0.00000E+00 5.05179E-13 4.40989E-06 1.59399E-04 % Am245
0.00000E+00 0.00000E+00 0.00000E+00 0.00000E+00 % lost data
6.71819E+04 4.46934E+10 5.97423E+10 6.16283E+10 % total
];

TOT_VOLUME = [ 3.43362E+04 3.43362E+04 3.43362E+04 3.43362E+04 ];

TOT_BURNUP = [ 0.00000E+00 2.95487E-01 5.25968E+00 1.08149E+01 ];

TOT_ADENS = [
0.00000E+00 8.71073E-14 1.40405E-12 2.58745E-12 % H3
0.00000E+00 3.35514E-08 3.38190E-08 3.38939E-08 % Xe135
4.31104E-03 4.30137E-03 4.14201E-03 3.97003E-03 % U235
2.06805E-02 2.06781E-02 2.06367E-02 2.05894E-02 % U238
0.00000E+00 7.96639E-14 1.48172E-09 1.39365E-08 % Pu238
0.00000E+00 1.11560E-06 3.72156E-05 7.09323E-05 % Pu239
0.00000E+00 2.64290E-09 1.49230E-06 5.52770E-06 % Pu240
0.00000E+00 1.09283E-11 1.23335E-07 9.42562E-07 % Pu241
0.00000E+00 6.55233E-15 1.45867E-09 2.36065E-08 % Pu242
0.00000E+00 1.62762E-15 3.54322E-10 5.64482E-09 % Am241
0.00000E+00 1.87369E-23 1.79741E-16 6.52296E-15 % Am244
0.00000E+00 2.79728E-27 2.44185E-20 8.82623E-19 % Am245
0.00000E+00 6.24548E-08 1.11602E-06 2.30208E-06 % lost data
7.04520E-02 7.04595E-02 7.05872E-02 7.07298E-02 % total
];

