
DET1001 = [
    1    1    1    1    1    1    1    1    1    1  4.52408E+18 0.00480 
    2    2    1    1    1    1    1    1    1    1  1.94398E+18 0.00574 
    3    3    1    1    1    1    1    1    1    1  2.03880E+17 0.01151 
];


DET1001E = [
 1.00000E-09  6.25000E-07  3.13000E-07
 6.25000E-07  1.00000E-01  5.00003E-02
 1.00000E-01  2.00000E+01  1.00500E+01
];

DET1002 = [
    1    1    1    1    1    1    1    1    1    1  9.67809E+16 0.00987 
    2    2    1    1    1    1    1    1    1    1  3.69752E+17 0.00486 
    3    3    1    1    1    1    1    1    1    1  1.82796E+17 0.00640 
];


DET1002E = [
 1.00000E-09  6.25000E-07  3.13000E-07
 6.25000E-07  1.00000E-01  5.00003E-02
 1.00000E-01  2.00000E+01  1.00500E+01
];
