
DET1001 = [
    1    1    1    1    1    1    1    1    1    1  4.34274E+18 0.00450 
    2    2    1    1    1    1    1    1    1    1  1.84637E+18 0.00562 
    3    3    1    1    1    1    1    1    1    1  1.91372E+17 0.01182 
];


DET1001E = [
 1.00000E-09  6.25000E-07  3.13000E-07
 6.25000E-07  1.00000E-01  5.00003E-02
 1.00000E-01  2.00000E+01  1.00500E+01
];

DET1002 = [
    1    1    1    1    1    1    1    1    1    1  9.89544E+16 0.00885 
    2    2    1    1    1    1    1    1    1    1  3.46402E+17 0.00528 
    3    3    1    1    1    1    1    1    1    1  1.69081E+17 0.00677 
];


DET1002E = [
 1.00000E-09  6.25000E-07  3.13000E-07
 6.25000E-07  1.00000E-01  5.00003E-02
 1.00000E-01  2.00000E+01  1.00500E+01
];
