
DET1001 = [
    1    1    1    1    1    1    1    1    1    1  4.49139E+18 0.00500 
    2    2    1    1    1    1    1    1    1    1  1.92184E+18 0.00602 
    3    3    1    1    1    1    1    1    1    1  2.01844E+17 0.01151 
];


DET1001E = [
 1.00000E-09  6.25000E-07  3.13000E-07
 6.25000E-07  1.00000E-01  5.00003E-02
 1.00000E-01  2.00000E+01  1.00500E+01
];

DET1002 = [
    1    1    1    1    1    1    1    1    1    1  9.63132E+16 0.00918 
    2    2    1    1    1    1    1    1    1    1  3.62373E+17 0.00479 
    3    3    1    1    1    1    1    1    1    1  1.77995E+17 0.00647 
];


DET1002E = [
 1.00000E-09  6.25000E-07  3.13000E-07
 6.25000E-07  1.00000E-01  5.00003E-02
 1.00000E-01  2.00000E+01  1.00500E+01
];
