
DET1001 = [
    1    1    1    1    1    1    1    1    1    1  4.78177E+18 0.00493 
    2    2    1    1    1    1    1    1    1    1  2.33692E+18 0.00535 
    3    3    1    1    1    1    1    1    1    1  3.91118E+17 0.00985 
];


DET1001E = [
 1.00000E-09  6.25000E-07  3.13000E-07
 6.25000E-07  1.00000E-01  5.00003E-02
 1.00000E-01  2.00000E+01  1.00500E+01
];

DET1002 = [
    1    1    1    1    1    1    1    1    1    1  7.28810E+16 0.01063 
    2    2    1    1    1    1    1    1    1    1  3.60493E+17 0.00497 
    3    3    1    1    1    1    1    1    1    1  2.03969E+17 0.00610 
];


DET1002E = [
 1.00000E-09  6.25000E-07  3.13000E-07
 6.25000E-07  1.00000E-01  5.00003E-02
 1.00000E-01  2.00000E+01  1.00500E+01
];
