
ZAI = [
10030
541350
922350
922380
942380
942390
942400
942410
942420
952410
952440
952450
666
0
];

NAMES = [
'H3              '
'Xe135           '
'U235            '
'U238            '
'Pu238           '
'Pu239           '
'Pu240           '
'Pu241           '
'Pu242           '
'Am241           '
'Am244           '
'Am245           '
'lost            '
'total           '
];

i10030  = 1; iH3               = 1;
i541350 = 2; iXe135            = 2;
i922350 = 3; iU235             = 3;
i922380 = 4; iU238             = 4;
i942380 = 5; iPu238            = 5;
i942390 = 6; iPu239            = 6;
i942400 = 7; iPu240            = 7;
i942410 = 8; iPu241            = 8;
i942420 = 9; iPu242            = 9;
i952410 = 10; iAm241            = 10;
i952440 = 11; iAm244            = 11;
i952450 = 12; iAm245            = 12;
iLOST    = 13;
iTOT     = 14;

MAT_uco_VOLUME = [ 5.00346E+04 5.00346E+04 5.00346E+04 5.00346E+04 ];

MAT_uco_BURNUP = [ 0.00000E+00 2.02781E-01 3.60954E+00 7.42188E+00 ];

MAT_uco_ADENS = [
0.00000E+00 7.87774E-14 1.32413E-12 2.50653E-12 % H3
0.00000E+00 2.68926E-08 2.71119E-08 2.72291E-08 % Xe135
4.31104E-03 4.30434E-03 4.19345E-03 4.07276E-03 % U235
2.06805E-02 2.06787E-02 2.06477E-02 2.06123E-02 % U238
0.00000E+00 5.33706E-14 7.72201E-10 6.89253E-09 % Pu238
0.00000E+00 8.39354E-07 2.87755E-05 5.66093E-05 % Pu239
0.00000E+00 1.41588E-09 7.92511E-07 3.04203E-06 % Pu240
0.00000E+00 4.80451E-12 5.34905E-08 4.24566E-07 % Pu241
0.00000E+00 2.04683E-15 4.44085E-10 7.40387E-09 % Pu242
0.00000E+00 7.21173E-16 1.53954E-10 2.54945E-09 % Am241
0.00000E+00 4.08620E-24 3.89656E-17 1.43332E-15 % Am244
0.00000E+00 4.50414E-28 3.91893E-21 1.44623E-19 % Am245
0.00000E+00 4.28751E-08 7.65328E-07 1.57766E-06 % lost data
7.04520E-02 7.04572E-02 7.05447E-02 7.06426E-02 % total
];

MAT_uco_MDENS = [
0.00000E+00 3.94473E-13 6.63048E-12 1.25513E-11 % H3
0.00000E+00 6.02453E-06 6.07365E-06 6.09992E-06 % Xe135
1.68262E+00 1.68001E+00 1.63673E+00 1.58962E+00 % U235
8.17497E+00 8.17425E+00 8.16200E+00 8.14800E+00 % U238
0.00000E+00 2.10972E-11 3.05249E-07 2.72460E-06 % Pu238
0.00000E+00 3.33192E-04 1.14228E-02 2.24717E-02 % Pu239
0.00000E+00 5.64407E-07 3.15915E-04 1.21263E-03 % Pu240
0.00000E+00 1.92314E-09 2.14110E-05 1.69944E-04 % Pu241
0.00000E+00 8.22733E-13 1.78502E-07 2.97601E-06 % Pu242
0.00000E+00 2.88679E-13 6.16263E-08 1.02052E-06 % Am241
0.00000E+00 1.65608E-21 1.57922E-14 5.80902E-13 % Am244
0.00000E+00 1.83296E-25 1.59480E-18 5.88542E-17 % Am245
0.00000E+00 0.00000E+00 0.00000E+00 0.00000E+00 % lost data
1.10000E+01 1.10000E+01 1.09995E+01 1.09989E+01 % total
];

MAT_uco_A = [
0.00000E+00 7.02720E+06 1.18116E+08 2.23590E+08 % H3
0.00000E+00 2.83452E+16 2.85763E+16 2.86999E+16 % Xe135
6.72979E+09 6.71934E+09 6.54624E+09 6.35783E+09 % U235
5.08674E+09 5.08630E+09 5.07867E+09 5.06996E+09 % U238
0.00000E+00 6.68797E+05 9.67660E+09 8.63716E+10 % Pu238
0.00000E+00 3.82596E+10 1.31165E+12 2.58037E+12 % Pu239
0.00000E+00 2.37164E+08 1.32748E+11 5.09550E+11 % Pu240
0.00000E+00 3.69495E+08 4.11373E+12 3.26516E+13 % Pu241
0.00000E+00 5.99855E+00 1.30146E+06 2.16981E+07 % Pu242
0.00000E+00 1.83208E+03 3.91108E+08 6.47667E+09 % Am241
0.00000E+00 3.89755E+00 3.71666E+07 1.36714E+09 % Am244
0.00000E+00 2.11666E-03 1.84165E+04 6.79636E+05 % Am245
0.00000E+00 0.00000E+00 0.00000E+00 0.00000E+00 % lost data
1.18165E+10 3.40693E+18 3.78980E+18 3.85218E+18 % total
];

MAT_uco_H = [
0.00000E+00 6.40627E-09 1.07679E-07 2.03834E-07 % H3
0.00000E+00 2.55536E+03 2.57620E+03 2.58734E+03 % Xe135
4.97349E-03 4.96577E-03 4.83784E-03 4.69861E-03 % U235
3.48429E-03 3.48398E-03 3.47876E-03 3.47280E-03 % U238
0.00000E+00 5.98832E-07 8.66429E-03 7.73359E-02 % Pu238
0.00000E+00 3.21283E-02 1.10145E+00 2.16685E+00 % Pu239
0.00000E+00 1.99529E-04 1.11682E-01 4.28689E-01 % Pu240
0.00000E+00 3.17020E-07 3.52951E-03 2.80145E-02 % Pu241
0.00000E+00 4.78811E-12 1.03884E-06 1.73197E-05 % Pu242
0.00000E+00 1.64261E-09 3.50660E-04 5.80686E-03 % Am241
0.00000E+00 6.92351E-13 6.60219E-06 2.42855E-04 % Am244
0.00000E+00 1.06793E-16 9.29171E-10 3.42899E-08 % Am245
0.00000E+00 0.00000E+00 0.00000E+00 0.00000E+00 % lost data
8.45778E-03 1.20597E+06 1.24458E+06 1.24385E+06 % total
];

MAT_uco_SF = [
0.00000E+00 0.00000E+00 0.00000E+00 0.00000E+00 % H3
0.00000E+00 0.00000E+00 0.00000E+00 0.00000E+00 % Xe135
4.84545E-01 4.83793E-01 4.71329E-01 4.57764E-01 % U235
2.77736E+05 2.77712E+05 2.77295E+05 2.76820E+05 % U238
0.00000E+00 1.24396E-03 1.79985E+01 1.60651E+02 % Pu238
0.00000E+00 1.18605E-01 4.06612E+00 7.99915E+00 % Pu239
0.00000E+00 1.35184E+01 7.56663E+03 2.90443E+04 % Pu240
0.00000E+00 0.00000E+00 0.00000E+00 0.00000E+00 % Pu241
0.00000E+00 3.29920E-05 7.15801E+00 1.19340E+02 % Pu242
0.00000E+00 7.87796E-09 1.68176E-03 2.78497E-02 % Am241
0.00000E+00 0.00000E+00 0.00000E+00 0.00000E+00 % Am244
0.00000E+00 0.00000E+00 0.00000E+00 0.00000E+00 % Am245
0.00000E+00 0.00000E+00 0.00000E+00 0.00000E+00 % lost data
2.77737E+05 2.77726E+05 2.85258E+05 3.18500E+05 % total
];

MAT_uco_ING_TOX = [
0.00000E+00 2.95143E-04 4.96089E-03 9.39079E-03 % H3
0.00000E+00 5.95249E+09 6.00103E+09 6.02698E+09 % Xe135
3.16300E+02 3.15809E+02 3.07673E+02 2.98818E+02 % U235
2.28904E+02 2.28883E+02 2.28540E+02 2.28148E+02 % U238
0.00000E+00 1.53823E-01 2.22562E+03 1.98655E+04 % Pu238
0.00000E+00 9.56489E+03 3.27913E+05 6.45093E+05 % Pu239
0.00000E+00 5.92910E+01 3.31870E+04 1.27387E+05 % Pu240
0.00000E+00 1.77358E+00 1.97459E+04 1.56728E+05 % Pu241
0.00000E+00 1.43965E-06 3.12350E-01 5.20756E+00 % Pu242
0.00000E+00 3.66417E-04 7.82216E+01 1.29533E+03 % Am241
0.00000E+00 1.79287E-09 1.70967E-02 6.28885E-01 % Am244
0.00000E+00 1.31233E-13 1.14182E-06 4.21374E-05 % Am245
0.00000E+00 0.00000E+00 0.00000E+00 0.00000E+00 % lost data
5.45204E+02 4.71650E+10 6.28762E+10 6.29876E+10 % total
];

MAT_uco_INH_TOX = [
0.00000E+00 1.82707E-03 3.07103E-02 5.81335E-02 % H3
0.00000E+00 3.11797E+09 3.14339E+09 3.15699E+09 % Xe135
5.72032E+04 5.71144E+04 5.56430E+04 5.40416E+04 % U235
4.06940E+04 4.06904E+04 4.06294E+04 4.05597E+04 % U238
0.00000E+00 7.35676E+01 1.06443E+06 9.50087E+06 % Pu238
0.00000E+00 4.59115E+06 1.57398E+08 3.09645E+08 % Pu239
0.00000E+00 2.84597E+04 1.59297E+07 6.11460E+07 % Pu240
0.00000E+00 8.49838E+02 9.46159E+06 7.50987E+07 % Pu241
0.00000E+00 6.59841E-04 1.43160E+02 2.38680E+03 % Pu242
0.00000E+00 1.75880E-01 3.75463E+04 6.21760E+05 % Am241
0.00000E+00 1.44209E-08 1.37517E-01 5.05842E+00 % Am244
0.00000E+00 1.18533E-13 1.03132E-06 3.80596E-05 % Am245
0.00000E+00 0.00000E+00 0.00000E+00 0.00000E+00 % lost data
9.78972E+04 4.52060E+10 6.02876E+10 6.22080E+10 % total
];

TOT_VOLUME = [ 5.00346E+04 5.00346E+04 5.00346E+04 5.00346E+04 ];

TOT_BURNUP = [ 0.00000E+00 2.02781E-01 3.60954E+00 7.42188E+00 ];

TOT_ADENS = [
0.00000E+00 7.87774E-14 1.32413E-12 2.50653E-12 % H3
0.00000E+00 2.68926E-08 2.71119E-08 2.72291E-08 % Xe135
4.31104E-03 4.30434E-03 4.19345E-03 4.07276E-03 % U235
2.06805E-02 2.06787E-02 2.06477E-02 2.06123E-02 % U238
0.00000E+00 5.33706E-14 7.72201E-10 6.89253E-09 % Pu238
0.00000E+00 8.39354E-07 2.87755E-05 5.66093E-05 % Pu239
0.00000E+00 1.41588E-09 7.92511E-07 3.04203E-06 % Pu240
0.00000E+00 4.80451E-12 5.34905E-08 4.24566E-07 % Pu241
0.00000E+00 2.04683E-15 4.44085E-10 7.40387E-09 % Pu242
0.00000E+00 7.21173E-16 1.53954E-10 2.54945E-09 % Am241
0.00000E+00 4.08620E-24 3.89656E-17 1.43332E-15 % Am244
0.00000E+00 4.50414E-28 3.91893E-21 1.44623E-19 % Am245
0.00000E+00 4.28751E-08 7.65328E-07 1.57766E-06 % lost data
7.04520E-02 7.04572E-02 7.05447E-02 7.06426E-02 % total
];

