
DET1001 = [
    1    1    1    1    1    1    1    1    1    1  4.70217E+18 0.00431 
    2    2    1    1    1    1    1    1    1    1  2.29391E+18 0.00517 
    3    3    1    1    1    1    1    1    1    1  3.90646E+17 0.00979 
];


DET1001E = [
 1.00000E-09  6.25000E-07  3.13000E-07
 6.25000E-07  1.00000E-01  5.00003E-02
 1.00000E-01  2.00000E+01  1.00500E+01
];

DET1002 = [
    1    1    1    1    1    1    1    1    1    1  7.26433E+16 0.01087 
    2    2    1    1    1    1    1    1    1    1  3.58584E+17 0.00543 
    3    3    1    1    1    1    1    1    1    1  2.01387E+17 0.00654 
];


DET1002E = [
 1.00000E-09  6.25000E-07  3.13000E-07
 6.25000E-07  1.00000E-01  5.00003E-02
 1.00000E-01  2.00000E+01  1.00500E+01
];
