
DET1001 = [
    1    1    1    1    1    1    1    1    1    1  4.63145E+18 0.00471 
    2    2    1    1    1    1    1    1    1    1  2.26561E+18 0.00492 
    3    3    1    1    1    1    1    1    1    1  3.79998E+17 0.00959 
];


DET1001E = [
 1.00000E-09  6.25000E-07  3.13000E-07
 6.25000E-07  1.00000E-01  5.00003E-02
 1.00000E-01  2.00000E+01  1.00500E+01
];

DET1002 = [
    1    1    1    1    1    1    1    1    1    1  7.27089E+16 0.01072 
    2    2    1    1    1    1    1    1    1    1  3.40276E+17 0.00510 
    3    3    1    1    1    1    1    1    1    1  1.93562E+17 0.00652 
];


DET1002E = [
 1.00000E-09  6.25000E-07  3.13000E-07
 6.25000E-07  1.00000E-01  5.00003E-02
 1.00000E-01  2.00000E+01  1.00500E+01
];
