
DET1001 = [
    1    1    1    1    1    1    1    1    1    1  4.63576E+18 0.00493 
    2    2    1    1    1    1    1    1    1    1  2.25252E+18 0.00516 
    3    3    1    1    1    1    1    1    1    1  3.88584E+17 0.00953 
];


DET1001E = [
 1.00000E-09  6.25000E-07  3.13000E-07
 6.25000E-07  1.00000E-01  5.00003E-02
 1.00000E-01  2.00000E+01  1.00500E+01
];

DET1002 = [
    1    1    1    1    1    1    1    1    1    1  7.43490E+16 0.01073 
    2    2    1    1    1    1    1    1    1    1  3.50026E+17 0.00517 
    3    3    1    1    1    1    1    1    1    1  1.96051E+17 0.00643 
];


DET1002E = [
 1.00000E-09  6.25000E-07  3.13000E-07
 6.25000E-07  1.00000E-01  5.00003E-02
 1.00000E-01  2.00000E+01  1.00500E+01
];
