
DET1001 = [
    1    1    1    1    1    1    1    1    1    1  5.53914E+18 0.00450 
    2    2    1    1    1    1    1    1    1    1  2.35242E+18 0.00522 
    3    3    1    1    1    1    1    1    1    1  3.91497E+17 0.00946 
];


DET1001E = [
 1.00000E-09  6.25000E-07  3.13000E-07
 6.25000E-07  1.00000E-01  5.00003E-02
 1.00000E-01  2.00000E+01  1.00500E+01
];

DET1002 = [
    1    1    1    1    1    1    1    1    1    1  1.33915E+17 0.00834 
    2    2    1    1    1    1    1    1    1    1  4.01495E+17 0.00491 
    3    3    1    1    1    1    1    1    1    1  2.19366E+17 0.00639 
];


DET1002E = [
 1.00000E-09  6.25000E-07  3.13000E-07
 6.25000E-07  1.00000E-01  5.00003E-02
 1.00000E-01  2.00000E+01  1.00500E+01
];
