
ZAI = [
10030
541350
922350
922380
942380
942390
942400
942410
942420
952410
952440
952450
666
0
];

NAMES = [
'H3              '
'Xe135           '
'U235            '
'U238            '
'Pu238           '
'Pu239           '
'Pu240           '
'Pu241           '
'Pu242           '
'Am241           '
'Am244           '
'Am245           '
'lost            '
'total           '
];

i10030  = 1; iH3               = 1;
i541350 = 2; iXe135            = 2;
i922350 = 3; iU235             = 3;
i922380 = 4; iU238             = 4;
i942380 = 5; iPu238            = 5;
i942390 = 6; iPu239            = 6;
i942400 = 7; iPu240            = 7;
i942410 = 8; iPu241            = 8;
i942420 = 9; iPu242            = 9;
i952410 = 10; iAm241            = 10;
i952440 = 11; iAm244            = 11;
i952450 = 12; iAm245            = 12;
iLOST    = 13;
iTOT     = 14;

MAT_uco_VOLUME = [ 3.09778E+04 3.09778E+04 3.09778E+04 3.09778E+04 ];

MAT_uco_BURNUP = [ 0.00000E+00 3.27529E-01 5.82993E+00 1.19874E+01 ];

MAT_uco_ADENS = [
0.00000E+00 8.42142E-14 1.34844E-12 2.45894E-12 % H3
0.00000E+00 3.47006E-08 3.49683E-08 3.49537E-08 % Xe135
4.31104E-03 4.30040E-03 4.12517E-03 3.93663E-03 % U235
2.06805E-02 2.06779E-02 2.06340E-02 2.05837E-02 % U238
0.00000E+00 8.13580E-14 1.62299E-09 1.53397E-08 % Pu238
0.00000E+00 1.18433E-06 3.90410E-05 7.33798E-05 % Pu239
0.00000E+00 3.09987E-09 1.78040E-06 6.53428E-06 % Pu240
0.00000E+00 1.28364E-11 1.48114E-07 1.12838E-06 % Pu241
0.00000E+00 8.87798E-15 2.03655E-09 3.30919E-08 % Pu242
0.00000E+00 1.89978E-15 4.24795E-10 6.72271E-09 % Am241
0.00000E+00 2.45490E-23 2.56555E-16 9.28950E-15 % Am244
0.00000E+00 4.23203E-27 4.02222E-20 1.46159E-18 % Am245
0.00000E+00 6.92166E-08 1.23728E-06 2.55262E-06 % lost data
7.04520E-02 7.04604E-02 7.06018E-02 7.07599E-02 % total
];

MAT_uco_MDENS = [
0.00000E+00 4.21697E-13 6.75223E-12 1.23130E-11 % H3
0.00000E+00 7.77369E-06 7.83366E-06 7.83040E-06 % Xe135
1.68262E+00 1.67847E+00 1.61008E+00 1.53649E+00 % U235
8.17497E+00 8.17396E+00 8.15661E+00 8.13672E+00 % U238
0.00000E+00 3.21606E-11 6.41564E-07 6.06372E-06 % Pu238
0.00000E+00 4.70134E-04 1.54978E-02 2.91290E-02 % Pu239
0.00000E+00 1.23569E-06 7.09713E-04 2.60473E-03 % Pu240
0.00000E+00 5.13813E-09 5.92867E-05 4.51666E-04 % Pu241
0.00000E+00 3.56854E-12 8.18600E-07 1.33014E-05 % Pu242
0.00000E+00 7.60464E-13 1.70041E-07 2.69104E-06 % Am241
0.00000E+00 9.94935E-21 1.03978E-13 3.76490E-12 % Am244
0.00000E+00 1.72222E-24 1.63684E-17 5.94793E-16 % Am245
0.00000E+00 0.00000E+00 0.00000E+00 0.00000E+00 % lost data
1.10000E+01 1.10000E+01 1.09992E+01 1.09983E+01 % total
];

MAT_uco_A = [
0.00000E+00 4.65100E+06 7.44719E+07 1.35803E+08 % H3
0.00000E+00 2.26445E+16 2.28192E+16 2.28097E+16 % Xe135
4.16660E+09 4.15632E+09 3.98696E+09 3.80474E+09 % U235
3.14934E+09 3.14895E+09 3.14227E+09 3.13461E+09 % U238
0.00000E+00 6.31208E+05 1.25918E+10 1.19011E+11 % Pu238
0.00000E+00 3.34231E+10 1.10178E+12 2.07086E+12 % Pu239
0.00000E+00 3.21474E+08 1.84637E+11 6.77641E+11 % Pu240
0.00000E+00 6.11200E+08 7.05238E+12 5.37274E+13 % Pu241
0.00000E+00 1.61086E+01 3.69521E+06 6.00435E+07 % Pu242
0.00000E+00 2.98805E+03 6.68136E+08 1.05738E+10 % Am241
0.00000E+00 1.44972E+01 1.51507E+08 5.48585E+09 % Am244
0.00000E+00 1.23131E-02 1.17027E+05 4.25250E+06 % Am245
0.00000E+00 0.00000E+00 0.00000E+00 0.00000E+00 % lost data
7.31594E+09 3.35363E+18 3.72253E+18 3.77567E+18 % total
];

MAT_uco_H = [
0.00000E+00 4.24003E-09 6.78915E-08 1.23803E-07 % H3
0.00000E+00 2.04144E+03 2.05719E+03 2.05634E+03 % Xe135
3.07923E-03 3.07163E-03 2.94647E-03 2.81180E-03 % U235
2.15722E-03 2.15695E-03 2.15237E-03 2.14712E-03 % U238
0.00000E+00 5.65175E-07 1.12745E-02 1.06561E-01 % Pu238
0.00000E+00 2.80669E-02 9.25216E-01 1.73899E+00 % Pu239
0.00000E+00 2.70459E-04 1.55337E-01 5.70107E-01 % Pu240
0.00000E+00 5.24400E-07 6.05082E-03 4.60972E-02 % Pu241
0.00000E+00 1.28581E-11 2.94956E-06 4.79274E-05 % Pu242
0.00000E+00 2.67903E-09 5.99039E-04 9.48026E-03 % Am241
0.00000E+00 2.57525E-12 2.69133E-05 9.74492E-04 % Am244
0.00000E+00 6.21237E-16 5.90438E-09 2.14553E-07 % Am245
0.00000E+00 0.00000E+00 0.00000E+00 0.00000E+00 % lost data
5.23645E-03 1.20116E+06 1.23450E+06 1.22914E+06 % total
];

MAT_uco_SF = [
0.00000E+00 0.00000E+00 0.00000E+00 0.00000E+00 % H3
0.00000E+00 0.00000E+00 0.00000E+00 0.00000E+00 % Xe135
2.99995E-01 2.99255E-01 2.87061E-01 2.73941E-01 % U235
1.71954E+05 1.71933E+05 1.71568E+05 1.71149E+05 % U238
0.00000E+00 1.17405E-03 2.34208E+01 2.21361E+02 % Pu238
0.00000E+00 1.03612E-01 3.41553E+00 6.41967E+00 % Pu239
0.00000E+00 1.83240E+01 1.05243E+04 3.86255E+04 % Pu240
0.00000E+00 0.00000E+00 0.00000E+00 0.00000E+00 % Pu241
0.00000E+00 8.85973E-05 2.03237E+01 3.30239E+02 % Pu242
0.00000E+00 1.28486E-08 2.87299E-03 4.54672E-02 % Am241
0.00000E+00 0.00000E+00 0.00000E+00 0.00000E+00 % Am244
0.00000E+00 0.00000E+00 0.00000E+00 0.00000E+00 % Am245
0.00000E+00 0.00000E+00 0.00000E+00 0.00000E+00 % lost data
1.71954E+05 1.71952E+05 1.83106E+05 2.41962E+05 % total
];

MAT_uco_ING_TOX = [
0.00000E+00 1.95342E-04 3.12782E-03 5.70372E-03 % H3
0.00000E+00 4.75535E+09 4.79204E+09 4.79005E+09 % Xe135
1.95830E+02 1.95347E+02 1.87387E+02 1.78823E+02 % U235
1.41720E+02 1.41703E+02 1.41402E+02 1.41057E+02 % U238
0.00000E+00 1.45178E-01 2.89612E+03 2.73726E+04 % Pu238
0.00000E+00 8.35579E+03 2.75446E+05 5.17715E+05 % Pu239
0.00000E+00 8.03685E+01 4.61594E+04 1.69410E+05 % Pu240
0.00000E+00 2.93376E+00 3.38514E+04 2.57892E+05 % Pu241
0.00000E+00 3.86607E-06 8.86851E-01 1.44104E+01 % Pu242
0.00000E+00 5.97611E-04 1.33627E+02 2.11476E+03 % Am241
0.00000E+00 6.66873E-09 6.96931E-02 2.52349E+00 % Am244
0.00000E+00 7.63413E-13 7.25565E-06 2.63655E-04 % Am245
0.00000E+00 0.00000E+00 0.00000E+00 0.00000E+00 % lost data
3.37551E+02 4.59094E+10 6.15027E+10 6.14673E+10 % total
];

MAT_uco_INH_TOX = [
0.00000E+00 1.20926E-03 1.93627E-02 3.53088E-02 % H3
0.00000E+00 2.49090E+09 2.51011E+09 2.50907E+09 % Xe135
3.54161E+04 3.53287E+04 3.38891E+04 3.23403E+04 % U235
2.51947E+04 2.51916E+04 2.51381E+04 2.50768E+04 % U238
0.00000E+00 6.94329E+01 1.38510E+06 1.30912E+07 % Pu238
0.00000E+00 4.01078E+06 1.32214E+08 2.48503E+08 % Pu239
0.00000E+00 3.85769E+04 2.21565E+07 8.13169E+07 % Pu240
0.00000E+00 1.40576E+03 1.62205E+07 1.23573E+08 % Pu241
0.00000E+00 1.77195E-03 4.06473E+02 6.60479E+03 % Pu242
0.00000E+00 2.86853E-01 6.41411E+04 1.01508E+06 % Am241
0.00000E+00 5.36398E-08 5.60575E-01 2.02976E+01 % Am244
0.00000E+00 6.89534E-13 6.55349E-06 2.38140E-04 % Am245
0.00000E+00 0.00000E+00 0.00000E+00 0.00000E+00 % lost data
6.06108E+04 4.44890E+10 5.94955E+10 6.13369E+10 % total
];

TOT_VOLUME = [ 3.09778E+04 3.09778E+04 3.09778E+04 3.09778E+04 ];

TOT_BURNUP = [ 0.00000E+00 3.27529E-01 5.82993E+00 1.19874E+01 ];

TOT_ADENS = [
0.00000E+00 8.42142E-14 1.34844E-12 2.45894E-12 % H3
0.00000E+00 3.47006E-08 3.49683E-08 3.49537E-08 % Xe135
4.31104E-03 4.30040E-03 4.12517E-03 3.93663E-03 % U235
2.06805E-02 2.06779E-02 2.06340E-02 2.05837E-02 % U238
0.00000E+00 8.13580E-14 1.62299E-09 1.53397E-08 % Pu238
0.00000E+00 1.18433E-06 3.90410E-05 7.33798E-05 % Pu239
0.00000E+00 3.09987E-09 1.78040E-06 6.53428E-06 % Pu240
0.00000E+00 1.28364E-11 1.48114E-07 1.12838E-06 % Pu241
0.00000E+00 8.87798E-15 2.03655E-09 3.30919E-08 % Pu242
0.00000E+00 1.89978E-15 4.24795E-10 6.72271E-09 % Am241
0.00000E+00 2.45490E-23 2.56555E-16 9.28950E-15 % Am244
0.00000E+00 4.23203E-27 4.02222E-20 1.46159E-18 % Am245
0.00000E+00 6.92166E-08 1.23728E-06 2.55262E-06 % lost data
7.04520E-02 7.04604E-02 7.06018E-02 7.07599E-02 % total
];

