
DET1001 = [
    1    1    1    1    1    1    1    1    1    1  5.50409E+18 0.00446 
    2    2    1    1    1    1    1    1    1    1  2.33287E+18 0.00512 
    3    3    1    1    1    1    1    1    1    1  3.84114E+17 0.00987 
];


DET1001E = [
 1.00000E-09  6.25000E-07  3.13000E-07
 6.25000E-07  1.00000E-01  5.00003E-02
 1.00000E-01  2.00000E+01  1.00500E+01
];

DET1002 = [
    1    1    1    1    1    1    1    1    1    1  1.33883E+17 0.00822 
    2    2    1    1    1    1    1    1    1    1  3.90422E+17 0.00482 
    3    3    1    1    1    1    1    1    1    1  2.07429E+17 0.00607 
];


DET1002E = [
 1.00000E-09  6.25000E-07  3.13000E-07
 6.25000E-07  1.00000E-01  5.00003E-02
 1.00000E-01  2.00000E+01  1.00500E+01
];
