
DET1001 = [
    1    1    1    1    1    1    1    1    1    1  5.45153E+18 0.00431 
    2    2    1    1    1    1    1    1    1    1  2.25266E+18 0.00478 
    3    3    1    1    1    1    1    1    1    1  3.74094E+17 0.00932 
];


DET1001E = [
 1.00000E-09  6.25000E-07  3.13000E-07
 6.25000E-07  1.00000E-01  5.00003E-02
 1.00000E-01  2.00000E+01  1.00500E+01
];

DET1002 = [
    1    1    1    1    1    1    1    1    1    1  1.32619E+17 0.00816 
    2    2    1    1    1    1    1    1    1    1  3.73771E+17 0.00505 
    3    3    1    1    1    1    1    1    1    1  1.99527E+17 0.00597 
];


DET1002E = [
 1.00000E-09  6.25000E-07  3.13000E-07
 6.25000E-07  1.00000E-01  5.00003E-02
 1.00000E-01  2.00000E+01  1.00500E+01
];
