
DET1001 = [
    1    1    1    1    1    1    1    1    1    1  5.45123E+18 0.00436 
    2    2    1    1    1    1    1    1    1    1  2.28065E+18 0.00527 
    3    3    1    1    1    1    1    1    1    1  3.77397E+17 0.01000 
];


DET1001E = [
 1.00000E-09  6.25000E-07  3.13000E-07
 6.25000E-07  1.00000E-01  5.00003E-02
 1.00000E-01  2.00000E+01  1.00500E+01
];

DET1002 = [
    1    1    1    1    1    1    1    1    1    1  1.35127E+17 0.00798 
    2    2    1    1    1    1    1    1    1    1  3.82445E+17 0.00473 
    3    3    1    1    1    1    1    1    1    1  2.04164E+17 0.00630 
];


DET1002E = [
 1.00000E-09  6.25000E-07  3.13000E-07
 6.25000E-07  1.00000E-01  5.00003E-02
 1.00000E-01  2.00000E+01  1.00500E+01
];
