
DET1001 = [
    1    1    1    1    1    1    1    1    1    1  5.21120E+18 0.00433 
    2    2    1    1    1    1    1    1    1    1  2.00502E+18 0.00552 
    3    3    1    1    1    1    1    1    1    1  2.02850E+17 0.01145 
];


DET1001E = [
 1.00000E-09  6.25000E-07  3.13000E-07
 6.25000E-07  1.00000E-01  5.00003E-02
 1.00000E-01  2.00000E+01  1.00500E+01
];

DET1002 = [
    1    1    1    1    1    1    1    1    1    1  1.57554E+17 0.00792 
    2    2    1    1    1    1    1    1    1    1  4.07714E+17 0.00496 
    3    3    1    1    1    1    1    1    1    1  1.90765E+17 0.00607 
];


DET1002E = [
 1.00000E-09  6.25000E-07  3.13000E-07
 6.25000E-07  1.00000E-01  5.00003E-02
 1.00000E-01  2.00000E+01  1.00500E+01
];
