
DET1001 = [
    1    1    1    1    1    1    1    1    1    1  5.01675E+18 0.00478 
    2    2    1    1    1    1    1    1    1    1  1.92287E+18 0.00597 
    3    3    1    1    1    1    1    1    1    1  1.98106E+17 0.01105 
];


DET1001E = [
 1.00000E-09  6.25000E-07  3.13000E-07
 6.25000E-07  1.00000E-01  5.00003E-02
 1.00000E-01  2.00000E+01  1.00500E+01
];

DET1002 = [
    1    1    1    1    1    1    1    1    1    1  1.54278E+17 0.00741 
    2    2    1    1    1    1    1    1    1    1  3.86984E+17 0.00480 
    3    3    1    1    1    1    1    1    1    1  1.80567E+17 0.00637 
];


DET1002E = [
 1.00000E-09  6.25000E-07  3.13000E-07
 6.25000E-07  1.00000E-01  5.00003E-02
 1.00000E-01  2.00000E+01  1.00500E+01
];
