
DET1001 = [
    1    1    1    1    1    1    1    1    1    1  5.13863E+18 0.00457 
    2    2    1    1    1    1    1    1    1    1  1.96280E+18 0.00603 
    3    3    1    1    1    1    1    1    1    1  2.02653E+17 0.01117 
];


DET1001E = [
 1.00000E-09  6.25000E-07  3.13000E-07
 6.25000E-07  1.00000E-01  5.00003E-02
 1.00000E-01  2.00000E+01  1.00500E+01
];

DET1002 = [
    1    1    1    1    1    1    1    1    1    1  1.57743E+17 0.00779 
    2    2    1    1    1    1    1    1    1    1  3.97023E+17 0.00470 
    3    3    1    1    1    1    1    1    1    1  1.85568E+17 0.00628 
];


DET1002E = [
 1.00000E-09  6.25000E-07  3.13000E-07
 6.25000E-07  1.00000E-01  5.00003E-02
 1.00000E-01  2.00000E+01  1.00500E+01
];
