
DET1001 = [
    1    1    1    1    1    1    1    1    1    1  4.96099E+18 0.00461 
    2    2    1    1    1    1    1    1    1    1  1.90615E+18 0.00567 
    3    3    1    1    1    1    1    1    1    1  1.96091E+17 0.01223 
];


DET1001E = [
 1.00000E-09  6.25000E-07  3.13000E-07
 6.25000E-07  1.00000E-01  5.00003E-02
 1.00000E-01  2.00000E+01  1.00500E+01
];

DET1002 = [
    1    1    1    1    1    1    1    1    1    1  1.55586E+17 0.00725 
    2    2    1    1    1    1    1    1    1    1  3.74454E+17 0.00499 
    3    3    1    1    1    1    1    1    1    1  1.73668E+17 0.00622 
];


DET1002E = [
 1.00000E-09  6.25000E-07  3.13000E-07
 6.25000E-07  1.00000E-01  5.00003E-02
 1.00000E-01  2.00000E+01  1.00500E+01
];
