
ZAI = [
10030
541350
922350
922380
942380
942390
942400
942410
942420
952410
952440
952450
666
0
];

NAMES = [
'H3              '
'Xe135           '
'U235            '
'U238            '
'Pu238           '
'Pu239           '
'Pu240           '
'Pu241           '
'Pu242           '
'Am241           '
'Am244           '
'Am245           '
'lost            '
'total           '
];

i10030  = 1; iH3               = 1;
i541350 = 2; iXe135            = 2;
i922350 = 3; iU235             = 3;
i922380 = 4; iU238             = 4;
i942380 = 5; iPu238            = 5;
i942390 = 6; iPu239            = 6;
i942400 = 7; iPu240            = 7;
i942410 = 8; iPu241            = 8;
i942420 = 9; iPu242            = 9;
i952410 = 10; iAm241            = 10;
i952440 = 11; iAm244            = 11;
i952450 = 12; iAm245            = 12;
iLOST    = 13;
iTOT     = 14;

MAT_uco_VOLUME = [ 2.43398E+04 2.43398E+04 2.43398E+04 2.43398E+04 ];

MAT_uco_BURNUP = [ 0.00000E+00 4.16852E-01 7.42000E+00 1.52568E+01 ];

MAT_uco_ADENS = [
0.00000E+00 7.94888E-14 1.25831E-12 2.25008E-12 % H3
0.00000E+00 4.13465E-08 4.14027E-08 4.11398E-08 % Xe135
4.87458E-03 4.86109E-03 4.63865E-03 4.39888E-03 % U235
2.01233E-02 2.01205E-02 2.00727E-02 2.00179E-02 % U238
0.00000E+00 8.20991E-14 2.06681E-09 2.01768E-08 % Pu238
0.00000E+00 1.28973E-06 4.20030E-05 7.78312E-05 % Pu239
0.00000E+00 3.69524E-09 2.14594E-06 7.83826E-06 % Pu240
0.00000E+00 1.56453E-11 1.82404E-07 1.37722E-06 % Pu241
0.00000E+00 1.17081E-14 2.73409E-09 4.44422E-08 % Pu242
0.00000E+00 2.30870E-15 5.22778E-10 8.18519E-09 % Am241
0.00000E+00 3.31718E-23 3.44365E-16 1.26802E-14 % Am244
0.00000E+00 6.06369E-27 5.70026E-20 2.12635E-18 % Am245
0.00000E+00 8.80810E-08 1.57405E-06 3.24683E-06 % lost data
7.04699E-02 7.04806E-02 7.06606E-02 7.08617E-02 % total
];

MAT_uco_MDENS = [
0.00000E+00 3.98035E-13 6.30092E-12 1.12671E-11 % H3
0.00000E+00 9.26251E-06 9.27511E-06 9.21621E-06 % Xe135
1.90258E+00 1.89731E+00 1.81049E+00 1.71691E+00 % U235
7.95473E+00 7.95363E+00 7.93474E+00 7.91305E+00 % U238
0.00000E+00 3.24535E-11 8.17005E-07 7.97582E-06 % Pu238
0.00000E+00 5.11973E-04 1.66736E-02 3.08960E-02 % Pu239
0.00000E+00 1.47302E-06 8.55428E-04 3.12453E-03 % Pu240
0.00000E+00 6.26247E-09 7.30122E-05 5.51271E-04 % Pu241
0.00000E+00 4.70613E-12 1.09898E-06 1.78637E-05 % Pu242
0.00000E+00 9.24153E-13 2.09263E-07 3.27645E-06 % Am241
0.00000E+00 1.34441E-20 1.39566E-13 5.13909E-12 % Am244
0.00000E+00 2.46761E-24 2.31972E-17 8.65317E-16 % Am245
0.00000E+00 0.00000E+00 0.00000E+00 0.00000E+00 % lost data
1.10000E+01 1.09999E+01 1.09989E+01 1.09978E+01 % total
];

MAT_uco_A = [
0.00000E+00 3.44931E+06 5.46029E+07 9.76395E+07 % H3
0.00000E+00 2.11998E+16 2.12286E+16 2.10938E+16 % Xe135
3.70172E+09 3.69147E+09 3.52256E+09 3.34047E+09 % U235
2.40783E+09 2.40749E+09 2.40178E+09 2.39521E+09 % U238
0.00000E+00 5.00468E+05 1.25991E+10 1.22996E+11 % Pu238
0.00000E+00 2.85982E+10 9.31368E+11 1.72582E+12 % Pu239
0.00000E+00 3.01101E+08 1.74859E+11 6.38687E+11 % Pu240
0.00000E+00 5.85316E+08 6.82401E+12 5.15240E+13 % Pu241
0.00000E+00 1.66916E+01 3.89783E+06 6.33586E+07 % Pu242
0.00000E+00 2.85312E+03 6.46055E+08 1.01153E+10 % Am241
0.00000E+00 1.53917E+01 1.59785E+08 5.88360E+09 % Am244
0.00000E+00 1.38619E-02 1.30311E+05 4.86094E+06 % Am245
0.00000E+00 0.00000E+00 0.00000E+00 0.00000E+00 % lost data
6.10955E+09 3.30509E+18 3.65753E+18 3.70881E+18 % total
];

MAT_uco_H = [
0.00000E+00 3.14453E-09 4.97781E-08 8.90119E-08 % H3
0.00000E+00 1.91119E+03 1.91379E+03 1.90164E+03 % Xe135
2.73567E-03 2.72809E-03 2.60326E-03 2.46870E-03 % U235
1.64930E-03 1.64907E-03 1.64515E-03 1.64066E-03 % U238
0.00000E+00 4.48113E-07 1.12811E-02 1.10129E-01 % Pu238
0.00000E+00 2.40152E-02 7.82111E-01 1.44924E+00 % Pu239
0.00000E+00 2.53319E-04 1.47110E-01 5.37334E-01 % Pu240
0.00000E+00 5.02191E-07 5.85489E-03 4.42067E-02 % Pu241
0.00000E+00 1.33234E-11 3.11129E-06 5.05735E-05 % Pu242
0.00000E+00 2.55806E-09 5.79241E-04 9.06923E-03 % Am241
0.00000E+00 2.73415E-12 2.83839E-05 1.04515E-03 % Am244
0.00000E+00 6.99378E-16 6.57461E-09 2.45251E-07 % Am245
0.00000E+00 0.00000E+00 0.00000E+00 0.00000E+00 % lost data
4.38497E-03 1.19725E+06 1.22672E+06 1.22114E+06 % total
];

MAT_uco_SF = [
0.00000E+00 0.00000E+00 0.00000E+00 0.00000E+00 % H3
0.00000E+00 0.00000E+00 0.00000E+00 0.00000E+00 % Xe135
2.66524E-01 2.65786E-01 2.53624E-01 2.40514E-01 % U235
1.31467E+05 1.31449E+05 1.31137E+05 1.30779E+05 % U238
0.00000E+00 9.30871E-04 2.34343E+01 2.28772E+02 % Pu238
0.00000E+00 8.86545E-02 2.88724E+00 5.35003E+00 % Pu239
0.00000E+00 1.71627E+01 9.96693E+03 3.64052E+04 % Pu240
0.00000E+00 0.00000E+00 0.00000E+00 0.00000E+00 % Pu241
0.00000E+00 9.18037E-05 2.14380E+01 3.48472E+02 % Pu242
0.00000E+00 1.22684E-08 2.77804E-03 4.34960E-02 % Am241
0.00000E+00 0.00000E+00 0.00000E+00 0.00000E+00 % Am244
0.00000E+00 0.00000E+00 0.00000E+00 0.00000E+00 % Am245
0.00000E+00 0.00000E+00 0.00000E+00 0.00000E+00 % lost data
1.31468E+05 1.31467E+05 1.42149E+05 2.00445E+05 % total
];

MAT_uco_ING_TOX = [
0.00000E+00 1.44871E-04 2.29332E-03 4.10086E-03 % H3
0.00000E+00 4.45195E+09 4.45801E+09 4.42970E+09 % Xe135
1.73981E+02 1.73499E+02 1.65560E+02 1.57002E+02 % U235
1.08352E+02 1.08337E+02 1.08080E+02 1.07784E+02 % U238
0.00000E+00 1.15108E-01 2.89779E+03 2.82890E+04 % Pu238
0.00000E+00 7.14956E+03 2.32842E+05 4.31454E+05 % Pu239
0.00000E+00 7.52752E+01 4.37146E+04 1.59672E+05 % Pu240
0.00000E+00 2.80952E+00 3.27553E+04 2.47315E+05 % Pu241
0.00000E+00 4.00598E-06 9.35479E-01 1.52061E+01 % Pu242
0.00000E+00 5.70624E-04 1.29211E+02 2.02307E+03 % Am241
0.00000E+00 7.08019E-09 7.35013E-02 2.70645E+00 % Am244
0.00000E+00 8.59437E-13 8.07926E-06 3.01379E-04 % Am245
0.00000E+00 0.00000E+00 0.00000E+00 0.00000E+00 % lost data
2.82333E+02 4.55692E+10 6.09520E+10 6.08558E+10 % total
];

MAT_uco_INH_TOX = [
0.00000E+00 8.96822E-04 1.41968E-02 2.53863E-02 % H3
0.00000E+00 2.33198E+09 2.33515E+09 2.32032E+09 % Xe135
3.14646E+04 3.13775E+04 2.99417E+04 2.83940E+04 % U235
1.92626E+04 1.92600E+04 1.92142E+04 1.91617E+04 % U238
0.00000E+00 5.50515E+01 1.38590E+06 1.35295E+07 % Pu238
0.00000E+00 3.43179E+06 1.11764E+08 2.07098E+08 % Pu239
0.00000E+00 3.61321E+04 2.09830E+07 7.66425E+07 % Pu240
0.00000E+00 1.34623E+03 1.56952E+07 1.18505E+08 % Pu241
0.00000E+00 1.83607E-03 4.28761E+02 6.96945E+03 % Pu242
0.00000E+00 2.73900E-01 6.20212E+04 9.71072E+05 % Am241
0.00000E+00 5.69494E-08 5.91206E-01 2.17693E+01 % Am244
0.00000E+00 7.76266E-13 7.29740E-06 2.72213E-04 % Am245
0.00000E+00 0.00000E+00 0.00000E+00 0.00000E+00 % lost data
5.07272E+04 4.42752E+10 5.90599E+10 6.08185E+10 % total
];

TOT_VOLUME = [ 2.43398E+04 2.43398E+04 2.43398E+04 2.43398E+04 ];

TOT_BURNUP = [ 0.00000E+00 4.16852E-01 7.42000E+00 1.52568E+01 ];

TOT_ADENS = [
0.00000E+00 7.94888E-14 1.25831E-12 2.25008E-12 % H3
0.00000E+00 4.13465E-08 4.14027E-08 4.11398E-08 % Xe135
4.87458E-03 4.86109E-03 4.63865E-03 4.39888E-03 % U235
2.01233E-02 2.01205E-02 2.00727E-02 2.00179E-02 % U238
0.00000E+00 8.20991E-14 2.06681E-09 2.01768E-08 % Pu238
0.00000E+00 1.28973E-06 4.20030E-05 7.78312E-05 % Pu239
0.00000E+00 3.69524E-09 2.14594E-06 7.83826E-06 % Pu240
0.00000E+00 1.56453E-11 1.82404E-07 1.37722E-06 % Pu241
0.00000E+00 1.17081E-14 2.73409E-09 4.44422E-08 % Pu242
0.00000E+00 2.30870E-15 5.22778E-10 8.18519E-09 % Am241
0.00000E+00 3.31718E-23 3.44365E-16 1.26802E-14 % Am244
0.00000E+00 6.06369E-27 5.70026E-20 2.12635E-18 % Am245
0.00000E+00 8.80810E-08 1.57405E-06 3.24683E-06 % lost data
7.04699E-02 7.04806E-02 7.06606E-02 7.08617E-02 % total
];

