
DET1001 = [
    1    1    1    1    1    1    1    1    1    1  5.82108E+18 0.00465 
    2    2    1    1    1    1    1    1    1    1  1.98711E+18 0.00599 
    3    3    1    1    1    1    1    1    1    1  2.06171E+17 0.01242 
];


DET1001E = [
 1.00000E-09  6.25000E-07  3.13000E-07
 6.25000E-07  1.00000E-01  5.00003E-02
 1.00000E-01  2.00000E+01  1.00500E+01
];

DET1002 = [
    1    1    1    1    1    1    1    1    1    1  2.18553E+17 0.00672 
    2    2    1    1    1    1    1    1    1    1  4.37304E+17 0.00489 
    3    3    1    1    1    1    1    1    1    1  2.09423E+17 0.00632 
];


DET1002E = [
 1.00000E-09  6.25000E-07  3.13000E-07
 6.25000E-07  1.00000E-01  5.00003E-02
 1.00000E-01  2.00000E+01  1.00500E+01
];
