
ZAI = [
10030
541350
922350
922380
942380
942390
942400
942410
942420
952410
952440
952450
666
0
];

NAMES = [
'H3              '
'Xe135           '
'U235            '
'U238            '
'Pu238           '
'Pu239           '
'Pu240           '
'Pu241           '
'Pu242           '
'Am241           '
'Am244           '
'Am245           '
'lost            '
'total           '
];

i10030  = 1; iH3               = 1;
i541350 = 2; iXe135            = 2;
i922350 = 3; iU235             = 3;
i922380 = 4; iU238             = 4;
i942380 = 5; iPu238            = 5;
i942390 = 6; iPu239            = 6;
i942400 = 7; iPu240            = 7;
i942410 = 8; iPu241            = 8;
i942420 = 9; iPu242            = 9;
i952410 = 10; iAm241            = 10;
i952440 = 11; iAm244            = 11;
i952450 = 12; iAm245            = 12;
iLOST    = 13;
iTOT     = 14;

MAT_uco_VOLUME = [ 1.67860E+04 1.67860E+04 1.67860E+04 1.67860E+04 ];

MAT_uco_BURNUP = [ 0.00000E+00 6.04416E-01 1.07585E+01 2.21215E+01 ];

MAT_uco_ADENS = [
0.00000E+00 1.28545E-13 1.78022E-12 2.87226E-12 % H3
0.00000E+00 4.08285E-08 4.07605E-08 3.97813E-08 % Xe135
3.74777E-03 3.72838E-03 3.41435E-03 3.08622E-03 % U235
2.12374E-02 2.12330E-02 2.11571E-02 2.10686E-02 % U238
0.00000E+00 2.42528E-13 7.04649E-09 6.89910E-08 % Pu238
0.00000E+00 2.02101E-06 5.93850E-05 9.97225E-05 % Pu239
0.00000E+00 1.06528E-08 5.66356E-06 1.84432E-05 % Pu240
0.00000E+00 6.99065E-11 7.44599E-07 4.88858E-06 % Pu241
0.00000E+00 9.87456E-14 2.16962E-08 3.17219E-07 % Pu242
0.00000E+00 1.02437E-14 2.12530E-09 2.86589E-08 % Am241
0.00000E+00 6.46479E-22 6.85249E-15 2.22557E-13 % Am244
0.00000E+00 2.19892E-25 2.11607E-18 7.01432E-17 % Am245
0.00000E+00 1.27689E-07 2.29270E-06 4.73776E-06 % lost data
7.04339E-02 7.04495E-02 7.07108E-02 7.10023E-02 % total
];

MAT_uco_MDENS = [
0.00000E+00 6.43680E-13 8.91433E-12 1.43827E-11 % H3
0.00000E+00 9.14647E-06 9.13125E-06 8.91189E-06 % Xe135
1.46278E+00 1.45521E+00 1.33264E+00 1.20457E+00 % U235
8.39511E+00 8.39338E+00 8.36340E+00 8.32839E+00 % U238
0.00000E+00 9.58707E-11 2.78545E-06 2.72719E-05 % Pu238
0.00000E+00 8.02265E-04 2.35736E-02 3.95860E-02 % Pu239
0.00000E+00 4.24650E-06 2.25764E-03 7.35192E-03 % Pu240
0.00000E+00 2.79820E-08 2.98046E-04 1.95679E-03 % Pu241
0.00000E+00 3.96912E-11 8.72089E-06 1.27507E-04 % Pu242
0.00000E+00 4.10045E-12 8.50738E-07 1.14719E-05 % Am241
0.00000E+00 2.62009E-19 2.77721E-12 9.01992E-11 % Am244
0.00000E+00 8.94850E-23 8.61132E-16 2.85447E-14 % Am245
0.00000E+00 0.00000E+00 0.00000E+00 0.00000E+00 % lost data
1.10000E+01 1.09999E+01 1.09984E+01 1.09968E+01 % total
];

MAT_uco_A = [
0.00000E+00 3.84690E+06 5.32758E+07 8.59568E+07 % H3
0.00000E+00 1.44373E+16 1.44133E+16 1.40670E+16 % Xe135
1.96276E+09 1.95261E+09 1.78815E+09 1.61630E+09 % U235
1.75249E+09 1.75213E+09 1.74587E+09 1.73856E+09 % U238
0.00000E+00 1.01960E+06 2.96238E+10 2.90042E+11 % Pu238
0.00000E+00 3.09058E+10 9.08129E+11 1.52498E+12 % Pu239
0.00000E+00 5.98638E+08 3.18264E+11 1.03642E+12 % Pu240
0.00000E+00 1.80365E+09 1.92113E+13 1.26130E+14 % Pu241
0.00000E+00 9.70862E+01 2.13316E+07 3.11888E+08 % Pu242
0.00000E+00 8.73048E+03 1.81135E+09 2.44254E+10 % Am241
0.00000E+00 2.06872E+02 2.19279E+09 7.12179E+10 % Am244
0.00000E+00 3.46677E-01 3.33614E+06 1.10586E+08 % Am245
0.00000E+00 0.00000E+00 0.00000E+00 0.00000E+00 % lost data
3.71526E+09 3.32018E+18 3.65927E+18 3.68780E+18 % total
];

MAT_uco_H = [
0.00000E+00 3.50698E-09 4.85683E-08 7.83615E-08 % H3
0.00000E+00 1.30155E+03 1.29938E+03 1.26816E+03 % Xe135
1.45054E-03 1.44303E-03 1.32149E-03 1.19449E-03 % U235
1.20041E-03 1.20017E-03 1.19588E-03 1.19087E-03 % U238
0.00000E+00 9.12938E-07 2.65247E-02 2.59699E-01 % Pu238
0.00000E+00 2.59530E-02 7.62597E-01 1.28059E+00 % Pu239
0.00000E+00 5.03640E-04 2.67759E-01 8.71947E-01 % Pu240
0.00000E+00 1.54750E-06 1.64830E-02 1.08217E-01 % Pu241
0.00000E+00 7.74953E-11 1.70271E-05 2.48953E-04 % Pu242
0.00000E+00 7.82759E-09 1.62402E-03 2.18994E-02 % Am241
0.00000E+00 3.67482E-11 3.89521E-04 1.26510E-02 % Am244
0.00000E+00 1.74910E-14 1.68319E-07 5.57944E-06 % Am245
0.00000E+00 0.00000E+00 0.00000E+00 0.00000E+00 % lost data
2.65095E-03 1.19749E+06 1.21604E+06 1.19733E+06 % total
];

MAT_uco_SF = [
0.00000E+00 0.00000E+00 0.00000E+00 0.00000E+00 % H3
0.00000E+00 0.00000E+00 0.00000E+00 0.00000E+00 % Xe135
1.41319E-01 1.40588E-01 1.28747E-01 1.16374E-01 % U235
9.56861E+04 9.56664E+04 9.53246E+04 9.49256E+04 % U238
0.00000E+00 1.89646E-03 5.51002E+01 5.39477E+02 % Pu238
0.00000E+00 9.58079E-02 2.81520E+00 4.72743E+00 % Pu239
0.00000E+00 3.41224E+01 1.81411E+04 5.90757E+04 % Pu240
0.00000E+00 0.00000E+00 0.00000E+00 0.00000E+00 % Pu241
0.00000E+00 5.33974E-04 1.17324E+02 1.71539E+03 % Pu242
0.00000E+00 3.75411E-08 7.78879E-03 1.05029E-01 % Am241
0.00000E+00 0.00000E+00 0.00000E+00 0.00000E+00 % Am244
0.00000E+00 0.00000E+00 0.00000E+00 0.00000E+00 % Am245
0.00000E+00 0.00000E+00 0.00000E+00 0.00000E+00 % lost data
9.56862E+04 9.57008E+04 1.18907E+05 3.11281E+05 % total
];

MAT_uco_ING_TOX = [
0.00000E+00 1.61570E-04 2.23758E-03 3.61019E-03 % H3
0.00000E+00 3.03183E+09 3.02679E+09 2.95407E+09 % Xe135
9.22499E+01 9.17727E+01 8.40431E+01 7.59662E+01 % U235
7.88622E+01 7.88459E+01 7.85642E+01 7.82354E+01 % U238
0.00000E+00 2.34508E-01 6.81347E+03 6.67096E+04 % Pu238
0.00000E+00 7.72644E+03 2.27032E+05 3.81245E+05 % Pu239
0.00000E+00 1.49659E+02 7.95660E+04 2.59104E+05 % Pu240
0.00000E+00 8.65753E+00 9.22144E+04 6.05424E+05 % Pu241
0.00000E+00 2.33007E-05 5.11959E+00 7.48532E+01 % Pu242
0.00000E+00 1.74610E-03 3.62269E+02 4.88508E+03 % Am241
0.00000E+00 9.51612E-08 1.00868E+00 3.27602E+01 % Am244
0.00000E+00 2.14940E-11 2.06841E-04 6.85634E-03 % Am245
0.00000E+00 0.00000E+00 0.00000E+00 0.00000E+00 % lost data
1.71112E+02 4.41359E+10 5.93436E+10 5.87838E+10 % total
];

MAT_uco_INH_TOX = [
0.00000E+00 1.00019E-03 1.38517E-02 2.23488E-02 % H3
0.00000E+00 1.58810E+09 1.58546E+09 1.54737E+09 % Xe135
1.66835E+04 1.65972E+04 1.51993E+04 1.37386E+04 % U235
1.40199E+04 1.40171E+04 1.39670E+04 1.39085E+04 % U238
0.00000E+00 1.12156E+02 3.25862E+06 3.19046E+07 % Pu238
0.00000E+00 3.70869E+06 1.08976E+08 1.82997E+08 % Pu239
0.00000E+00 7.18365E+04 3.81917E+07 1.24370E+08 % Pu240
0.00000E+00 4.14840E+03 4.41861E+07 2.90099E+08 % Pu241
0.00000E+00 1.06795E-02 2.34648E+03 3.43077E+04 % Pu242
0.00000E+00 8.38126E-01 1.73889E+05 2.34484E+06 % Am241
0.00000E+00 7.65427E-07 8.11331E+00 2.63506E+02 % Am244
0.00000E+00 1.94139E-11 1.86824E-04 6.19283E-03 % Am245
0.00000E+00 0.00000E+00 0.00000E+00 0.00000E+00 % lost data
3.07034E+04 4.35252E+10 5.83172E+10 5.98829E+10 % total
];

TOT_VOLUME = [ 1.67860E+04 1.67860E+04 1.67860E+04 1.67860E+04 ];

TOT_BURNUP = [ 0.00000E+00 6.04416E-01 1.07585E+01 2.21215E+01 ];

TOT_ADENS = [
0.00000E+00 1.28545E-13 1.78022E-12 2.87226E-12 % H3
0.00000E+00 4.08285E-08 4.07605E-08 3.97813E-08 % Xe135
3.74777E-03 3.72838E-03 3.41435E-03 3.08622E-03 % U235
2.12374E-02 2.12330E-02 2.11571E-02 2.10686E-02 % U238
0.00000E+00 2.42528E-13 7.04649E-09 6.89910E-08 % Pu238
0.00000E+00 2.02101E-06 5.93850E-05 9.97225E-05 % Pu239
0.00000E+00 1.06528E-08 5.66356E-06 1.84432E-05 % Pu240
0.00000E+00 6.99065E-11 7.44599E-07 4.88858E-06 % Pu241
0.00000E+00 9.87456E-14 2.16962E-08 3.17219E-07 % Pu242
0.00000E+00 1.02437E-14 2.12530E-09 2.86589E-08 % Am241
0.00000E+00 6.46479E-22 6.85249E-15 2.22557E-13 % Am244
0.00000E+00 2.19892E-25 2.11607E-18 7.01432E-17 % Am245
0.00000E+00 1.27689E-07 2.29270E-06 4.73776E-06 % lost data
7.04339E-02 7.04495E-02 7.07108E-02 7.10023E-02 % total
];

