
DET1001 = [
    1    1    1    1    1    1    1    1    1    1  5.62983E+18 0.00484 
    2    2    1    1    1    1    1    1    1    1  1.94693E+18 0.00588 
    3    3    1    1    1    1    1    1    1    1  2.00642E+17 0.01186 
];


DET1001E = [
 1.00000E-09  6.25000E-07  3.13000E-07
 6.25000E-07  1.00000E-01  5.00003E-02
 1.00000E-01  2.00000E+01  1.00500E+01
];

DET1002 = [
    1    1    1    1    1    1    1    1    1    1  2.14671E+17 0.00696 
    2    2    1    1    1    1    1    1    1    1  4.20826E+17 0.00509 
    3    3    1    1    1    1    1    1    1    1  2.00920E+17 0.00628 
];


DET1002E = [
 1.00000E-09  6.25000E-07  3.13000E-07
 6.25000E-07  1.00000E-01  5.00003E-02
 1.00000E-01  2.00000E+01  1.00500E+01
];
