
DET1001 = [
    1    1    1    1    1    1    1    1    1    1  5.55827E+18 0.00432 
    2    2    1    1    1    1    1    1    1    1  2.24289E+18 0.00490 
    3    3    1    1    1    1    1    1    1    1  3.66422E+17 0.01019 
];


DET1001E = [
 1.00000E-09  6.25000E-07  3.13000E-07
 6.25000E-07  1.00000E-01  5.00003E-02
 1.00000E-01  2.00000E+01  1.00500E+01
];

DET1002 = [
    1    1    1    1    1    1    1    1    1    1  1.48679E+17 0.00778 
    2    2    1    1    1    1    1    1    1    1  3.83766E+17 0.00501 
    3    3    1    1    1    1    1    1    1    1  2.04181E+17 0.00656 
];


DET1002E = [
 1.00000E-09  6.25000E-07  3.13000E-07
 6.25000E-07  1.00000E-01  5.00003E-02
 1.00000E-01  2.00000E+01  1.00500E+01
];
