
DET1001 = [
    1    1    1    1    1    1    1    1    1    1  5.49272E+18 0.00431 
    2    2    1    1    1    1    1    1    1    1  2.18566E+18 0.00505 
    3    3    1    1    1    1    1    1    1    1  3.56428E+17 0.01028 
];


DET1001E = [
 1.00000E-09  6.25000E-07  3.13000E-07
 6.25000E-07  1.00000E-01  5.00003E-02
 1.00000E-01  2.00000E+01  1.00500E+01
];

DET1002 = [
    1    1    1    1    1    1    1    1    1    1  1.50083E+17 0.00778 
    2    2    1    1    1    1    1    1    1    1  3.71871E+17 0.00496 
    3    3    1    1    1    1    1    1    1    1  2.01707E+17 0.00651 
];


DET1002E = [
 1.00000E-09  6.25000E-07  3.13000E-07
 6.25000E-07  1.00000E-01  5.00003E-02
 1.00000E-01  2.00000E+01  1.00500E+01
];
