
DET1001 = [
    1    1    1    1    1    1    1    1    1    1  5.74641E+18 0.00440 
    2    2    1    1    1    1    1    1    1    1  2.32166E+18 0.00497 
    3    3    1    1    1    1    1    1    1    1  3.81595E+17 0.00939 
];


DET1001E = [
 1.00000E-09  6.25000E-07  3.13000E-07
 6.25000E-07  1.00000E-01  5.00003E-02
 1.00000E-01  2.00000E+01  1.00500E+01
];

DET1002 = [
    1    1    1    1    1    1    1    1    1    1  1.48995E+17 0.00764 
    2    2    1    1    1    1    1    1    1    1  4.04955E+17 0.00470 
    3    3    1    1    1    1    1    1    1    1  2.15206E+17 0.00617 
];


DET1002E = [
 1.00000E-09  6.25000E-07  3.13000E-07
 6.25000E-07  1.00000E-01  5.00003E-02
 1.00000E-01  2.00000E+01  1.00500E+01
];
