
DET1001 = [
    1    1    1    1    1    1    1    1    1    1  5.63683E+18 0.00426 
    2    2    1    1    1    1    1    1    1    1  2.26980E+18 0.00513 
    3    3    1    1    1    1    1    1    1    1  3.82414E+17 0.00996 
];


DET1001E = [
 1.00000E-09  6.25000E-07  3.13000E-07
 6.25000E-07  1.00000E-01  5.00003E-02
 1.00000E-01  2.00000E+01  1.00500E+01
];

DET1002 = [
    1    1    1    1    1    1    1    1    1    1  1.51947E+17 0.00802 
    2    2    1    1    1    1    1    1    1    1  3.96017E+17 0.00482 
    3    3    1    1    1    1    1    1    1    1  2.11649E+17 0.00659 
];


DET1002E = [
 1.00000E-09  6.25000E-07  3.13000E-07
 6.25000E-07  1.00000E-01  5.00003E-02
 1.00000E-01  2.00000E+01  1.00500E+01
];
