
DET1001 = [
    1    1    1    1    1    1    1    1    1    1  5.76849E+18 0.00447 
    2    2    1    1    1    1    1    1    1    1  2.20199E+18 0.00520 
    3    3    1    1    1    1    1    1    1    1  3.63460E+17 0.01042 
];


DET1001E = [
 1.00000E-09  6.25000E-07  3.13000E-07
 6.25000E-07  1.00000E-01  5.00003E-02
 1.00000E-01  2.00000E+01  1.00500E+01
];

DET1002 = [
    1    1    1    1    1    1    1    1    1    1  1.71625E+17 0.00754 
    2    2    1    1    1    1    1    1    1    1  4.02891E+17 0.00476 
    3    3    1    1    1    1    1    1    1    1  2.16268E+17 0.00611 
];


DET1002E = [
 1.00000E-09  6.25000E-07  3.13000E-07
 6.25000E-07  1.00000E-01  5.00003E-02
 1.00000E-01  2.00000E+01  1.00500E+01
];
