
DET1001 = [
    1    1    1    1    1    1    1    1    1    1  5.54651E+18 0.00445 
    2    2    1    1    1    1    1    1    1    1  2.11433E+18 0.00563 
    3    3    1    1    1    1    1    1    1    1  3.49086E+17 0.01032 
];


DET1001E = [
 1.00000E-09  6.25000E-07  3.13000E-07
 6.25000E-07  1.00000E-01  5.00003E-02
 1.00000E-01  2.00000E+01  1.00500E+01
];

DET1002 = [
    1    1    1    1    1    1    1    1    1    1  1.69214E+17 0.00714 
    2    2    1    1    1    1    1    1    1    1  3.78197E+17 0.00493 
    3    3    1    1    1    1    1    1    1    1  2.00715E+17 0.00612 
];


DET1002E = [
 1.00000E-09  6.25000E-07  3.13000E-07
 6.25000E-07  1.00000E-01  5.00003E-02
 1.00000E-01  2.00000E+01  1.00500E+01
];
