
DET1001 = [
    1    1    1    1    1    1    1    1    1    1  5.64815E+18 0.00407 
    2    2    1    1    1    1    1    1    1    1  2.15209E+18 0.00501 
    3    3    1    1    1    1    1    1    1    1  3.55526E+17 0.00899 
];


DET1001E = [
 1.00000E-09  6.25000E-07  3.13000E-07
 6.25000E-07  1.00000E-01  5.00003E-02
 1.00000E-01  2.00000E+01  1.00500E+01
];

DET1002 = [
    1    1    1    1    1    1    1    1    1    1  1.69683E+17 0.00755 
    2    2    1    1    1    1    1    1    1    1  3.91013E+17 0.00482 
    3    3    1    1    1    1    1    1    1    1  2.06603E+17 0.00595 
];


DET1002E = [
 1.00000E-09  6.25000E-07  3.13000E-07
 6.25000E-07  1.00000E-01  5.00003E-02
 1.00000E-01  2.00000E+01  1.00500E+01
];
