
ZAI = [
10030
541350
922350
922380
942380
942390
942400
942410
942420
952410
952440
952450
666
0
];

NAMES = [
'H3              '
'Xe135           '
'U235            '
'U238            '
'Pu238           '
'Pu239           '
'Pu240           '
'Pu241           '
'Pu242           '
'Am241           '
'Am244           '
'Am245           '
'lost            '
'total           '
];

i10030  = 1; iH3               = 1;
i541350 = 2; iXe135            = 2;
i922350 = 3; iU235             = 3;
i922380 = 4; iU238             = 4;
i942380 = 5; iPu238            = 5;
i942390 = 6; iPu239            = 6;
i942400 = 7; iPu240            = 7;
i942410 = 8; iPu241            = 8;
i942420 = 9; iPu242            = 9;
i952410 = 10; iAm241            = 10;
i952440 = 11; iAm244            = 11;
i952450 = 12; iAm245            = 12;
iLOST    = 13;
iTOT     = 14;

MAT_uco_VOLUME = [ 1.96207E+04 1.96207E+04 1.96207E+04 1.96207E+04 ];

MAT_uco_BURNUP = [ 0.00000E+00 5.17111E-01 9.20461E+00 1.89264E+01 ];

MAT_uco_ADENS = [
0.00000E+00 1.03252E-13 1.58011E-12 2.74202E-12 % H3
0.00000E+00 4.56315E-08 4.55159E-08 4.48884E-08 % Xe135
4.87458E-03 4.85788E-03 4.58345E-03 4.28904E-03 % U235
2.01233E-02 2.01201E-02 2.00650E-02 2.00014E-02 % U238
0.00000E+00 1.34558E-13 3.64860E-09 3.61137E-08 % Pu238
0.00000E+00 1.47797E-06 4.67334E-05 8.39362E-05 % Pu239
0.00000E+00 5.31392E-09 2.99653E-06 1.05493E-05 % Pu240
0.00000E+00 2.74217E-11 3.08615E-07 2.22104E-06 % Pu241
0.00000E+00 2.64798E-14 6.02053E-09 9.46961E-08 % Pu242
0.00000E+00 4.03639E-15 8.83344E-10 1.31375E-08 % Am241
0.00000E+00 1.09478E-22 1.12371E-15 4.05863E-14 % Am244
0.00000E+00 2.60387E-26 2.42016E-19 8.94380E-18 % Am245
0.00000E+00 1.09269E-07 1.95412E-06 4.03184E-06 % lost data
7.04699E-02 7.04832E-02 7.07065E-02 7.09560E-02 % total
];

MAT_uco_MDENS = [
0.00000E+00 5.17030E-13 7.91230E-12 1.37305E-11 % H3
0.00000E+00 1.02224E-05 1.01966E-05 1.00560E-05 % Xe135
1.90258E+00 1.89606E+00 1.78895E+00 1.67404E+00 % U235
7.95473E+00 7.95346E+00 7.93167E+00 7.90651E+00 % U238
0.00000E+00 5.31904E-11 1.44228E-06 1.42756E-05 % Pu238
0.00000E+00 5.86699E-04 1.85514E-02 3.33195E-02 % Pu239
0.00000E+00 2.11827E-06 1.19449E-03 4.20521E-03 % Pu240
0.00000E+00 1.09763E-08 1.23532E-04 8.89031E-04 % Pu241
0.00000E+00 1.06436E-11 2.41997E-06 3.80635E-05 % Pu242
0.00000E+00 1.61573E-12 3.53594E-07 5.25881E-06 % Am241
0.00000E+00 4.43700E-20 4.55423E-13 1.64490E-11 % Am244
0.00000E+00 1.05964E-23 9.84884E-17 3.63967E-15 % Am245
0.00000E+00 0.00000E+00 0.00000E+00 0.00000E+00 % lost data
1.10000E+01 1.09999E+01 1.09986E+01 1.09972E+01 % total
];

MAT_uco_A = [
0.00000E+00 3.61181E+06 5.52729E+07 9.59170E+07 % H3
0.00000E+00 1.88606E+16 1.88128E+16 1.85535E+16 % Xe135
2.98402E+09 2.97380E+09 2.80580E+09 2.62558E+09 % U235
1.94099E+09 1.94068E+09 1.93537E+09 1.92923E+09 % U238
0.00000E+00 6.61221E+05 1.79293E+10 1.77463E+11 % Pu238
0.00000E+00 2.64183E+10 8.35347E+11 1.50034E+12 % Pu239
0.00000E+00 3.49045E+08 1.96827E+11 6.92930E+11 % Pu240
0.00000E+00 8.26987E+08 9.30724E+12 6.69823E+13 % Pu241
0.00000E+00 3.04314E+01 6.91899E+06 1.08828E+08 % Pu242
0.00000E+00 4.02108E+03 8.79994E+08 1.30877E+10 % Am241
0.00000E+00 4.09491E+01 4.20311E+08 1.51808E+10 % Am244
0.00000E+00 4.79847E-02 4.45994E+05 1.64818E+07 % Am245
0.00000E+00 0.00000E+00 0.00000E+00 0.00000E+00 % lost data
4.92501E+09 3.28164E+18 3.61986E+18 3.66534E+18 % total
];

MAT_uco_H = [
0.00000E+00 3.29267E-09 5.03889E-08 8.74416E-08 % H3
0.00000E+00 1.70032E+03 1.69601E+03 1.67263E+03 % Xe135
2.20527E-03 2.19772E-03 2.07356E-03 1.94037E-03 % U235
1.32953E-03 1.32932E-03 1.32568E-03 1.32147E-03 % U238
0.00000E+00 5.92048E-07 1.60536E-02 1.58898E-01 % Pu238
0.00000E+00 2.21847E-02 7.01478E-01 1.25990E+00 % Pu239
0.00000E+00 2.93656E-04 1.65593E-01 5.82969E-01 % Pu240
0.00000E+00 7.09541E-07 7.98545E-03 5.74696E-02 % Pu241
0.00000E+00 2.42907E-11 5.52282E-06 8.68677E-05 % Pu242
0.00000E+00 3.60523E-09 7.88987E-04 1.17342E-02 % Am241
0.00000E+00 7.27409E-12 7.46629E-05 2.69668E-03 % Am244
0.00000E+00 2.42099E-15 2.25019E-08 8.31563E-07 % Am245
0.00000E+00 0.00000E+00 0.00000E+00 0.00000E+00 % lost data
3.53480E-03 1.19532E+06 1.21941E+06 1.21092E+06 % total
];

MAT_uco_SF = [
0.00000E+00 0.00000E+00 0.00000E+00 0.00000E+00 % H3
0.00000E+00 0.00000E+00 0.00000E+00 0.00000E+00 % Xe135
2.14850E-01 2.14114E-01 2.02018E-01 1.89042E-01 % U235
1.05978E+05 1.05961E+05 1.05671E+05 1.05336E+05 % U238
0.00000E+00 1.22987E-03 3.33484E+01 3.30082E+02 % Pu238
0.00000E+00 8.18969E-02 2.58958E+00 4.65104E+00 % Pu239
0.00000E+00 1.98956E+01 1.12192E+04 3.94970E+04 % Pu240
0.00000E+00 0.00000E+00 0.00000E+00 0.00000E+00 % Pu241
0.00000E+00 1.67373E-04 3.80545E+01 5.98554E+02 % Pu242
0.00000E+00 1.72907E-08 3.78398E-03 5.62769E-02 % Am241
0.00000E+00 0.00000E+00 0.00000E+00 0.00000E+00 % Am244
0.00000E+00 0.00000E+00 0.00000E+00 0.00000E+00 % Am245
0.00000E+00 0.00000E+00 0.00000E+00 0.00000E+00 % lost data
1.05978E+05 1.05982E+05 1.18720E+05 2.01329E+05 % total
];

MAT_uco_ING_TOX = [
0.00000E+00 1.51696E-04 2.32146E-03 4.02851E-03 % H3
0.00000E+00 3.96073E+09 3.95070E+09 3.89623E+09 % Xe135
1.40249E+02 1.39769E+02 1.31873E+02 1.23402E+02 % U235
8.73446E+01 8.73307E+01 8.70914E+01 8.68152E+01 % U238
0.00000E+00 1.52081E-01 4.12373E+03 4.08166E+04 % Pu238
0.00000E+00 6.60459E+03 2.08837E+05 3.75084E+05 % Pu239
0.00000E+00 8.72614E+01 4.92069E+04 1.73233E+05 % Pu240
0.00000E+00 3.96954E+00 4.46747E+04 3.21515E+05 % Pu241
0.00000E+00 7.30355E-06 1.66056E+00 2.61187E+01 % Pu242
0.00000E+00 8.04217E-04 1.75999E+02 2.61753E+03 % Am241
0.00000E+00 1.88366E-08 1.93343E-01 6.98318E+00 % Am244
0.00000E+00 2.97505E-12 2.76516E-05 1.02187E-03 % Am245
0.00000E+00 0.00000E+00 0.00000E+00 0.00000E+00 % lost data
2.27594E+02 4.50640E+10 6.02466E+10 6.00148E+10 % total
];

MAT_uco_INH_TOX = [
0.00000E+00 9.39072E-04 1.43710E-02 2.49384E-02 % H3
0.00000E+00 2.07467E+09 2.06941E+09 2.04088E+09 % Xe135
2.53642E+04 2.52773E+04 2.38493E+04 2.23174E+04 % U235
1.55279E+04 1.55255E+04 1.54829E+04 1.54338E+04 % U238
0.00000E+00 7.27343E+01 1.97222E+06 1.95210E+07 % Pu238
0.00000E+00 3.17020E+06 1.00242E+08 1.80040E+08 % Pu239
0.00000E+00 4.18854E+04 2.36193E+07 8.31516E+07 % Pu240
0.00000E+00 1.90207E+03 2.14066E+07 1.54059E+08 % Pu241
0.00000E+00 3.34746E-03 7.61089E+02 1.19711E+04 % Pu242
0.00000E+00 3.86024E-01 8.44795E+04 1.25642E+06 % Am241
0.00000E+00 1.51512E-07 1.55515E+00 5.61691E+01 % Am244
0.00000E+00 2.68715E-12 2.49756E-05 9.22983E-04 % Am245
0.00000E+00 0.00000E+00 0.00000E+00 0.00000E+00 % lost data
4.08921E+04 4.40040E+10 5.86179E+10 6.02901E+10 % total
];

TOT_VOLUME = [ 1.96207E+04 1.96207E+04 1.96207E+04 1.96207E+04 ];

TOT_BURNUP = [ 0.00000E+00 5.17111E-01 9.20461E+00 1.89264E+01 ];

TOT_ADENS = [
0.00000E+00 1.03252E-13 1.58011E-12 2.74202E-12 % H3
0.00000E+00 4.56315E-08 4.55159E-08 4.48884E-08 % Xe135
4.87458E-03 4.85788E-03 4.58345E-03 4.28904E-03 % U235
2.01233E-02 2.01201E-02 2.00650E-02 2.00014E-02 % U238
0.00000E+00 1.34558E-13 3.64860E-09 3.61137E-08 % Pu238
0.00000E+00 1.47797E-06 4.67334E-05 8.39362E-05 % Pu239
0.00000E+00 5.31392E-09 2.99653E-06 1.05493E-05 % Pu240
0.00000E+00 2.74217E-11 3.08615E-07 2.22104E-06 % Pu241
0.00000E+00 2.64798E-14 6.02053E-09 9.46961E-08 % Pu242
0.00000E+00 4.03639E-15 8.83344E-10 1.31375E-08 % Am241
0.00000E+00 1.09478E-22 1.12371E-15 4.05863E-14 % Am244
0.00000E+00 2.60387E-26 2.42016E-19 8.94380E-18 % Am245
0.00000E+00 1.09269E-07 1.95412E-06 4.03184E-06 % lost data
7.04699E-02 7.04832E-02 7.07065E-02 7.09560E-02 % total
];

