
DET1001 = [
    1    1    1    1    1    1    1    1    1    1  5.47750E+18 0.00421 
    2    2    1    1    1    1    1    1    1    1  2.06652E+18 0.00505 
    3    3    1    1    1    1    1    1    1    1  3.42541E+17 0.01001 
];


DET1001E = [
 1.00000E-09  6.25000E-07  3.13000E-07
 6.25000E-07  1.00000E-01  5.00003E-02
 1.00000E-01  2.00000E+01  1.00500E+01
];

DET1002 = [
    1    1    1    1    1    1    1    1    1    1  1.65346E+17 0.00754 
    2    2    1    1    1    1    1    1    1    1  3.68197E+17 0.00477 
    3    3    1    1    1    1    1    1    1    1  1.96083E+17 0.00641 
];


DET1002E = [
 1.00000E-09  6.25000E-07  3.13000E-07
 6.25000E-07  1.00000E-01  5.00003E-02
 1.00000E-01  2.00000E+01  1.00500E+01
];
