
ZAI = [
10030
541350
922350
922380
942380
942390
942400
942410
942420
952410
952440
952450
666
0
];

NAMES = [
'H3              '
'Xe135           '
'U235            '
'U238            '
'Pu238           '
'Pu239           '
'Pu240           '
'Pu241           '
'Pu242           '
'Am241           '
'Am244           '
'Am245           '
'lost            '
'total           '
];

i10030  = 1; iH3               = 1;
i541350 = 2; iXe135            = 2;
i922350 = 3; iU235             = 3;
i922380 = 4; iU238             = 4;
i942380 = 5; iPu238            = 5;
i942390 = 6; iPu239            = 6;
i942400 = 7; iPu240            = 7;
i942410 = 8; iPu241            = 8;
i942420 = 9; iPu242            = 9;
i952410 = 10; iAm241            = 10;
i952440 = 11; iAm244            = 11;
i952450 = 12; iAm245            = 12;
iLOST    = 13;
iTOT     = 14;

MAT_uco_VOLUME = [ 1.77016E+04 1.77016E+04 1.77016E+04 1.77016E+04 ];

MAT_uco_BURNUP = [ 0.00000E+00 5.73168E-01 1.02021E+01 2.09775E+01 ];

MAT_uco_ADENS = [
0.00000E+00 9.15828E-14 1.34092E-12 2.23600E-12 % H3
0.00000E+00 4.30493E-08 4.27708E-08 4.18617E-08 % Xe135
4.31104E-03 4.29268E-03 3.99252E-03 3.67334E-03 % U235
2.06805E-02 2.06769E-02 2.06152E-02 2.05436E-02 % U238
0.00000E+00 1.31218E-13 4.12609E-09 4.07784E-08 % Pu238
0.00000E+00 1.65435E-06 5.05152E-05 8.75384E-05 % Pu239
0.00000E+00 7.10137E-09 4.03712E-06 1.39164E-05 % Pu240
0.00000E+00 3.63779E-11 4.15025E-07 2.92619E-06 % Pu241
0.00000E+00 4.18586E-14 9.83529E-09 1.53150E-07 % Pu242
0.00000E+00 5.32041E-15 1.18535E-09 1.71842E-08 % Am241
0.00000E+00 1.65956E-22 1.77309E-15 6.43028E-14 % Am244
0.00000E+00 4.56510E-26 4.44185E-19 1.64332E-17 % Am245
0.00000E+00 1.21077E-07 2.16783E-06 4.47520E-06 % lost data
7.04520E-02 7.04667E-02 7.07143E-02 7.09907E-02 % total
];

MAT_uco_MDENS = [
0.00000E+00 4.58595E-13 6.71459E-12 1.11966E-11 % H3
0.00000E+00 9.64397E-06 9.58160E-06 9.37794E-06 % Xe135
1.68262E+00 1.67546E+00 1.55831E+00 1.43373E+00 % U235
8.17497E+00 8.17356E+00 8.14915E+00 8.12086E+00 % U238
0.00000E+00 5.18702E-11 1.63103E-06 1.61196E-05 % Pu238
0.00000E+00 6.56713E-04 2.00526E-02 3.47494E-02 % Pu239
0.00000E+00 2.83079E-06 1.60930E-03 5.54745E-03 % Pu240
0.00000E+00 1.45612E-08 1.66125E-04 1.17129E-03 % Pu241
0.00000E+00 1.68252E-11 3.95333E-06 6.15594E-05 % Pu242
0.00000E+00 2.12971E-12 4.74483E-07 6.87869E-06 % Am241
0.00000E+00 6.72596E-20 7.18606E-13 2.60610E-11 % Am244
0.00000E+00 1.85776E-23 1.80761E-16 6.68747E-15 % Am245
0.00000E+00 0.00000E+00 0.00000E+00 0.00000E+00 % lost data
1.10000E+01 1.09999E+01 1.09985E+01 1.09969E+01 % total
];

MAT_uco_A = [
0.00000E+00 2.89026E+06 4.23183E+07 7.05661E+07 % H3
0.00000E+00 1.60530E+16 1.59492E+16 1.56101E+16 % Xe135
2.38092E+09 2.37078E+09 2.20501E+09 2.02873E+09 % U235
1.79963E+09 1.79932E+09 1.79394E+09 1.78772E+09 % U238
0.00000E+00 5.81741E+05 1.82925E+10 1.80786E+11 % Pu238
0.00000E+00 2.66787E+10 8.14629E+11 1.41168E+12 % Pu239
0.00000E+00 4.20831E+08 2.39242E+11 8.24695E+11 % Pu240
0.00000E+00 9.89781E+08 1.12922E+13 7.96167E+13 % Pu241
0.00000E+00 4.34002E+01 1.01975E+07 1.58791E+08 % Pu242
0.00000E+00 4.78182E+03 1.06535E+09 1.54447E+10 % Am241
0.00000E+00 5.60026E+01 5.98335E+08 2.16992E+10 % Am244
0.00000E+00 7.58983E-02 7.38493E+05 2.73215E+07 % Am245
0.00000E+00 0.00000E+00 0.00000E+00 0.00000E+00 % lost data
4.18055E+09 3.28060E+18 3.61118E+18 3.64839E+18 % total
];

MAT_uco_H = [
0.00000E+00 2.63488E-09 3.85790E-08 6.43308E-08 % H3
0.00000E+00 1.44720E+03 1.43784E+03 1.40728E+03 % Xe135
1.75956E-03 1.75207E-03 1.62956E-03 1.49928E-03 % U235
1.23270E-03 1.23249E-03 1.22881E-03 1.22454E-03 % U238
0.00000E+00 5.20883E-07 1.63789E-02 1.61873E-01 % Pu238
0.00000E+00 2.24033E-02 6.84081E-01 1.18545E+00 % Pu239
0.00000E+00 3.54049E-04 2.01277E-01 6.93824E-01 % Pu240
0.00000E+00 8.49216E-07 9.68848E-03 6.83098E-02 % Pu241
0.00000E+00 3.46425E-11 8.13976E-06 1.26748E-04 % Pu242
0.00000E+00 4.28729E-09 9.55176E-04 1.38474E-02 % Am241
0.00000E+00 9.94816E-12 1.06287E-04 3.85460E-03 % Am244
0.00000E+00 3.82932E-15 3.72594E-08 1.37846E-06 % Am245
0.00000E+00 0.00000E+00 0.00000E+00 0.00000E+00 % lost data
2.99226E-03 1.19472E+06 1.21459E+06 1.20196E+06 % total
];

MAT_uco_SF = [
0.00000E+00 0.00000E+00 0.00000E+00 0.00000E+00 % H3
0.00000E+00 0.00000E+00 0.00000E+00 0.00000E+00 % Xe135
1.71426E-01 1.70696E-01 1.58761E-01 1.46068E-01 % U235
9.82597E+04 9.82428E+04 9.79494E+04 9.76093E+04 % U238
0.00000E+00 1.08204E-03 3.40241E+01 3.36262E+02 % Pu238
0.00000E+00 8.27039E-02 2.52535E+00 4.37621E+00 % Pu239
0.00000E+00 2.39874E+01 1.36368E+04 4.70076E+04 % Pu240
0.00000E+00 0.00000E+00 0.00000E+00 0.00000E+00 % Pu241
0.00000E+00 2.38701E-04 5.60863E+01 8.73348E+02 % Pu242
0.00000E+00 2.05618E-08 4.58102E-03 6.64121E-02 % Am241
0.00000E+00 0.00000E+00 0.00000E+00 0.00000E+00 % Am244
0.00000E+00 0.00000E+00 0.00000E+00 0.00000E+00 % Am245
0.00000E+00 0.00000E+00 0.00000E+00 0.00000E+00 % lost data
9.82599E+04 9.82671E+04 1.14148E+05 2.22813E+05 % total
];

MAT_uco_ING_TOX = [
0.00000E+00 1.21391E-04 1.77737E-03 2.96378E-03 % H3
0.00000E+00 3.37112E+09 3.34932E+09 3.27813E+09 % Xe135
1.11903E+02 1.11427E+02 1.03635E+02 9.53502E+01 % U235
8.09833E+01 8.09693E+01 8.07275E+01 8.04472E+01 % U238
0.00000E+00 1.33800E-01 4.20728E+03 4.15808E+04 % Pu238
0.00000E+00 6.66967E+03 2.03657E+05 3.52920E+05 % Pu239
0.00000E+00 1.05208E+02 5.98104E+04 2.06174E+05 % Pu240
0.00000E+00 4.75095E+00 5.42023E+04 3.82160E+05 % Pu241
0.00000E+00 1.04160E-05 2.44740E+00 3.81097E+01 % Pu242
0.00000E+00 9.56365E-04 2.13071E+02 3.08894E+03 % Am241
0.00000E+00 2.57612E-08 2.75234E-01 9.98165E+00 % Am244
0.00000E+00 4.70569E-12 4.57866E-05 1.69393E-03 % Am245
0.00000E+00 0.00000E+00 0.00000E+00 0.00000E+00 % lost data
1.92886E+02 4.44546E+10 5.95297E+10 5.91484E+10 % total
];

MAT_uco_INH_TOX = [
0.00000E+00 7.51469E-04 1.10027E-02 1.83472E-02 % H3
0.00000E+00 1.76583E+09 1.75441E+09 1.71711E+09 % Xe135
2.02378E+04 2.01516E+04 1.87426E+04 1.72442E+04 % U235
1.43970E+04 1.43945E+04 1.43516E+04 1.43017E+04 % U238
0.00000E+00 6.39915E+01 2.01218E+06 1.98865E+07 % Pu238
0.00000E+00 3.20144E+06 9.77555E+07 1.69402E+08 % Pu239
0.00000E+00 5.04997E+04 2.87090E+07 9.89634E+07 % Pu240
0.00000E+00 2.27650E+03 2.59719E+07 1.83118E+08 % Pu241
0.00000E+00 4.77402E-03 1.12173E+03 1.74670E+04 % Pu242
0.00000E+00 4.59055E-01 1.02274E+05 1.48269E+06 % Am241
0.00000E+00 2.07210E-07 2.21384E+00 8.02872E+01 % Am244
0.00000E+00 4.25030E-12 4.13556E-05 1.53000E-03 % Am245
0.00000E+00 0.00000E+00 0.00000E+00 0.00000E+00 % lost data
3.46348E+04 4.36665E+10 5.82240E+10 5.98030E+10 % total
];

TOT_VOLUME = [ 1.77016E+04 1.77016E+04 1.77016E+04 1.77016E+04 ];

TOT_BURNUP = [ 0.00000E+00 5.73168E-01 1.02021E+01 2.09775E+01 ];

TOT_ADENS = [
0.00000E+00 9.15828E-14 1.34092E-12 2.23600E-12 % H3
0.00000E+00 4.30493E-08 4.27708E-08 4.18617E-08 % Xe135
4.31104E-03 4.29268E-03 3.99252E-03 3.67334E-03 % U235
2.06805E-02 2.06769E-02 2.06152E-02 2.05436E-02 % U238
0.00000E+00 1.31218E-13 4.12609E-09 4.07784E-08 % Pu238
0.00000E+00 1.65435E-06 5.05152E-05 8.75384E-05 % Pu239
0.00000E+00 7.10137E-09 4.03712E-06 1.39164E-05 % Pu240
0.00000E+00 3.63779E-11 4.15025E-07 2.92619E-06 % Pu241
0.00000E+00 4.18586E-14 9.83529E-09 1.53150E-07 % Pu242
0.00000E+00 5.32041E-15 1.18535E-09 1.71842E-08 % Am241
0.00000E+00 1.65956E-22 1.77309E-15 6.43028E-14 % Am244
0.00000E+00 4.56510E-26 4.44185E-19 1.64332E-17 % Am245
0.00000E+00 1.21077E-07 2.16783E-06 4.47520E-06 % lost data
7.04520E-02 7.04667E-02 7.07143E-02 7.09907E-02 % total
];

