
DET1001 = [
    1    1    1    1    1    1    1    1    1    1  5.71298E+18 0.00439 
    2    2    1    1    1    1    1    1    1    1  1.88864E+18 0.00617 
    3    3    1    1    1    1    1    1    1    1  1.71001E+17 0.01155 
];


DET1001E = [
 1.00000E-09  6.25000E-07  3.13000E-07
 6.25000E-07  1.00000E-01  5.00003E-02
 1.00000E-01  2.00000E+01  1.00500E+01
];

DET1002 = [
    1    1    1    1    1    1    1    1    1    1  2.61133E+17 0.00618 
    2    2    1    1    1    1    1    1    1    1  4.45509E+17 0.00483 
    3    3    1    1    1    1    1    1    1    1  1.98886E+17 0.00580 
];


DET1002E = [
 1.00000E-09  6.25000E-07  3.13000E-07
 6.25000E-07  1.00000E-01  5.00003E-02
 1.00000E-01  2.00000E+01  1.00500E+01
];
