
DET1001 = [
    1    1    1    1    1    1    1    1    1    1  5.51325E+18 0.00423 
    2    2    1    1    1    1    1    1    1    1  1.82530E+18 0.00577 
    3    3    1    1    1    1    1    1    1    1  1.64552E+17 0.01229 
];


DET1001E = [
 1.00000E-09  6.25000E-07  3.13000E-07
 6.25000E-07  1.00000E-01  5.00003E-02
 1.00000E-01  2.00000E+01  1.00500E+01
];

DET1002 = [
    1    1    1    1    1    1    1    1    1    1  2.58609E+17 0.00627 
    2    2    1    1    1    1    1    1    1    1  4.15435E+17 0.00449 
    3    3    1    1    1    1    1    1    1    1  1.85117E+17 0.00598 
];


DET1002E = [
 1.00000E-09  6.25000E-07  3.13000E-07
 6.25000E-07  1.00000E-01  5.00003E-02
 1.00000E-01  2.00000E+01  1.00500E+01
];
