
DET1001 = [
    1    1    1    1    1    1    1    1    1    1  5.62445E+18 0.00425 
    2    2    1    1    1    1    1    1    1    1  1.86437E+18 0.00546 
    3    3    1    1    1    1    1    1    1    1  1.67101E+17 0.01203 
];


DET1001E = [
 1.00000E-09  6.25000E-07  3.13000E-07
 6.25000E-07  1.00000E-01  5.00003E-02
 1.00000E-01  2.00000E+01  1.00500E+01
];

DET1002 = [
    1    1    1    1    1    1    1    1    1    1  2.57287E+17 0.00576 
    2    2    1    1    1    1    1    1    1    1  4.32679E+17 0.00458 
    3    3    1    1    1    1    1    1    1    1  1.89293E+17 0.00639 
];


DET1002E = [
 1.00000E-09  6.25000E-07  3.13000E-07
 6.25000E-07  1.00000E-01  5.00003E-02
 1.00000E-01  2.00000E+01  1.00500E+01
];
