
DET1001 = [
    1    1    1    1    1    1    1    1    1    1  5.84069E+18 0.00443 
    2    2    1    1    1    1    1    1    1    1  1.94555E+18 0.00616 
    3    3    1    1    1    1    1    1    1    1  1.76559E+17 0.01200 
];


DET1001E = [
 1.00000E-09  6.25000E-07  3.13000E-07
 6.25000E-07  1.00000E-01  5.00003E-02
 1.00000E-01  2.00000E+01  1.00500E+01
];

DET1002 = [
    1    1    1    1    1    1    1    1    1    1  2.73205E+17 0.00581 
    2    2    1    1    1    1    1    1    1    1  4.66603E+17 0.00455 
    3    3    1    1    1    1    1    1    1    1  2.06143E+17 0.00616 
];


DET1002E = [
 1.00000E-09  6.25000E-07  3.13000E-07
 6.25000E-07  1.00000E-01  5.00003E-02
 1.00000E-01  2.00000E+01  1.00500E+01
];
