
DET1001 = [
    1    1    1    1    1    1    1    1    1    1  4.61374E+18 0.00469 
    2    2    1    1    1    1    1    1    1    1  1.80172E+18 0.00582 
    3    3    1    1    1    1    1    1    1    1  1.83583E+17 0.01189 
];


DET1001E = [
 1.00000E-09  6.25000E-07  3.13000E-07
 6.25000E-07  1.00000E-01  5.00003E-02
 1.00000E-01  2.00000E+01  1.00500E+01
];

DET1002 = [
    1    1    1    1    1    1    1    1    1    1  1.34498E+17 0.00776 
    2    2    1    1    1    1    1    1    1    1  3.68114E+17 0.00512 
    3    3    1    1    1    1    1    1    1    1  1.78730E+17 0.00615 
];


DET1002E = [
 1.00000E-09  6.25000E-07  3.13000E-07
 6.25000E-07  1.00000E-01  5.00003E-02
 1.00000E-01  2.00000E+01  1.00500E+01
];
