
DET1001 = [
    1    1    1    1    1    1    1    1    1    1  4.54523E+18 0.00461 
    2    2    1    1    1    1    1    1    1    1  1.78127E+18 0.00562 
    3    3    1    1    1    1    1    1    1    1  1.82503E+17 0.01180 
];


DET1001E = [
 1.00000E-09  6.25000E-07  3.13000E-07
 6.25000E-07  1.00000E-01  5.00003E-02
 1.00000E-01  2.00000E+01  1.00500E+01
];

DET1002 = [
    1    1    1    1    1    1    1    1    1    1  1.32805E+17 0.00788 
    2    2    1    1    1    1    1    1    1    1  3.57019E+17 0.00507 
    3    3    1    1    1    1    1    1    1    1  1.73895E+17 0.00619 
];


DET1002E = [
 1.00000E-09  6.25000E-07  3.13000E-07
 6.25000E-07  1.00000E-01  5.00003E-02
 1.00000E-01  2.00000E+01  1.00500E+01
];
