
DET1001 = [
    1    1    1    1    1    1    1    1    1    1  4.47663E+18 0.00450 
    2    2    1    1    1    1    1    1    1    1  1.71525E+18 0.00618 
    3    3    1    1    1    1    1    1    1    1  1.80803E+17 0.01203 
];


DET1001E = [
 1.00000E-09  6.25000E-07  3.13000E-07
 6.25000E-07  1.00000E-01  5.00003E-02
 1.00000E-01  2.00000E+01  1.00500E+01
];

DET1002 = [
    1    1    1    1    1    1    1    1    1    1  1.34474E+17 0.00782 
    2    2    1    1    1    1    1    1    1    1  3.46210E+17 0.00496 
    3    3    1    1    1    1    1    1    1    1  1.69157E+17 0.00688 
];


DET1002E = [
 1.00000E-09  6.25000E-07  3.13000E-07
 6.25000E-07  1.00000E-01  5.00003E-02
 1.00000E-01  2.00000E+01  1.00500E+01
];
