
DET1001 = [
    1    1    1    1    1    1    1    1    1    1  4.78774E+18 0.00459 
    2    2    1    1    1    1    1    1    1    1  1.84002E+18 0.00571 
    3    3    1    1    1    1    1    1    1    1  1.91260E+17 0.01155 
];


DET1001E = [
 1.00000E-09  6.25000E-07  3.13000E-07
 6.25000E-07  1.00000E-01  5.00003E-02
 1.00000E-01  2.00000E+01  1.00500E+01
];

DET1002 = [
    1    1    1    1    1    1    1    1    1    1  1.35115E+17 0.00783 
    2    2    1    1    1    1    1    1    1    1  3.80952E+17 0.00503 
    3    3    1    1    1    1    1    1    1    1  1.87048E+17 0.00652 
];


DET1002E = [
 1.00000E-09  6.25000E-07  3.13000E-07
 6.25000E-07  1.00000E-01  5.00003E-02
 1.00000E-01  2.00000E+01  1.00500E+01
];
