
ZAI = [
10030
541350
922350
922380
942380
942390
942400
942410
942420
952410
952440
952450
666
0
];

NAMES = [
'H3              '
'Xe135           '
'U235            '
'U238            '
'Pu238           '
'Pu239           '
'Pu240           '
'Pu241           '
'Pu242           '
'Am241           '
'Am244           '
'Am245           '
'lost            '
'total           '
];

i10030  = 1; iH3               = 1;
i541350 = 2; iXe135            = 2;
i922350 = 3; iU235             = 3;
i922380 = 4; iU238             = 4;
i942380 = 5; iPu238            = 5;
i942390 = 6; iPu239            = 6;
i942400 = 7; iPu240            = 7;
i942410 = 8; iPu241            = 8;
i942420 = 9; iPu242            = 9;
i952410 = 10; iAm241            = 10;
i952440 = 11; iAm244            = 11;
i952450 = 12; iAm245            = 12;
iLOST    = 13;
iTOT     = 14;

MAT_uco_VOLUME = [ 1.97179E+04 1.97179E+04 1.97179E+04 1.97179E+04 ];

MAT_uco_BURNUP = [ 0.00000E+00 5.14561E-01 9.15925E+00 1.88330E+01 ];

MAT_uco_ADENS = [
0.00000E+00 1.15304E-13 1.73120E-12 3.00943E-12 % H3
0.00000E+00 4.64793E-08 4.63888E-08 4.58813E-08 % Xe135
4.87458E-03 4.85790E-03 4.58368E-03 4.28973E-03 % U235
2.01233E-02 2.01200E-02 2.00633E-02 1.99977E-02 % U238
0.00000E+00 1.53982E-13 4.12909E-09 4.05369E-08 % Pu238
0.00000E+00 1.52192E-06 4.82633E-05 8.70664E-05 % Pu239
0.00000E+00 5.42947E-09 3.00518E-06 1.05376E-05 % Pu240
0.00000E+00 2.96047E-11 3.26983E-07 2.36875E-06 % Pu241
0.00000E+00 2.73585E-14 6.09017E-09 9.61224E-08 % Pu242
0.00000E+00 4.37649E-15 9.37123E-10 1.40275E-08 % Am241
0.00000E+00 1.30017E-22 1.27212E-15 4.70519E-14 % Am244
0.00000E+00 2.93657E-26 2.60976E-19 9.81183E-18 % Am245
0.00000E+00 1.08739E-07 1.94475E-06 4.01271E-06 % lost data
7.04699E-02 7.04831E-02 7.07053E-02 7.09536E-02 % total
];

MAT_uco_MDENS = [
0.00000E+00 5.77378E-13 8.66887E-12 1.50695E-11 % H3
0.00000E+00 1.04124E-05 1.03921E-05 1.02784E-05 % Xe135
1.90258E+00 1.89607E+00 1.78904E+00 1.67431E+00 % U235
7.95473E+00 7.95343E+00 7.93098E+00 7.90505E+00 % U238
0.00000E+00 6.08688E-11 1.63222E-06 1.60241E-05 % Pu238
0.00000E+00 6.04145E-04 1.91587E-02 3.45621E-02 % Pu239
0.00000E+00 2.16433E-06 1.19794E-03 4.20056E-03 % Pu240
0.00000E+00 1.18501E-08 1.30884E-04 9.48158E-04 % Pu241
0.00000E+00 1.09969E-11 2.44797E-06 3.86368E-05 % Pu242
0.00000E+00 1.75187E-12 3.75122E-07 5.61507E-06 % Am241
0.00000E+00 5.26940E-20 5.15572E-13 1.90694E-11 % Am244
0.00000E+00 1.19504E-23 1.06204E-16 3.99292E-15 % Am245
0.00000E+00 0.00000E+00 0.00000E+00 0.00000E+00 % lost data
1.10000E+01 1.09999E+01 1.09987E+01 1.09972E+01 % total
];

MAT_uco_A = [
0.00000E+00 4.05336E+06 6.08580E+07 1.05792E+08 % H3
0.00000E+00 1.93062E+16 1.92686E+16 1.90578E+16 % Xe135
2.99880E+09 2.98854E+09 2.81984E+09 2.63900E+09 % U235
1.95060E+09 1.95029E+09 1.94478E+09 1.93842E+09 % U238
0.00000E+00 7.60420E+05 2.03909E+10 2.00186E+11 % Pu238
0.00000E+00 2.73387E+10 8.66966E+11 1.56400E+12 % Pu239
0.00000E+00 3.58402E+08 1.98373E+11 6.95592E+11 % Pu240
0.00000E+00 8.97244E+08 9.91002E+12 7.17909E+13 % Pu241
0.00000E+00 3.15971E+01 7.03370E+06 1.11014E+08 % Pu242
0.00000E+00 4.38149E+03 9.38193E+08 1.40435E+10 % Am241
0.00000E+00 4.88722E+01 4.78179E+08 1.76864E+10 % Am244
0.00000E+00 5.43839E-02 4.83315E+05 1.81710E+07 % Am245
0.00000E+00 0.00000E+00 0.00000E+00 0.00000E+00 % lost data
4.94941E+09 3.29115E+18 3.63324E+18 3.68048E+18 % total
];

MAT_uco_H = [
0.00000E+00 3.69520E-09 5.54805E-08 9.64445E-08 % H3
0.00000E+00 1.74048E+03 1.73709E+03 1.71809E+03 % Xe135
2.21619E-03 2.20861E-03 2.08394E-03 1.95029E-03 % U235
1.33611E-03 1.33590E-03 1.33213E-03 1.32777E-03 % U238
0.00000E+00 6.80870E-07 1.82578E-02 1.79244E-01 % Pu238
0.00000E+00 2.29575E-02 7.28030E-01 1.31336E+00 % Pu239
0.00000E+00 3.01527E-04 1.66893E-01 5.85209E-01 % Pu240
0.00000E+00 7.69820E-07 8.50263E-03 6.15954E-02 % Pu241
0.00000E+00 2.52212E-11 5.61437E-06 8.86128E-05 % Pu242
0.00000E+00 3.92836E-09 8.41167E-04 1.25911E-02 % Am241
0.00000E+00 8.68154E-12 8.49424E-05 3.14176E-03 % Am244
0.00000E+00 2.74385E-15 2.43848E-08 9.16789E-07 % Am245
0.00000E+00 0.00000E+00 0.00000E+00 0.00000E+00 % lost data
3.55231E-03 1.19612E+06 1.22120E+06 1.21297E+06 % total
];

MAT_uco_SF = [
0.00000E+00 0.00000E+00 0.00000E+00 0.00000E+00 % H3
0.00000E+00 0.00000E+00 0.00000E+00 0.00000E+00 % Xe135
2.15914E-01 2.15175E-01 2.03029E-01 1.90008E-01 % U235
1.06503E+05 1.06486E+05 1.06185E+05 1.05838E+05 % U238
0.00000E+00 1.41438E-03 3.79271E+01 3.72345E+02 % Pu238
0.00000E+00 8.47499E-02 2.68760E+00 4.84839E+00 % Pu239
0.00000E+00 2.04289E+01 1.13073E+04 3.96487E+04 % Pu240
0.00000E+00 0.00000E+00 0.00000E+00 0.00000E+00 % Pu241
0.00000E+00 1.73784E-04 3.86853E+01 6.10578E+02 % Pu242
0.00000E+00 1.88404E-08 4.03423E-03 6.03870E-02 % Am241
0.00000E+00 0.00000E+00 0.00000E+00 0.00000E+00 % Am244
0.00000E+00 0.00000E+00 0.00000E+00 0.00000E+00 % Am245
0.00000E+00 0.00000E+00 0.00000E+00 0.00000E+00 % lost data
1.06503E+05 1.06506E+05 1.19396E+05 2.04639E+05 % total
];

MAT_uco_ING_TOX = [
0.00000E+00 1.70241E-04 2.55604E-03 4.44328E-03 % H3
0.00000E+00 4.05430E+09 4.04640E+09 4.00214E+09 % Xe135
1.40944E+02 1.40461E+02 1.32533E+02 1.24033E+02 % U235
8.77772E+01 8.77629E+01 8.75152E+01 8.72291E+01 % U238
0.00000E+00 1.74897E-01 4.68991E+03 4.60427E+04 % Pu238
0.00000E+00 6.83467E+03 2.16742E+05 3.90999E+05 % Pu239
0.00000E+00 8.96004E+01 4.95933E+04 1.73898E+05 % Pu240
0.00000E+00 4.30677E+00 4.75681E+04 3.44596E+05 % Pu241
0.00000E+00 7.58331E-06 1.68809E+00 2.66434E+01 % Pu242
0.00000E+00 8.76298E-04 1.87639E+02 2.80870E+03 % Am241
0.00000E+00 2.24812E-08 2.19962E-01 8.13574E+00 % Am244
0.00000E+00 3.37180E-12 2.99655E-05 1.12660E-03 % Am245
0.00000E+00 0.00000E+00 0.00000E+00 0.00000E+00 % lost data
2.28721E+02 4.51668E+10 6.03984E+10 6.01956E+10 % total
];

MAT_uco_INH_TOX = [
0.00000E+00 1.05387E-03 1.58231E-02 2.75060E-02 % H3
0.00000E+00 2.12368E+09 2.11955E+09 2.09636E+09 % Xe135
2.54898E+04 2.54026E+04 2.39687E+04 2.24315E+04 % U235
1.56048E+04 1.56023E+04 1.55583E+04 1.55074E+04 % U238
0.00000E+00 8.36462E+01 2.24300E+06 2.20204E+07 % Pu238
0.00000E+00 3.28064E+06 1.04036E+08 1.87680E+08 % Pu239
0.00000E+00 4.30082E+04 2.38048E+07 8.34710E+07 % Pu240
0.00000E+00 2.06366E+03 2.27930E+07 1.65119E+08 % Pu241
0.00000E+00 3.47568E-03 7.73707E+02 1.22116E+04 % Pu242
0.00000E+00 4.20623E-01 9.00666E+04 1.34818E+06 % Am241
0.00000E+00 1.80827E-07 1.76926E+00 6.54396E+01 % Am244
0.00000E+00 3.04550E-12 2.70656E-05 1.01758E-03 % Am245
0.00000E+00 0.00000E+00 0.00000E+00 0.00000E+00 % lost data
4.10947E+04 4.40673E+10 5.87361E+10 6.04512E+10 % total
];

TOT_VOLUME = [ 1.97179E+04 1.97179E+04 1.97179E+04 1.97179E+04 ];

TOT_BURNUP = [ 0.00000E+00 5.14561E-01 9.15925E+00 1.88330E+01 ];

TOT_ADENS = [
0.00000E+00 1.15304E-13 1.73120E-12 3.00943E-12 % H3
0.00000E+00 4.64793E-08 4.63888E-08 4.58813E-08 % Xe135
4.87458E-03 4.85790E-03 4.58368E-03 4.28973E-03 % U235
2.01233E-02 2.01200E-02 2.00633E-02 1.99977E-02 % U238
0.00000E+00 1.53982E-13 4.12909E-09 4.05369E-08 % Pu238
0.00000E+00 1.52192E-06 4.82633E-05 8.70664E-05 % Pu239
0.00000E+00 5.42947E-09 3.00518E-06 1.05376E-05 % Pu240
0.00000E+00 2.96047E-11 3.26983E-07 2.36875E-06 % Pu241
0.00000E+00 2.73585E-14 6.09017E-09 9.61224E-08 % Pu242
0.00000E+00 4.37649E-15 9.37123E-10 1.40275E-08 % Am241
0.00000E+00 1.30017E-22 1.27212E-15 4.70519E-14 % Am244
0.00000E+00 2.93657E-26 2.60976E-19 9.81183E-18 % Am245
0.00000E+00 1.08739E-07 1.94475E-06 4.01271E-06 % lost data
7.04699E-02 7.04831E-02 7.07053E-02 7.09536E-02 % total
];

