
DET1001 = [
    1    1    1    1    1    1    1    1    1    1  5.46164E+18 0.00434 
    2    2    1    1    1    1    1    1    1    1  1.79525E+18 0.00556 
    3    3    1    1    1    1    1    1    1    1  1.81325E+17 0.01200 
];


DET1001E = [
 1.00000E-09  6.25000E-07  3.13000E-07
 6.25000E-07  1.00000E-01  5.00003E-02
 1.00000E-01  2.00000E+01  1.00500E+01
];

DET1002 = [
    1    1    1    1    1    1    1    1    1    1  2.27870E+17 0.00649 
    2    2    1    1    1    1    1    1    1    1  3.87068E+17 0.00482 
    3    3    1    1    1    1    1    1    1    1  1.82190E+17 0.00659 
];


DET1002E = [
 1.00000E-09  6.25000E-07  3.13000E-07
 6.25000E-07  1.00000E-01  5.00003E-02
 1.00000E-01  2.00000E+01  1.00500E+01
];
