
DET1001 = [
    1    1    1    1    1    1    1    1    1    1  5.74970E+18 0.00432 
    2    2    1    1    1    1    1    1    1    1  1.91334E+18 0.00619 
    3    3    1    1    1    1    1    1    1    1  1.96111E+17 0.01192 
];


DET1001E = [
 1.00000E-09  6.25000E-07  3.13000E-07
 6.25000E-07  1.00000E-01  5.00003E-02
 1.00000E-01  2.00000E+01  1.00500E+01
];

DET1002 = [
    1    1    1    1    1    1    1    1    1    1  2.36454E+17 0.00643 
    2    2    1    1    1    1    1    1    1    1  4.16122E+17 0.00517 
    3    3    1    1    1    1    1    1    1    1  1.97354E+17 0.00592 
];


DET1002E = [
 1.00000E-09  6.25000E-07  3.13000E-07
 6.25000E-07  1.00000E-01  5.00003E-02
 1.00000E-01  2.00000E+01  1.00500E+01
];
