
DET1001 = [
    1    1    1    1    1    1    1    1    1    1  5.52202E+18 0.00428 
    2    2    1    1    1    1    1    1    1    1  1.85871E+18 0.00580 
    3    3    1    1    1    1    1    1    1    1  1.88733E+17 0.01171 
];


DET1001E = [
 1.00000E-09  6.25000E-07  3.13000E-07
 6.25000E-07  1.00000E-01  5.00003E-02
 1.00000E-01  2.00000E+01  1.00500E+01
];

DET1002 = [
    1    1    1    1    1    1    1    1    1    1  2.30105E+17 0.00662 
    2    2    1    1    1    1    1    1    1    1  4.00084E+17 0.00494 
    3    3    1    1    1    1    1    1    1    1  1.87903E+17 0.00636 
];


DET1002E = [
 1.00000E-09  6.25000E-07  3.13000E-07
 6.25000E-07  1.00000E-01  5.00003E-02
 1.00000E-01  2.00000E+01  1.00500E+01
];
