
DET1001 = [
    1    1    1    1    1    1    1    1    1    1  4.91779E+18 0.00486 
    2    2    1    1    1    1    1    1    1    1  1.83980E+18 0.00590 
    3    3    1    1    1    1    1    1    1    1  1.93873E+17 0.01174 
];


DET1001E = [
 1.00000E-09  6.25000E-07  3.13000E-07
 6.25000E-07  1.00000E-01  5.00003E-02
 1.00000E-01  2.00000E+01  1.00500E+01
];

DET1002 = [
    1    1    1    1    1    1    1    1    1    1  1.57845E+17 0.00743 
    2    2    1    1    1    1    1    1    1    1  3.74370E+17 0.00508 
    3    3    1    1    1    1    1    1    1    1  1.81933E+17 0.00696 
];


DET1002E = [
 1.00000E-09  6.25000E-07  3.13000E-07
 6.25000E-07  1.00000E-01  5.00003E-02
 1.00000E-01  2.00000E+01  1.00500E+01
];
