
DET1001 = [
    1    1    1    1    1    1    1    1    1    1  5.09988E+18 0.00473 
    2    2    1    1    1    1    1    1    1    1  1.90620E+18 0.00590 
    3    3    1    1    1    1    1    1    1    1  1.99436E+17 0.01241 
];


DET1001E = [
 1.00000E-09  6.25000E-07  3.13000E-07
 6.25000E-07  1.00000E-01  5.00003E-02
 1.00000E-01  2.00000E+01  1.00500E+01
];

DET1002 = [
    1    1    1    1    1    1    1    1    1    1  1.59162E+17 0.00777 
    2    2    1    1    1    1    1    1    1    1  3.96349E+17 0.00489 
    3    3    1    1    1    1    1    1    1    1  1.91768E+17 0.00626 
];


DET1002E = [
 1.00000E-09  6.25000E-07  3.13000E-07
 6.25000E-07  1.00000E-01  5.00003E-02
 1.00000E-01  2.00000E+01  1.00500E+01
];
