
DET1001 = [
    1    1    1    1    1    1    1    1    1    1  5.19367E+18 0.00462 
    2    2    1    1    1    1    1    1    1    1  1.97209E+18 0.00582 
    3    3    1    1    1    1    1    1    1    1  2.00861E+17 0.01180 
];


DET1001E = [
 1.00000E-09  6.25000E-07  3.13000E-07
 6.25000E-07  1.00000E-01  5.00003E-02
 1.00000E-01  2.00000E+01  1.00500E+01
];

DET1002 = [
    1    1    1    1    1    1    1    1    1    1  1.60888E+17 0.00808 
    2    2    1    1    1    1    1    1    1    1  4.07163E+17 0.00503 
    3    3    1    1    1    1    1    1    1    1  1.99374E+17 0.00654 
];


DET1002E = [
 1.00000E-09  6.25000E-07  3.13000E-07
 6.25000E-07  1.00000E-01  5.00003E-02
 1.00000E-01  2.00000E+01  1.00500E+01
];
