
DET1001 = [
    1    1    1    1    1    1    1    1    1    1  4.39563E+18 0.00484 
    2    2    1    1    1    1    1    1    1    1  1.93044E+18 0.00553 
    3    3    1    1    1    1    1    1    1    1  2.00902E+17 0.01135 
];


DET1001E = [
 1.00000E-09  6.25000E-07  3.13000E-07
 6.25000E-07  1.00000E-01  5.00003E-02
 1.00000E-01  2.00000E+01  1.00500E+01
];

DET1002 = [
    1    1    1    1    1    1    1    1    1    1  8.87396E+16 0.00960 
    2    2    1    1    1    1    1    1    1    1  3.55400E+17 0.00498 
    3    3    1    1    1    1    1    1    1    1  1.74872E+17 0.00647 
];


DET1002E = [
 1.00000E-09  6.25000E-07  3.13000E-07
 6.25000E-07  1.00000E-01  5.00003E-02
 1.00000E-01  2.00000E+01  1.00500E+01
];
