
ZAI = [
10030
541350
922350
922380
942380
942390
942400
942410
942420
952410
952440
952450
666
0
];

NAMES = [
'H3              '
'Xe135           '
'U235            '
'U238            '
'Pu238           '
'Pu239           '
'Pu240           '
'Pu241           '
'Pu242           '
'Am241           '
'Am244           '
'Am245           '
'lost            '
'total           '
];

i10030  = 1; iH3               = 1;
i541350 = 2; iXe135            = 2;
i922350 = 3; iU235             = 3;
i922380 = 4; iU238             = 4;
i942380 = 5; iPu238            = 5;
i942390 = 6; iPu239            = 6;
i942400 = 7; iPu240            = 7;
i942410 = 8; iPu241            = 8;
i942420 = 9; iPu242            = 9;
i952410 = 10; iAm241            = 10;
i952440 = 11; iAm244            = 11;
i952450 = 12; iAm245            = 12;
iLOST    = 13;
iTOT     = 14;

MAT_uco_VOLUME = [ 3.93127E+04 3.93127E+04 3.93127E+04 3.93127E+04 ];

MAT_uco_BURNUP = [ 0.00000E+00 2.58091E-01 4.59407E+00 9.44616E+00 ];

MAT_uco_ADENS = [
0.00000E+00 7.24555E-14 1.20727E-12 2.26948E-12 % H3
0.00000E+00 3.25783E-08 3.27515E-08 3.27974E-08 % Xe135
4.87458E-03 4.86610E-03 4.72551E-03 4.57237E-03 % U235
2.01233E-02 2.01213E-02 2.00876E-02 2.00492E-02 % U238
0.00000E+00 5.09950E-14 9.20648E-10 8.63478E-09 % Pu238
0.00000E+00 9.16462E-07 3.11828E-05 6.05500E-05 % Pu239
0.00000E+00 1.69776E-09 9.67260E-07 3.69846E-06 % Pu240
0.00000E+00 5.87009E-12 6.65180E-08 5.26300E-07 % Pu241
0.00000E+00 2.71334E-15 6.00984E-10 1.00699E-08 % Pu242
0.00000E+00 8.77369E-16 1.91294E-10 3.15502E-09 % Am241
0.00000E+00 5.39921E-24 5.26211E-17 1.95105E-15 % Am244
0.00000E+00 6.27863E-28 5.54235E-21 2.06285E-19 % Am245
0.00000E+00 5.45560E-08 9.73755E-07 2.00700E-06 % lost data
7.04699E-02 7.04765E-02 7.05879E-02 7.07125E-02 % total
];

MAT_uco_MDENS = [
0.00000E+00 3.62817E-13 6.04531E-12 1.13643E-11 % H3
0.00000E+00 7.29826E-06 7.33705E-06 7.34733E-06 % Xe135
1.90258E+00 1.89927E+00 1.84439E+00 1.78462E+00 % U235
7.95473E+00 7.95394E+00 7.94059E+00 7.92542E+00 % U238
0.00000E+00 2.01582E-11 3.63929E-07 3.41330E-06 % Pu238
0.00000E+00 3.63801E-04 1.23784E-02 2.40360E-02 % Pu239
0.00000E+00 6.76772E-07 3.85575E-04 1.47430E-03 % Pu240
0.00000E+00 2.34966E-09 2.66256E-05 2.10666E-04 % Pu241
0.00000E+00 1.09064E-12 2.41568E-07 4.04766E-06 % Pu242
0.00000E+00 3.51203E-13 7.65731E-08 1.26293E-06 % Am241
0.00000E+00 2.18822E-21 2.13266E-14 7.90734E-13 % Am244
0.00000E+00 2.55508E-25 2.25545E-18 8.39473E-17 % Am245
0.00000E+00 0.00000E+00 0.00000E+00 0.00000E+00 % lost data
1.10000E+01 1.10000E+01 1.09993E+01 1.09986E+01 % total
];

MAT_uco_A = [
0.00000E+00 5.07826E+06 8.46147E+07 1.59063E+08 % H3
0.00000E+00 2.69798E+16 2.71232E+16 2.71612E+16 % Xe135
5.97888E+09 5.96847E+09 5.79603E+09 5.60820E+09 % U235
3.88903E+09 3.88865E+09 3.88212E+09 3.87470E+09 % U238
0.00000E+00 5.02091E+05 9.06459E+09 8.50169E+10 % Pu238
0.00000E+00 3.28225E+10 1.11679E+12 2.16856E+12 % Pu239
0.00000E+00 2.23440E+08 1.27300E+11 4.86749E+11 % Pu240
0.00000E+00 3.54704E+08 4.01939E+12 3.18021E+13 % Pu241
0.00000E+00 6.24784E+00 1.38385E+06 2.31875E+07 % Pu242
0.00000E+00 1.75126E+03 3.81829E+08 6.29753E+09 % Am241
0.00000E+00 4.04636E+00 3.94361E+07 1.46219E+09 % Am244
0.00000E+00 2.31828E-03 2.04642E+04 7.61672E+05 % Am245
0.00000E+00 0.00000E+00 0.00000E+00 0.00000E+00 % lost data
9.86791E+09 3.35244E+18 3.72261E+18 3.78058E+18 % total
];

MAT_uco_H = [
0.00000E+00 4.62953E-09 7.71380E-08 1.45008E-07 % H3
0.00000E+00 2.43227E+03 2.44520E+03 2.44862E+03 % Xe135
4.41855E-03 4.41086E-03 4.28342E-03 4.14461E-03 % U235
2.66389E-03 2.66362E-03 2.65915E-03 2.65407E-03 % U238
0.00000E+00 4.49565E-07 8.11631E-03 7.61230E-02 % Pu238
0.00000E+00 2.75625E-02 9.37819E-01 1.82104E+00 % Pu239
0.00000E+00 1.87983E-04 1.07099E-01 4.09507E-01 % Pu240
0.00000E+00 3.04330E-07 3.44857E-03 2.72856E-02 % Pu241
0.00000E+00 4.98709E-12 1.10460E-06 1.85085E-05 % Pu242
0.00000E+00 1.57015E-09 3.42341E-04 5.64625E-03 % Am241
0.00000E+00 7.18785E-13 7.00533E-06 2.59739E-04 % Am244
0.00000E+00 1.16965E-16 1.03249E-09 3.84289E-08 % Am245
0.00000E+00 0.00000E+00 0.00000E+00 0.00000E+00 % lost data
7.08243E-03 1.20148E+06 1.23770E+06 1.23646E+06 % total
];

MAT_uco_SF = [
0.00000E+00 0.00000E+00 0.00000E+00 0.00000E+00 % H3
0.00000E+00 0.00000E+00 0.00000E+00 0.00000E+00 % Xe135
4.30479E-01 4.29730E-01 4.17314E-01 4.03790E-01 % U235
2.12341E+05 2.12320E+05 2.11964E+05 2.11559E+05 % U238
0.00000E+00 9.33889E-04 1.68601E+01 1.58131E+02 % Pu238
0.00000E+00 1.01750E-01 3.46205E+00 6.72253E+00 % Pu239
0.00000E+00 1.27361E+01 7.25609E+03 2.77447E+04 % Pu240
0.00000E+00 0.00000E+00 0.00000E+00 0.00000E+00 % Pu241
0.00000E+00 3.43631E-05 7.61118E+00 1.27531E+02 % Pu242
0.00000E+00 7.53041E-09 1.64186E-03 2.70794E-02 % Am241
0.00000E+00 0.00000E+00 0.00000E+00 0.00000E+00 % Am244
0.00000E+00 0.00000E+00 0.00000E+00 0.00000E+00 % Am245
0.00000E+00 0.00000E+00 0.00000E+00 0.00000E+00 % lost data
2.12341E+05 2.12333E+05 2.19629E+05 2.52465E+05 % total
];

MAT_uco_ING_TOX = [
0.00000E+00 2.13287E-04 3.55382E-03 6.68065E-03 % H3
0.00000E+00 5.66575E+09 5.69587E+09 5.70384E+09 % Xe135
2.81007E+02 2.80518E+02 2.72413E+02 2.63585E+02 % U235
1.75006E+02 1.74989E+02 1.74695E+02 1.74362E+02 % U238
0.00000E+00 1.15481E-01 2.08485E+03 1.95539E+04 % Pu238
0.00000E+00 8.20562E+03 2.79198E+05 5.42140E+05 % Pu239
0.00000E+00 5.58601E+01 3.18250E+04 1.21687E+05 % Pu240
0.00000E+00 1.70258E+00 1.92931E+04 1.52650E+05 % Pu241
0.00000E+00 1.49948E-06 3.32124E-01 5.56499E+00 % Pu242
0.00000E+00 3.50252E-04 7.63658E+01 1.25951E+03 % Am241
0.00000E+00 1.86132E-09 1.81406E-02 6.72607E-01 % Am244
0.00000E+00 1.43733E-13 1.26878E-06 4.72237E-05 % Am245
0.00000E+00 0.00000E+00 0.00000E+00 0.00000E+00 % lost data
4.56014E+02 4.68322E+10 6.24229E+10 6.24859E+10 % total
];

MAT_uco_INH_TOX = [
0.00000E+00 1.32035E-03 2.19998E-02 4.13564E-02 % H3
0.00000E+00 2.96777E+09 2.98355E+09 2.98773E+09 % Xe135
5.08205E+04 5.07320E+04 4.92662E+04 4.76697E+04 % U235
3.11122E+04 3.11092E+04 3.10569E+04 3.09976E+04 % U238
0.00000E+00 5.52300E+01 9.97105E+05 9.35186E+06 % Pu238
0.00000E+00 3.93870E+06 1.34015E+08 2.60227E+08 % Pu239
0.00000E+00 2.68129E+04 1.52760E+07 5.84099E+07 % Pu240
0.00000E+00 8.15819E+02 9.24461E+06 7.31447E+07 % Pu241
0.00000E+00 6.87262E-04 1.52224E+02 2.55062E+03 % Pu242
0.00000E+00 1.68121E-01 3.66556E+04 6.04563E+05 % Am241
0.00000E+00 1.49715E-08 1.45914E-01 5.41010E+00 % Am244
0.00000E+00 1.29824E-13 1.14600E-06 4.26536E-05 % Am245
0.00000E+00 0.00000E+00 0.00000E+00 0.00000E+00 % lost data
8.19327E+04 4.49832E+10 5.99274E+10 6.17747E+10 % total
];

TOT_VOLUME = [ 3.93127E+04 3.93127E+04 3.93127E+04 3.93127E+04 ];

TOT_BURNUP = [ 0.00000E+00 2.58091E-01 4.59407E+00 9.44616E+00 ];

TOT_ADENS = [
0.00000E+00 7.24555E-14 1.20727E-12 2.26948E-12 % H3
0.00000E+00 3.25783E-08 3.27515E-08 3.27974E-08 % Xe135
4.87458E-03 4.86610E-03 4.72551E-03 4.57237E-03 % U235
2.01233E-02 2.01213E-02 2.00876E-02 2.00492E-02 % U238
0.00000E+00 5.09950E-14 9.20648E-10 8.63478E-09 % Pu238
0.00000E+00 9.16462E-07 3.11828E-05 6.05500E-05 % Pu239
0.00000E+00 1.69776E-09 9.67260E-07 3.69846E-06 % Pu240
0.00000E+00 5.87009E-12 6.65180E-08 5.26300E-07 % Pu241
0.00000E+00 2.71334E-15 6.00984E-10 1.00699E-08 % Pu242
0.00000E+00 8.77369E-16 1.91294E-10 3.15502E-09 % Am241
0.00000E+00 5.39921E-24 5.26211E-17 1.95105E-15 % Am244
0.00000E+00 6.27863E-28 5.54235E-21 2.06285E-19 % Am245
0.00000E+00 5.45560E-08 9.73755E-07 2.00700E-06 % lost data
7.04699E-02 7.04765E-02 7.05879E-02 7.07125E-02 % total
];

