
DET1001 = [
    1    1    1    1    1    1    1    1    1    1  4.27712E+18 0.00460 
    2    2    1    1    1    1    1    1    1    1  1.88812E+18 0.00569 
    3    3    1    1    1    1    1    1    1    1  2.01959E+17 0.01104 
];


DET1001E = [
 1.00000E-09  6.25000E-07  3.13000E-07
 6.25000E-07  1.00000E-01  5.00003E-02
 1.00000E-01  2.00000E+01  1.00500E+01
];

DET1002 = [
    1    1    1    1    1    1    1    1    1    1  8.82685E+16 0.00939 
    2    2    1    1    1    1    1    1    1    1  3.45104E+17 0.00497 
    3    3    1    1    1    1    1    1    1    1  1.66474E+17 0.00618 
];


DET1002E = [
 1.00000E-09  6.25000E-07  3.13000E-07
 6.25000E-07  1.00000E-01  5.00003E-02
 1.00000E-01  2.00000E+01  1.00500E+01
];
