
DET1001 = [
    1    1    1    1    1    1    1    1    1    1  4.29772E+18 0.00493 
    2    2    1    1    1    1    1    1    1    1  1.89933E+18 0.00562 
    3    3    1    1    1    1    1    1    1    1  1.93981E+17 0.01141 
];


DET1001E = [
 1.00000E-09  6.25000E-07  3.13000E-07
 6.25000E-07  1.00000E-01  5.00003E-02
 1.00000E-01  2.00000E+01  1.00500E+01
];

DET1002 = [
    1    1    1    1    1    1    1    1    1    1  8.69117E+16 0.00938 
    2    2    1    1    1    1    1    1    1    1  3.46362E+17 0.00503 
    3    3    1    1    1    1    1    1    1    1  1.70915E+17 0.00648 
];


DET1002E = [
 1.00000E-09  6.25000E-07  3.13000E-07
 6.25000E-07  1.00000E-01  5.00003E-02
 1.00000E-01  2.00000E+01  1.00500E+01
];
