
ZAI = [
10030
541350
922350
922380
942380
942390
942400
942410
942420
952410
952440
952450
666
0
];

NAMES = [
'H3              '
'Xe135           '
'U235            '
'U238            '
'Pu238           '
'Pu239           '
'Pu240           '
'Pu241           '
'Pu242           '
'Am241           '
'Am244           '
'Am245           '
'lost            '
'total           '
];

i10030  = 1; iH3               = 1;
i541350 = 2; iXe135            = 2;
i922350 = 3; iU235             = 3;
i922380 = 4; iU238             = 4;
i942380 = 5; iPu238            = 5;
i942390 = 6; iPu239            = 6;
i942400 = 7; iPu240            = 7;
i942410 = 8; iPu241            = 8;
i942420 = 9; iPu242            = 9;
i952410 = 10; iAm241            = 10;
i952440 = 11; iAm244            = 11;
i952450 = 12; iAm245            = 12;
iLOST    = 13;
iTOT     = 14;

MAT_uco_VOLUME = [ 2.71122E+04 2.71122E+04 2.71122E+04 2.71122E+04 ];

MAT_uco_BURNUP = [ 0.00000E+00 3.74220E-01 6.66100E+00 1.36964E+01 ];

MAT_uco_ADENS = [
0.00000E+00 1.05819E-13 1.67627E-12 3.00228E-12 % H3
0.00000E+00 3.81612E-08 3.84008E-08 3.83241E-08 % Xe135
4.31104E-03 4.29883E-03 4.09820E-03 3.88301E-03 % U235
2.06805E-02 2.06776E-02 2.06279E-02 2.05707E-02 % U238
0.00000E+00 1.19050E-13 2.62556E-09 2.50248E-08 % Pu238
0.00000E+00 1.33521E-06 4.35350E-05 8.09556E-05 % Pu239
0.00000E+00 3.95813E-09 2.18361E-06 7.85263E-06 % Pu240
0.00000E+00 1.94928E-11 2.16863E-07 1.60212E-06 % Pu241
0.00000E+00 1.45655E-14 3.21390E-09 5.09465E-08 % Pu242
0.00000E+00 2.89742E-15 6.22616E-10 9.56571E-09 % Am241
0.00000E+00 5.86468E-23 5.80549E-16 2.06540E-14 % Am244
0.00000E+00 1.08021E-26 9.69948E-20 3.47043E-18 % Am245
0.00000E+00 7.90911E-08 1.41436E-06 2.91893E-06 % lost data
7.04520E-02 7.04616E-02 7.06232E-02 7.08038E-02 % total
];

MAT_uco_MDENS = [
0.00000E+00 5.29884E-13 8.39382E-12 1.50337E-11 % H3
0.00000E+00 8.54894E-06 8.60263E-06 8.58544E-06 % Xe135
1.68262E+00 1.67786E+00 1.59955E+00 1.51556E+00 % U235
8.17497E+00 8.17383E+00 8.15419E+00 8.13158E+00 % U238
0.00000E+00 4.70601E-11 1.03788E-06 9.89224E-06 % Pu238
0.00000E+00 5.30026E-04 1.72817E-02 3.21363E-02 % Pu239
0.00000E+00 1.57781E-06 8.70442E-04 3.13026E-03 % Pu240
0.00000E+00 7.80252E-09 8.68055E-05 6.41293E-04 % Pu241
0.00000E+00 5.85467E-12 1.29184E-06 2.04782E-05 % Pu242
0.00000E+00 1.15981E-12 2.49227E-07 3.82907E-06 % Am241
0.00000E+00 2.37687E-20 2.35288E-13 8.37077E-12 % Am244
0.00000E+00 4.39591E-24 3.94719E-17 1.41229E-15 % Am245
0.00000E+00 0.00000E+00 0.00000E+00 0.00000E+00 % lost data
1.10000E+01 1.09999E+01 1.09990E+01 1.09980E+01 % total
];

MAT_uco_A = [
0.00000E+00 5.11495E+06 8.10250E+07 1.45120E+08 % H3
0.00000E+00 2.17953E+16 2.19322E+16 2.18884E+16 % Xe135
3.64667E+09 3.63635E+09 3.46663E+09 3.28460E+09 % U235
2.75635E+09 2.75597E+09 2.74934E+09 2.74172E+09 % U238
0.00000E+00 8.08381E+05 1.78282E+10 1.69925E+11 % Pu238
0.00000E+00 3.29790E+10 1.07530E+12 1.99957E+12 % Pu239
0.00000E+00 3.59258E+08 1.98194E+11 7.12741E+11 % Pu240
0.00000E+00 8.12322E+08 9.03732E+12 6.67650E+13 % Pu241
0.00000E+00 2.31305E+01 5.10376E+06 8.09045E+07 % Pu242
0.00000E+00 3.98852E+03 8.57078E+08 1.31679E+10 % Am241
0.00000E+00 3.03117E+01 3.00058E+08 1.06751E+10 % Am244
0.00000E+00 2.75070E-02 2.46991E+05 8.83724E+06 % Am245
0.00000E+00 0.00000E+00 0.00000E+00 0.00000E+00 % lost data
6.40302E+09 3.34868E+18 3.71447E+18 3.76767E+18 % total
];

MAT_uco_H = [
0.00000E+00 4.66298E-09 7.38655E-08 1.32297E-07 % H3
0.00000E+00 1.96488E+03 1.97722E+03 1.97327E+03 % Xe135
2.69498E-03 2.68736E-03 2.56193E-03 2.42741E-03 % U235
1.88803E-03 1.88777E-03 1.88323E-03 1.87801E-03 % U238
0.00000E+00 7.23813E-07 1.59632E-02 1.52149E-01 % Pu238
0.00000E+00 2.76939E-02 9.02973E-01 1.67913E+00 % Pu239
0.00000E+00 3.02248E-04 1.66743E-01 5.99637E-01 % Pu240
0.00000E+00 6.96958E-07 7.75387E-03 5.72833E-02 % Pu241
0.00000E+00 1.84630E-11 4.07388E-06 6.45789E-05 % Pu242
0.00000E+00 3.57604E-09 7.68440E-04 1.18061E-02 % Am241
0.00000E+00 5.38450E-12 5.33015E-05 1.89629E-03 % Am244
0.00000E+00 1.38782E-15 1.24615E-08 4.45868E-07 % Am245
0.00000E+00 0.00000E+00 0.00000E+00 0.00000E+00 % lost data
4.58301E-03 1.20080E+06 1.23249E+06 1.22623E+06 % total
];

MAT_uco_SF = [
0.00000E+00 0.00000E+00 0.00000E+00 0.00000E+00 % H3
0.00000E+00 0.00000E+00 0.00000E+00 0.00000E+00 % Xe135
2.62560E-01 2.61817E-01 2.49597E-01 2.36491E-01 % U235
1.50497E+05 1.50476E+05 1.50114E+05 1.49698E+05 % U238
0.00000E+00 1.50359E-03 3.31605E+01 3.16061E+02 % Pu238
0.00000E+00 1.02235E-01 3.33341E+00 6.19866E+00 % Pu239
0.00000E+00 2.04777E+01 1.12971E+04 4.06263E+04 % Pu240
0.00000E+00 0.00000E+00 0.00000E+00 0.00000E+00 % Pu241
0.00000E+00 1.27218E-04 2.80707E+01 4.44975E+02 % Pu242
0.00000E+00 1.71506E-08 3.68543E-03 5.66221E-02 % Am241
0.00000E+00 0.00000E+00 0.00000E+00 0.00000E+00 % Am244
0.00000E+00 0.00000E+00 0.00000E+00 0.00000E+00 % Am245
0.00000E+00 0.00000E+00 0.00000E+00 0.00000E+00 % lost data
1.50497E+05 1.50497E+05 1.62840E+05 2.34894E+05 % total
];

MAT_uco_ING_TOX = [
0.00000E+00 2.14828E-04 3.40305E-03 6.09502E-03 % H3
0.00000E+00 4.57702E+09 4.60576E+09 4.59656E+09 % Xe135
1.71393E+02 1.70908E+02 1.62932E+02 1.54376E+02 % U235
1.24036E+02 1.24018E+02 1.23720E+02 1.23377E+02 % U238
0.00000E+00 1.85928E-01 4.10049E+03 3.90828E+04 % Pu238
0.00000E+00 8.24475E+03 2.68824E+05 4.99892E+05 % Pu239
0.00000E+00 8.98146E+01 4.95486E+04 1.78185E+05 % Pu240
0.00000E+00 3.89914E+00 4.33792E+04 3.20472E+05 % Pu241
0.00000E+00 5.55132E-06 1.22490E+00 1.94171E+01 % Pu242
0.00000E+00 7.97705E-04 1.71416E+02 2.63359E+03 % Am241
0.00000E+00 1.39434E-08 1.38027E-01 4.91053E+00 % Am244
0.00000E+00 1.70543E-12 1.53135E-05 5.47909E-04 % Am245
0.00000E+00 0.00000E+00 0.00000E+00 0.00000E+00 % lost data
2.95429E+02 4.57322E+10 6.12774E+10 6.12159E+10 % total
];

MAT_uco_INH_TOX = [
0.00000E+00 1.32989E-03 2.10665E-02 3.77311E-02 % H3
0.00000E+00 2.39749E+09 2.41254E+09 2.40772E+09 % Xe135
3.09967E+04 3.09089E+04 2.94663E+04 2.79191E+04 % U235
2.20508E+04 2.20477E+04 2.19947E+04 2.19338E+04 % U238
0.00000E+00 8.89219E+01 1.96111E+06 1.86918E+07 % Pu238
0.00000E+00 3.95748E+06 1.29035E+08 2.39948E+08 % Pu239
0.00000E+00 4.31110E+04 2.37833E+07 8.55290E+07 % Pu240
0.00000E+00 1.86834E+03 2.07858E+07 1.53560E+08 % Pu241
0.00000E+00 2.54435E-03 5.61414E+02 8.89950E+03 % Pu242
0.00000E+00 3.82898E-01 8.22795E+04 1.26412E+06 % Am241
0.00000E+00 1.12153E-07 1.11021E+00 3.94978E+01 % Am244
0.00000E+00 1.54039E-12 1.38315E-05 4.94886E-04 % Am245
0.00000E+00 0.00000E+00 0.00000E+00 0.00000E+00 % lost data
5.30475E+04 4.44019E+10 5.93820E+10 6.12387E+10 % total
];

TOT_VOLUME = [ 2.71122E+04 2.71122E+04 2.71122E+04 2.71122E+04 ];

TOT_BURNUP = [ 0.00000E+00 3.74220E-01 6.66100E+00 1.36964E+01 ];

TOT_ADENS = [
0.00000E+00 1.05819E-13 1.67627E-12 3.00228E-12 % H3
0.00000E+00 3.81612E-08 3.84008E-08 3.83241E-08 % Xe135
4.31104E-03 4.29883E-03 4.09820E-03 3.88301E-03 % U235
2.06805E-02 2.06776E-02 2.06279E-02 2.05707E-02 % U238
0.00000E+00 1.19050E-13 2.62556E-09 2.50248E-08 % Pu238
0.00000E+00 1.33521E-06 4.35350E-05 8.09556E-05 % Pu239
0.00000E+00 3.95813E-09 2.18361E-06 7.85263E-06 % Pu240
0.00000E+00 1.94928E-11 2.16863E-07 1.60212E-06 % Pu241
0.00000E+00 1.45655E-14 3.21390E-09 5.09465E-08 % Pu242
0.00000E+00 2.89742E-15 6.22616E-10 9.56571E-09 % Am241
0.00000E+00 5.86468E-23 5.80549E-16 2.06540E-14 % Am244
0.00000E+00 1.08021E-26 9.69948E-20 3.47043E-18 % Am245
0.00000E+00 7.90911E-08 1.41436E-06 2.91893E-06 % lost data
7.04520E-02 7.04616E-02 7.06232E-02 7.08038E-02 % total
];

