
DET1001 = [
    1    1    1    1    1    1    1    1    1    1  4.09219E+18 0.00467 
    2    2    1    1    1    1    1    1    1    1  1.69980E+18 0.00628 
    3    3    1    1    1    1    1    1    1    1  1.60525E+17 0.01177 
];


DET1001E = [
 1.00000E-09  6.25000E-07  3.13000E-07
 6.25000E-07  1.00000E-01  5.00003E-02
 1.00000E-01  2.00000E+01  1.00500E+01
];

DET1002 = [
    1    1    1    1    1    1    1    1    1    1  1.05386E+17 0.00869 
    2    2    1    1    1    1    1    1    1    1  3.72351E+17 0.00483 
    3    3    1    1    1    1    1    1    1    1  1.79272E+17 0.00659 
];


DET1002E = [
 1.00000E-09  6.25000E-07  3.13000E-07
 6.25000E-07  1.00000E-01  5.00003E-02
 1.00000E-01  2.00000E+01  1.00500E+01
];
