
DET1001 = [
    1    1    1    1    1    1    1    1    1    1  3.95478E+18 0.00471 
    2    2    1    1    1    1    1    1    1    1  1.64797E+18 0.00620 
    3    3    1    1    1    1    1    1    1    1  1.49370E+17 0.01226 
];


DET1001E = [
 1.00000E-09  6.25000E-07  3.13000E-07
 6.25000E-07  1.00000E-01  5.00003E-02
 1.00000E-01  2.00000E+01  1.00500E+01
];

DET1002 = [
    1    1    1    1    1    1    1    1    1    1  1.04931E+17 0.00863 
    2    2    1    1    1    1    1    1    1    1  3.49335E+17 0.00487 
    3    3    1    1    1    1    1    1    1    1  1.68783E+17 0.00655 
];


DET1002E = [
 1.00000E-09  6.25000E-07  3.13000E-07
 6.25000E-07  1.00000E-01  5.00003E-02
 1.00000E-01  2.00000E+01  1.00500E+01
];
