
DET1001 = [
    1    1    1    1    1    1    1    1    1    1  4.01610E+18 0.00511 
    2    2    1    1    1    1    1    1    1    1  1.71302E+18 0.00629 
    3    3    1    1    1    1    1    1    1    1  1.58540E+17 0.01143 
];


DET1001E = [
 1.00000E-09  6.25000E-07  3.13000E-07
 6.25000E-07  1.00000E-01  5.00003E-02
 1.00000E-01  2.00000E+01  1.00500E+01
];

DET1002 = [
    1    1    1    1    1    1    1    1    1    1  1.04397E+17 0.00876 
    2    2    1    1    1    1    1    1    1    1  3.57985E+17 0.00481 
    3    3    1    1    1    1    1    1    1    1  1.71730E+17 0.00625 
];


DET1002E = [
 1.00000E-09  6.25000E-07  3.13000E-07
 6.25000E-07  1.00000E-01  5.00003E-02
 1.00000E-01  2.00000E+01  1.00500E+01
];
