
DET1001 = [
    1    1    1    1    1    1    1    1    1    1  4.10239E+18 0.00467 
    2    2    1    1    1    1    1    1    1    1  1.82888E+18 0.00533 
    3    3    1    1    1    1    1    1    1    1  1.90842E+17 0.01082 
];


DET1001E = [
 1.00000E-09  6.25000E-07  3.13000E-07
 6.25000E-07  1.00000E-01  5.00003E-02
 1.00000E-01  2.00000E+01  1.00500E+01
];

DET1002 = [
    1    1    1    1    1    1    1    1    1    1  8.40434E+16 0.00953 
    2    2    1    1    1    1    1    1    1    1  3.31855E+17 0.00502 
    3    3    1    1    1    1    1    1    1    1  1.65743E+17 0.00663 
];


DET1002E = [
 1.00000E-09  6.25000E-07  3.13000E-07
 6.25000E-07  1.00000E-01  5.00003E-02
 1.00000E-01  2.00000E+01  1.00500E+01
];
