
ZAI = [
10030
541350
922350
922380
942380
942390
942400
942410
942420
952410
952440
952450
666
0
];

NAMES = [
'H3              '
'Xe135           '
'U235            '
'U238            '
'Pu238           '
'Pu239           '
'Pu240           '
'Pu241           '
'Pu242           '
'Am241           '
'Am244           '
'Am245           '
'lost            '
'total           '
];

i10030  = 1; iH3               = 1;
i541350 = 2; iXe135            = 2;
i922350 = 3; iU235             = 3;
i922380 = 4; iU238             = 4;
i942380 = 5; iPu238            = 5;
i942390 = 6; iPu239            = 6;
i942400 = 7; iPu240            = 7;
i942410 = 8; iPu241            = 8;
i942420 = 9; iPu242            = 9;
i952410 = 10; iAm241            = 10;
i952440 = 11; iAm244            = 11;
i952450 = 12; iAm245            = 12;
iLOST    = 13;
iTOT     = 14;

MAT_uco_VOLUME = [ 3.43362E+04 3.43362E+04 3.43362E+04 3.43362E+04 ];

MAT_uco_BURNUP = [ 0.00000E+00 2.95497E-01 5.25981E+00 1.08152E+01 ];

MAT_uco_ADENS = [
0.00000E+00 8.67808E-14 1.38922E-12 2.58456E-12 % H3
0.00000E+00 3.56194E-08 3.58260E-08 3.58664E-08 % Xe135
4.87458E-03 4.86488E-03 4.70426E-03 4.52994E-03 % U235
2.01233E-02 2.01210E-02 2.00820E-02 2.00373E-02 % U238
0.00000E+00 6.89735E-14 1.33654E-09 1.25486E-08 % Pu238
0.00000E+00 1.05523E-06 3.56251E-05 6.86593E-05 % Pu239
0.00000E+00 2.23602E-09 1.25916E-06 4.72827E-06 % Pu240
0.00000E+00 8.77153E-12 9.84330E-08 7.62351E-07 % Pu241
0.00000E+00 4.64048E-15 1.02004E-09 1.67274E-08 % Pu242
0.00000E+00 1.31088E-15 2.82981E-10 4.57214E-09 % Am241
0.00000E+00 1.21139E-23 1.15776E-16 4.23929E-15 % Am244
0.00000E+00 1.60779E-27 1.40308E-20 5.13417E-19 % Am245
0.00000E+00 6.24643E-08 1.11536E-06 2.29964E-06 % lost data
7.04699E-02 7.04775E-02 7.06050E-02 7.07477E-02 % total
];

MAT_uco_MDENS = [
0.00000E+00 4.34549E-13 6.95646E-12 1.29420E-11 % H3
0.00000E+00 7.97951E-06 8.02580E-06 8.03485E-06 % Xe135
1.90258E+00 1.89879E+00 1.83610E+00 1.76806E+00 % U235
7.95473E+00 7.95383E+00 7.93838E+00 7.92073E+00 % U238
0.00000E+00 2.72650E-11 5.28330E-07 4.96041E-06 % Pu238
0.00000E+00 4.18885E-04 1.41418E-02 2.72551E-02 % Pu239
0.00000E+00 8.91336E-07 5.01934E-04 1.88481E-03 % Pu240
0.00000E+00 3.51105E-09 3.94005E-05 3.05152E-04 % Pu241
0.00000E+00 1.86526E-12 4.10010E-07 6.72363E-06 % Pu242
0.00000E+00 5.24733E-13 1.13275E-07 1.83019E-06 % Am241
0.00000E+00 4.90957E-21 4.69224E-14 1.71812E-12 % Am244
0.00000E+00 6.54287E-25 5.70984E-18 2.08934E-16 % Am245
0.00000E+00 0.00000E+00 0.00000E+00 0.00000E+00 % lost data
1.10000E+01 1.10000E+01 1.09992E+01 1.09984E+01 % total
];

MAT_uco_A = [
0.00000E+00 5.31235E+06 8.50423E+07 1.58216E+08 % H3
0.00000E+00 2.57641E+16 2.59135E+16 2.59428E+16 % Xe135
5.22203E+09 5.21163E+09 5.03956E+09 4.85282E+09 % U235
3.39673E+09 3.39634E+09 3.38975E+09 3.38221E+09 % U238
0.00000E+00 5.93139E+05 1.14936E+10 1.07912E+11 % Pu238
0.00000E+00 3.30083E+10 1.11438E+12 2.14771E+12 % Pu239
0.00000E+00 2.57028E+08 1.44739E+11 5.43509E+11 % Pu240
0.00000E+00 4.62931E+08 5.19496E+12 4.02343E+13 % Pu241
0.00000E+00 9.33272E+00 2.05147E+06 3.36413E+07 % Pu242
0.00000E+00 2.28534E+03 4.93338E+08 7.97090E+09 % Am241
0.00000E+00 7.92933E+00 7.57831E+07 2.77490E+09 % Am244
0.00000E+00 5.18500E-03 4.52486E+04 1.65574E+06 % Am245
0.00000E+00 0.00000E+00 0.00000E+00 0.00000E+00 % lost data
8.61876E+09 3.35303E+18 3.72318E+18 3.78176E+18 % total
];

MAT_uco_H = [
0.00000E+00 4.84294E-09 7.75279E-08 1.44236E-07 % H3
0.00000E+00 2.32267E+03 2.33615E+03 2.33878E+03 % Xe135
3.85922E-03 3.85153E-03 3.72437E-03 3.58636E-03 % U235
2.32667E-03 2.32641E-03 2.32189E-03 2.31673E-03 % U238
0.00000E+00 5.31088E-07 1.02912E-02 9.66227E-02 % Pu238
0.00000E+00 2.77185E-02 9.35794E-01 1.80353E+00 % Pu239
0.00000E+00 2.16240E-04 1.21770E-01 4.57259E-01 % Pu240
0.00000E+00 3.97187E-07 4.45719E-03 3.45203E-02 % Pu241
0.00000E+00 7.44948E-12 1.63750E-06 2.68529E-05 % Pu242
0.00000E+00 2.04899E-09 4.42318E-04 7.14656E-03 % Am241
0.00000E+00 1.40855E-12 1.34619E-05 4.92926E-04 % Am244
0.00000E+00 2.61601E-16 2.28294E-09 8.35373E-08 % Am245
0.00000E+00 0.00000E+00 0.00000E+00 0.00000E+00 % lost data
6.18589E-03 1.20145E+06 1.23666E+06 1.23445E+06 % total
];

MAT_uco_SF = [
0.00000E+00 0.00000E+00 0.00000E+00 0.00000E+00 % H3
0.00000E+00 0.00000E+00 0.00000E+00 0.00000E+00 % Xe135
3.75986E-01 3.75237E-01 3.62848E-01 3.49403E-01 % U235
1.85461E+05 1.85440E+05 1.85080E+05 1.84669E+05 % U238
0.00000E+00 1.10324E-03 2.13781E+01 2.00716E+02 % Pu238
0.00000E+00 1.02326E-01 3.45458E+00 6.65791E+00 % Pu239
0.00000E+00 1.46506E+01 8.25012E+03 3.09800E+04 % Pu240
0.00000E+00 0.00000E+00 0.00000E+00 0.00000E+00 % Pu241
0.00000E+00 5.13300E-05 1.12831E+01 1.85027E+02 % Pu242
0.00000E+00 9.82696E-09 2.12135E-03 3.42749E-02 % Am241
0.00000E+00 0.00000E+00 0.00000E+00 0.00000E+00 % Am244
0.00000E+00 0.00000E+00 0.00000E+00 0.00000E+00 % Am245
0.00000E+00 0.00000E+00 0.00000E+00 0.00000E+00 % lost data
1.85462E+05 1.85456E+05 1.93932E+05 2.34745E+05 % total
];

MAT_uco_ING_TOX = [
0.00000E+00 2.23119E-04 3.57178E-03 6.64507E-03 % H3
0.00000E+00 5.41046E+09 5.44184E+09 5.44798E+09 % Xe135
2.45435E+02 2.44947E+02 2.36859E+02 2.28083E+02 % U235
1.52853E+02 1.52836E+02 1.52539E+02 1.52200E+02 % U238
0.00000E+00 1.36422E-01 2.64353E+03 2.48197E+04 % Pu238
0.00000E+00 8.25208E+03 2.78595E+05 5.36928E+05 % Pu239
0.00000E+00 6.42570E+01 3.61847E+04 1.35877E+05 % Pu240
0.00000E+00 2.22207E+00 2.49358E+04 1.93125E+05 % Pu241
0.00000E+00 2.23985E-06 4.92352E-01 8.07392E+00 % Pu242
0.00000E+00 4.57068E-04 9.86676E+01 1.59418E+03 % Am241
0.00000E+00 3.64749E-09 3.48602E-02 1.27645E+00 % Am244
0.00000E+00 3.21470E-13 2.80541E-06 1.02656E-04 % Am245
0.00000E+00 0.00000E+00 0.00000E+00 0.00000E+00 % lost data
3.98288E+02 4.65768E+10 6.21601E+10 6.22049E+10 % total
];

MAT_uco_INH_TOX = [
0.00000E+00 1.38121E-03 2.21110E-02 4.11361E-02 % H3
0.00000E+00 2.83405E+09 2.85049E+09 2.85370E+09 % Xe135
4.43872E+04 4.42989E+04 4.28363E+04 4.12490E+04 % U235
2.71738E+04 2.71708E+04 2.71180E+04 2.70577E+04 % U238
0.00000E+00 6.52453E+01 1.26430E+06 1.18703E+07 % Pu238
0.00000E+00 3.96100E+06 1.33725E+08 2.57725E+08 % Pu239
0.00000E+00 3.08434E+04 1.73687E+07 6.52210E+07 % Pu240
0.00000E+00 1.06474E+03 1.19484E+07 9.25389E+07 % Pu241
0.00000E+00 1.02660E-03 2.25661E+02 3.70055E+03 % Pu242
0.00000E+00 2.19393E-01 4.73604E+04 7.65206E+05 % Am241
0.00000E+00 2.93385E-08 2.80398E-01 1.02671E+01 % Am244
0.00000E+00 2.90360E-13 2.53392E-06 9.27212E-05 % Am245
0.00000E+00 0.00000E+00 0.00000E+00 0.00000E+00 % lost data
7.15611E+04 4.48510E+10 5.98076E+10 6.16703E+10 % total
];

TOT_VOLUME = [ 3.43362E+04 3.43362E+04 3.43362E+04 3.43362E+04 ];

TOT_BURNUP = [ 0.00000E+00 2.95497E-01 5.25981E+00 1.08152E+01 ];

TOT_ADENS = [
0.00000E+00 8.67808E-14 1.38922E-12 2.58456E-12 % H3
0.00000E+00 3.56194E-08 3.58260E-08 3.58664E-08 % Xe135
4.87458E-03 4.86488E-03 4.70426E-03 4.52994E-03 % U235
2.01233E-02 2.01210E-02 2.00820E-02 2.00373E-02 % U238
0.00000E+00 6.89735E-14 1.33654E-09 1.25486E-08 % Pu238
0.00000E+00 1.05523E-06 3.56251E-05 6.86593E-05 % Pu239
0.00000E+00 2.23602E-09 1.25916E-06 4.72827E-06 % Pu240
0.00000E+00 8.77153E-12 9.84330E-08 7.62351E-07 % Pu241
0.00000E+00 4.64048E-15 1.02004E-09 1.67274E-08 % Pu242
0.00000E+00 1.31088E-15 2.82981E-10 4.57214E-09 % Am241
0.00000E+00 1.21139E-23 1.15776E-16 4.23929E-15 % Am244
0.00000E+00 1.60779E-27 1.40308E-20 5.13417E-19 % Am245
0.00000E+00 6.24643E-08 1.11536E-06 2.29964E-06 % lost data
7.04699E-02 7.04775E-02 7.06050E-02 7.07477E-02 % total
];

