
DET1001 = [
    1    1    1    1    1    1    1    1    1    1  4.27782E+18 0.00495 
    2    2    1    1    1    1    1    1    1    1  1.91708E+18 0.00574 
    3    3    1    1    1    1    1    1    1    1  2.02337E+17 0.01118 
];


DET1001E = [
 1.00000E-09  6.25000E-07  3.13000E-07
 6.25000E-07  1.00000E-01  5.00003E-02
 1.00000E-01  2.00000E+01  1.00500E+01
];

DET1002 = [
    1    1    1    1    1    1    1    1    1    1  8.46373E+16 0.01021 
    2    2    1    1    1    1    1    1    1    1  3.59577E+17 0.00490 
    3    3    1    1    1    1    1    1    1    1  1.76554E+17 0.00661 
];


DET1002E = [
 1.00000E-09  6.25000E-07  3.13000E-07
 6.25000E-07  1.00000E-01  5.00003E-02
 1.00000E-01  2.00000E+01  1.00500E+01
];
