
DET1001 = [
    1    1    1    1    1    1    1    1    1    1  3.82863E+18 0.00469 
    2    2    1    1    1    1    1    1    1    1  1.68509E+18 0.00621 
    3    3    1    1    1    1    1    1    1    1  1.57711E+17 0.01259 
];


DET1001E = [
 1.00000E-09  6.25000E-07  3.13000E-07
 6.25000E-07  1.00000E-01  5.00003E-02
 1.00000E-01  2.00000E+01  1.00500E+01
];

DET1002 = [
    1    1    1    1    1    1    1    1    1    1  9.14562E+16 0.00914 
    2    2    1    1    1    1    1    1    1    1  3.40762E+17 0.00503 
    3    3    1    1    1    1    1    1    1    1  1.67506E+17 0.00655 
];


DET1002E = [
 1.00000E-09  6.25000E-07  3.13000E-07
 6.25000E-07  1.00000E-01  5.00003E-02
 1.00000E-01  2.00000E+01  1.00500E+01
];
