
DET1001 = [
    1    1    1    1    1    1    1    1    1    1  3.82445E+18 0.00500 
    2    2    1    1    1    1    1    1    1    1  1.65448E+18 0.00601 
    3    3    1    1    1    1    1    1    1    1  1.52924E+17 0.01180 
];


DET1001E = [
 1.00000E-09  6.25000E-07  3.13000E-07
 6.25000E-07  1.00000E-01  5.00003E-02
 1.00000E-01  2.00000E+01  1.00500E+01
];

DET1002 = [
    1    1    1    1    1    1    1    1    1    1  9.18537E+16 0.00905 
    2    2    1    1    1    1    1    1    1    1  3.37388E+17 0.00499 
    3    3    1    1    1    1    1    1    1    1  1.64842E+17 0.00631 
];


DET1002E = [
 1.00000E-09  6.25000E-07  3.13000E-07
 6.25000E-07  1.00000E-01  5.00003E-02
 1.00000E-01  2.00000E+01  1.00500E+01
];
