
ZAI = [
10030
541350
922350
922380
942380
942390
942400
942410
942420
952410
952440
952450
666
0
];

NAMES = [
'H3              '
'Xe135           '
'U235            '
'U238            '
'Pu238           '
'Pu239           '
'Pu240           '
'Pu241           '
'Pu242           '
'Am241           '
'Am244           '
'Am245           '
'lost            '
'total           '
];

i10030  = 1; iH3               = 1;
i541350 = 2; iXe135            = 2;
i922350 = 3; iU235             = 3;
i922380 = 4; iU238             = 4;
i942380 = 5; iPu238            = 5;
i942390 = 6; iPu239            = 6;
i942400 = 7; iPu240            = 7;
i942410 = 8; iPu241            = 8;
i942420 = 9; iPu242            = 9;
i952410 = 10; iAm241            = 10;
i952440 = 11; iAm244            = 11;
i952450 = 12; iAm245            = 12;
iLOST    = 13;
iTOT     = 14;

MAT_uco_VOLUME = [ 3.45065E+04 3.45065E+04 3.45065E+04 3.45065E+04 ];

MAT_uco_BURNUP = [ 0.00000E+00 2.94020E-01 5.23363E+00 1.07614E+01 ];

MAT_uco_ADENS = [
0.00000E+00 1.04141E-13 1.67245E-12 3.06339E-12 % H3
0.00000E+00 3.17618E-08 3.21668E-08 3.22485E-08 % Xe135
3.74777E-03 3.73815E-03 3.58027E-03 3.41125E-03 % U235
2.12374E-02 2.12347E-02 2.11895E-02 2.11374E-02 % U238
0.00000E+00 1.12034E-13 1.95692E-09 1.81609E-08 % Pu238
0.00000E+00 1.21759E-06 4.01402E-05 7.57102E-05 % Pu239
0.00000E+00 3.28105E-09 1.80757E-06 6.53851E-06 % Pu240
0.00000E+00 1.54724E-11 1.70177E-07 1.26690E-06 % Pu241
0.00000E+00 1.04040E-14 2.25730E-09 3.56564E-08 % Pu242
0.00000E+00 2.30718E-15 4.88963E-10 7.59656E-09 % Am241
0.00000E+00 3.85831E-23 3.67015E-16 1.32298E-14 % Am244
0.00000E+00 6.42102E-27 5.55593E-20 2.00464E-18 % Am245
0.00000E+00 6.21461E-08 1.11173E-06 2.29459E-06 % lost data
7.04339E-02 7.04415E-02 7.05685E-02 7.07105E-02 % total
];

MAT_uco_MDENS = [
0.00000E+00 5.21481E-13 8.37470E-12 1.53397E-11 % H3
0.00000E+00 7.11534E-06 7.20606E-06 7.22438E-06 % Xe135
1.46278E+00 1.45902E+00 1.39740E+00 1.33143E+00 % U235
8.39511E+00 8.39407E+00 8.37617E+00 8.35561E+00 % U238
0.00000E+00 4.42867E-11 7.73562E-07 7.17893E-06 % Pu238
0.00000E+00 4.83337E-04 1.59341E-02 3.00540E-02 % Pu239
0.00000E+00 1.30791E-06 7.20544E-04 2.60642E-03 % Pu240
0.00000E+00 6.19324E-09 6.81182E-05 5.07110E-04 % Pu241
0.00000E+00 4.18194E-12 9.07332E-07 1.43322E-05 % Pu242
0.00000E+00 9.23543E-13 1.95727E-07 3.04083E-06 % Am241
0.00000E+00 1.56372E-20 1.48746E-13 5.36183E-12 % Am244
0.00000E+00 2.61303E-24 2.26098E-17 8.15784E-16 % Am245
0.00000E+00 0.00000E+00 0.00000E+00 0.00000E+00 % lost data
1.10000E+01 1.10000E+01 1.09993E+01 1.09985E+01 % total
];

MAT_uco_A = [
0.00000E+00 6.40670E+06 1.02888E+08 1.88458E+08 % H3
0.00000E+00 2.30878E+16 2.33822E+16 2.34416E+16 % Xe135
4.03481E+09 4.02446E+09 3.85449E+09 3.67252E+09 % U235
3.60256E+09 3.60211E+09 3.59443E+09 3.58561E+09 % U238
0.00000E+00 9.68218E+05 1.69120E+10 1.56949E+11 % Pu238
0.00000E+00 3.82760E+10 1.26184E+12 2.38001E+12 % Pu239
0.00000E+00 3.79023E+08 2.08808E+11 7.55322E+11 % Pu240
0.00000E+00 8.20629E+08 9.02593E+12 6.71941E+13 % Pu241
0.00000E+00 2.10279E+01 4.56231E+06 7.20663E+07 % Pu242
0.00000E+00 4.04220E+03 8.56668E+08 1.33092E+10 % Am241
0.00000E+00 2.53804E+01 2.41427E+08 8.70271E+09 % Am244
0.00000E+00 2.08101E-02 1.80064E+05 6.49688E+06 % Am245
0.00000E+00 0.00000E+00 0.00000E+00 0.00000E+00 % lost data
7.63737E+09 3.40161E+18 3.78488E+18 3.83944E+18 % total
];

MAT_uco_H = [
0.00000E+00 5.84059E-09 9.37967E-08 1.71805E-07 % H3
0.00000E+00 2.08140E+03 2.10794E+03 2.11330E+03 % Xe135
2.98183E-03 2.97418E-03 2.84857E-03 2.71409E-03 % U235
2.46766E-03 2.46735E-03 2.46209E-03 2.45605E-03 % U238
0.00000E+00 8.66929E-07 1.51428E-02 1.40530E-01 % Pu238
0.00000E+00 3.21421E-02 1.05962E+00 1.99860E+00 % Pu239
0.00000E+00 3.18876E-04 1.75673E-01 6.35460E-01 % Pu240
0.00000E+00 7.04086E-07 7.74410E-03 5.76514E-02 % Pu241
0.00000E+00 1.67847E-11 3.64168E-06 5.75241E-05 % Pu242
0.00000E+00 3.62416E-09 7.68073E-04 1.19328E-02 % Am241
0.00000E+00 4.50852E-12 4.28865E-05 1.54593E-03 % Am244
0.00000E+00 1.04994E-15 9.08482E-09 3.27789E-07 % Am245
0.00000E+00 0.00000E+00 0.00000E+00 0.00000E+00 % lost data
5.44949E-03 1.20506E+06 1.24089E+06 1.23469E+06 % total
];

MAT_uco_SF = [
0.00000E+00 0.00000E+00 0.00000E+00 0.00000E+00 % H3
0.00000E+00 0.00000E+00 0.00000E+00 0.00000E+00 % Xe135
2.90506E-01 2.89761E-01 2.77523E-01 2.64421E-01 % U235
1.96700E+05 1.96675E+05 1.96256E+05 1.95774E+05 % U238
0.00000E+00 1.80088E-03 3.14563E+01 2.91926E+02 % Pu238
0.00000E+00 1.18656E-01 3.91171E+00 7.37805E+00 % Pu239
0.00000E+00 2.16043E+01 1.19021E+04 4.30533E+04 % Pu240
0.00000E+00 0.00000E+00 0.00000E+00 0.00000E+00 % Pu241
0.00000E+00 1.15653E-04 2.50927E+01 3.96365E+02 % Pu242
0.00000E+00 1.73815E-08 3.68367E-03 5.72297E-02 % Am241
0.00000E+00 0.00000E+00 0.00000E+00 0.00000E+00 % Am244
0.00000E+00 0.00000E+00 0.00000E+00 0.00000E+00 % Am245
0.00000E+00 0.00000E+00 0.00000E+00 0.00000E+00 % lost data
1.96700E+05 1.96697E+05 2.09457E+05 2.79249E+05 % total
];

MAT_uco_ING_TOX = [
0.00000E+00 2.69081E-04 4.32130E-03 7.91522E-03 % H3
0.00000E+00 4.84844E+09 4.91026E+09 4.92274E+09 % Xe135
1.89636E+02 1.89150E+02 1.81161E+02 1.72608E+02 % U235
1.62115E+02 1.62095E+02 1.61749E+02 1.61352E+02 % U238
0.00000E+00 2.22690E-01 3.88976E+03 3.60983E+04 % Pu238
0.00000E+00 9.56900E+03 3.15460E+05 5.95004E+05 % Pu239
0.00000E+00 9.47558E+01 5.22021E+04 1.88830E+05 % Pu240
0.00000E+00 3.93902E+00 4.33245E+04 3.22532E+05 % Pu241
0.00000E+00 5.04669E-06 1.09495E+00 1.72959E+01 % Pu242
0.00000E+00 8.08440E-04 1.71334E+02 2.66185E+03 % Am241
0.00000E+00 1.16750E-08 1.11057E-01 4.00325E+00 % Am244
0.00000E+00 1.29022E-12 1.11640E-05 4.02807E-04 % Am245
0.00000E+00 0.00000E+00 0.00000E+00 0.00000E+00 % lost data
3.51751E+02 4.60415E+10 6.18129E+10 6.17985E+10 % total
];

MAT_uco_INH_TOX = [
0.00000E+00 1.66574E-03 2.67509E-02 4.89990E-02 % H3
0.00000E+00 2.53966E+09 2.57204E+09 2.57858E+09 % Xe135
3.42959E+04 3.42079E+04 3.27631E+04 3.12164E+04 % U235
2.88205E+04 2.88169E+04 2.87554E+04 2.86849E+04 % U238
0.00000E+00 1.06504E+02 1.86032E+06 1.72644E+07 % Pu238
0.00000E+00 4.59312E+06 1.51421E+08 2.85602E+08 % Pu239
0.00000E+00 4.54828E+04 2.50570E+07 9.06386E+07 % Pu240
0.00000E+00 1.88745E+03 2.07596E+07 1.54546E+08 % Pu241
0.00000E+00 2.31307E-03 5.01854E+02 7.92730E+03 % Pu242
0.00000E+00 3.88051E-01 8.22401E+04 1.27769E+06 % Am241
0.00000E+00 9.39076E-08 8.93281E-01 3.22000E+01 % Am244
0.00000E+00 1.16536E-12 1.00836E-05 3.63826E-04 % Am245
0.00000E+00 0.00000E+00 0.00000E+00 0.00000E+00 % lost data
6.31163E+04 4.46005E+10 5.98187E+10 6.17439E+10 % total
];

TOT_VOLUME = [ 3.45065E+04 3.45065E+04 3.45065E+04 3.45065E+04 ];

TOT_BURNUP = [ 0.00000E+00 2.94020E-01 5.23363E+00 1.07614E+01 ];

TOT_ADENS = [
0.00000E+00 1.04141E-13 1.67245E-12 3.06339E-12 % H3
0.00000E+00 3.17618E-08 3.21668E-08 3.22485E-08 % Xe135
3.74777E-03 3.73815E-03 3.58027E-03 3.41125E-03 % U235
2.12374E-02 2.12347E-02 2.11895E-02 2.11374E-02 % U238
0.00000E+00 1.12034E-13 1.95692E-09 1.81609E-08 % Pu238
0.00000E+00 1.21759E-06 4.01402E-05 7.57102E-05 % Pu239
0.00000E+00 3.28105E-09 1.80757E-06 6.53851E-06 % Pu240
0.00000E+00 1.54724E-11 1.70177E-07 1.26690E-06 % Pu241
0.00000E+00 1.04040E-14 2.25730E-09 3.56564E-08 % Pu242
0.00000E+00 2.30718E-15 4.88963E-10 7.59656E-09 % Am241
0.00000E+00 3.85831E-23 3.67015E-16 1.32298E-14 % Am244
0.00000E+00 6.42102E-27 5.55593E-20 2.00464E-18 % Am245
0.00000E+00 6.21461E-08 1.11173E-06 2.29459E-06 % lost data
7.04339E-02 7.04415E-02 7.05685E-02 7.07105E-02 % total
];

