
DET1001 = [
    1    1    1    1    1    1    1    1    1    1  3.98227E+18 0.00475 
    2    2    1    1    1    1    1    1    1    1  1.76021E+18 0.00612 
    3    3    1    1    1    1    1    1    1    1  1.61061E+17 0.01232 
];


DET1001E = [
 1.00000E-09  6.25000E-07  3.13000E-07
 6.25000E-07  1.00000E-01  5.00003E-02
 1.00000E-01  2.00000E+01  1.00500E+01
];

DET1002 = [
    1    1    1    1    1    1    1    1    1    1  8.88221E+16 0.00972 
    2    2    1    1    1    1    1    1    1    1  3.59758E+17 0.00522 
    3    3    1    1    1    1    1    1    1    1  1.79603E+17 0.00638 
];


DET1002E = [
 1.00000E-09  6.25000E-07  3.13000E-07
 6.25000E-07  1.00000E-01  5.00003E-02
 1.00000E-01  2.00000E+01  1.00500E+01
];
