
DET1001 = [
    1    1    1    1    1    1    1    1    1    1  3.92818E+18 0.00499 
    2    2    1    1    1    1    1    1    1    1  1.72139E+18 0.00595 
    3    3    1    1    1    1    1    1    1    1  1.59283E+17 0.01174 
];


DET1001E = [
 1.00000E-09  6.25000E-07  3.13000E-07
 6.25000E-07  1.00000E-01  5.00003E-02
 1.00000E-01  2.00000E+01  1.00500E+01
];

DET1002 = [
    1    1    1    1    1    1    1    1    1    1  9.02298E+16 0.00950 
    2    2    1    1    1    1    1    1    1    1  3.54136E+17 0.00523 
    3    3    1    1    1    1    1    1    1    1  1.75701E+17 0.00642 
];


DET1002E = [
 1.00000E-09  6.25000E-07  3.13000E-07
 6.25000E-07  1.00000E-01  5.00003E-02
 1.00000E-01  2.00000E+01  1.00500E+01
];
