
DET1001 = [
    1    1    1    1    1    1    1    1    1    1  4.34010E+18 0.00494 
    2    2    1    1    1    1    1    1    1    1  1.89208E+18 0.00574 
    3    3    1    1    1    1    1    1    1    1  1.96701E+17 0.01213 
];


DET1001E = [
 1.00000E-09  6.25000E-07  3.13000E-07
 6.25000E-07  1.00000E-01  5.00003E-02
 1.00000E-01  2.00000E+01  1.00500E+01
];

DET1002 = [
    1    1    1    1    1    1    1    1    1    1  8.80655E+16 0.00924 
    2    2    1    1    1    1    1    1    1    1  3.60199E+17 0.00536 
    3    3    1    1    1    1    1    1    1    1  1.83759E+17 0.00673 
];


DET1002E = [
 1.00000E-09  6.25000E-07  3.13000E-07
 6.25000E-07  1.00000E-01  5.00003E-02
 1.00000E-01  2.00000E+01  1.00500E+01
];
