
ZAI = [
10030
541350
922350
922380
942380
942390
942400
942410
942420
952410
952440
952450
666
0
];

NAMES = [
'H3              '
'Xe135           '
'U235            '
'U238            '
'Pu238           '
'Pu239           '
'Pu240           '
'Pu241           '
'Pu242           '
'Am241           '
'Am244           '
'Am245           '
'lost            '
'total           '
];

i10030  = 1; iH3               = 1;
i541350 = 2; iXe135            = 2;
i922350 = 3; iU235             = 3;
i922380 = 4; iU238             = 4;
i942380 = 5; iPu238            = 5;
i942390 = 6; iPu239            = 6;
i942400 = 7; iPu240            = 7;
i942410 = 8; iPu241            = 8;
i942420 = 9; iPu242            = 9;
i952410 = 10; iAm241            = 10;
i952440 = 11; iAm244            = 11;
i952450 = 12; iAm245            = 12;
iLOST    = 13;
iTOT     = 14;

MAT_uco_VOLUME = [ 3.45065E+04 3.45065E+04 3.45065E+04 3.45065E+04 ];

MAT_uco_BURNUP = [ 0.00000E+00 2.94027E-01 5.23363E+00 1.07613E+01 ];

MAT_uco_ADENS = [
0.00000E+00 1.06231E-13 1.69223E-12 3.07771E-12 % H3
0.00000E+00 3.17210E-08 3.21167E-08 3.22322E-08 % Xe135
3.74777E-03 3.73816E-03 3.58032E-03 3.41131E-03 % U235
2.12374E-02 2.12347E-02 2.11897E-02 2.11379E-02 % U238
0.00000E+00 1.10044E-13 1.98589E-09 1.84264E-08 % Pu238
0.00000E+00 1.21158E-06 3.98844E-05 7.52424E-05 % Pu239
0.00000E+00 3.28368E-09 1.80546E-06 6.51960E-06 % Pu240
0.00000E+00 1.55650E-11 1.71451E-07 1.27686E-06 % Pu241
0.00000E+00 1.06328E-14 2.30796E-09 3.64411E-08 % Pu242
0.00000E+00 2.31994E-15 4.92586E-10 7.65197E-09 % Am241
0.00000E+00 4.01213E-23 3.80250E-16 1.36640E-14 % Am244
0.00000E+00 6.87525E-27 5.86622E-20 2.10415E-18 % Am245
0.00000E+00 6.21494E-08 1.11175E-06 2.29463E-06 % lost data
7.04339E-02 7.04415E-02 7.05685E-02 7.07105E-02 % total
];

MAT_uco_MDENS = [
0.00000E+00 5.31943E-13 8.47375E-12 1.54114E-11 % H3
0.00000E+00 7.10620E-06 7.19485E-06 7.22072E-06 % Xe135
1.46278E+00 1.45903E+00 1.39742E+00 1.33146E+00 % U235
8.39511E+00 8.39407E+00 8.37627E+00 8.35579E+00 % U238
0.00000E+00 4.35002E-11 7.85015E-07 7.28390E-06 % Pu238
0.00000E+00 4.80950E-04 1.58326E-02 2.98684E-02 % Pu239
0.00000E+00 1.30896E-06 7.19701E-04 2.59888E-03 % Pu240
0.00000E+00 6.23030E-09 6.86278E-05 5.11098E-04 % Pu241
0.00000E+00 4.27392E-12 9.27695E-07 1.46477E-05 % Pu242
0.00000E+00 9.28650E-13 1.97177E-07 3.06301E-06 % Am241
0.00000E+00 1.62606E-20 1.54110E-13 5.53781E-12 % Am244
0.00000E+00 2.79788E-24 2.38725E-17 8.56282E-16 % Am245
0.00000E+00 0.00000E+00 0.00000E+00 0.00000E+00 % lost data
1.10000E+01 1.10000E+01 1.09993E+01 1.09985E+01 % total
];

MAT_uco_A = [
0.00000E+00 6.53523E+06 1.04105E+08 1.89339E+08 % H3
0.00000E+00 2.30582E+16 2.33458E+16 2.34297E+16 % Xe135
4.03481E+09 4.02446E+09 3.85454E+09 3.67258E+09 % U235
3.60256E+09 3.60211E+09 3.59447E+09 3.58568E+09 % U238
0.00000E+00 9.51022E+05 1.71624E+10 1.59244E+11 % Pu238
0.00000E+00 3.80870E+10 1.25380E+12 2.36531E+12 % Pu239
0.00000E+00 3.79327E+08 2.08564E+11 7.53137E+11 % Pu240
0.00000E+00 8.25540E+08 9.09346E+12 6.77225E+13 % Pu241
0.00000E+00 2.14904E+01 4.66470E+06 7.36523E+07 % Pu242
0.00000E+00 4.06455E+03 8.63014E+08 1.34063E+10 % Am241
0.00000E+00 2.63923E+01 2.50133E+08 8.98833E+09 % Am244
0.00000E+00 2.22822E-02 1.90120E+05 6.81941E+06 % Am245
0.00000E+00 0.00000E+00 0.00000E+00 0.00000E+00 % lost data
7.63737E+09 3.39995E+18 3.78201E+18 3.83721E+18 % total
];

MAT_uco_H = [
0.00000E+00 5.95777E-09 9.49061E-08 1.72608E-07 % H3
0.00000E+00 2.07873E+03 2.10466E+03 2.11223E+03 % Xe135
2.98183E-03 2.97419E-03 2.84860E-03 2.71414E-03 % U235
2.46766E-03 2.46735E-03 2.46212E-03 2.45610E-03 % U238
0.00000E+00 8.51532E-07 1.53670E-02 1.42585E-01 % Pu238
0.00000E+00 3.19833E-02 1.05287E+00 1.98626E+00 % Pu239
0.00000E+00 3.19132E-04 1.75467E-01 6.33622E-01 % Pu240
0.00000E+00 7.08299E-07 7.80204E-03 5.81048E-02 % Pu241
0.00000E+00 1.71539E-11 3.72341E-06 5.87901E-05 % Pu242
0.00000E+00 3.64421E-09 7.73763E-04 1.20199E-02 % Am241
0.00000E+00 4.68827E-12 4.44330E-05 1.59666E-03 % Am244
0.00000E+00 1.12421E-15 9.59218E-09 3.44062E-07 % Am245
0.00000E+00 0.00000E+00 0.00000E+00 0.00000E+00 % lost data
5.44949E-03 1.20501E+06 1.24058E+06 1.23445E+06 % total
];

MAT_uco_SF = [
0.00000E+00 0.00000E+00 0.00000E+00 0.00000E+00 % H3
0.00000E+00 0.00000E+00 0.00000E+00 0.00000E+00 % Xe135
2.90506E-01 2.89761E-01 2.77527E-01 2.64426E-01 % U235
1.96700E+05 1.96675E+05 1.96258E+05 1.95778E+05 % U238
0.00000E+00 1.76890E-03 3.19220E+01 2.96194E+02 % Pu238
0.00000E+00 1.18070E-01 3.88678E+00 7.33246E+00 % Pu239
0.00000E+00 2.16216E+01 1.18882E+04 4.29288E+04 % Pu240
0.00000E+00 0.00000E+00 0.00000E+00 0.00000E+00 % Pu241
0.00000E+00 1.18197E-04 2.56558E+01 4.05088E+02 % Pu242
0.00000E+00 1.74776E-08 3.71096E-03 5.76472E-02 % Am241
0.00000E+00 0.00000E+00 0.00000E+00 0.00000E+00 % Am244
0.00000E+00 0.00000E+00 0.00000E+00 0.00000E+00 % Am245
0.00000E+00 0.00000E+00 0.00000E+00 0.00000E+00 % lost data
1.96700E+05 1.96697E+05 2.09472E+05 2.80000E+05 % total
];

MAT_uco_ING_TOX = [
0.00000E+00 2.74480E-04 4.37241E-03 7.95222E-03 % H3
0.00000E+00 4.84221E+09 4.90262E+09 4.92025E+09 % Xe135
1.89636E+02 1.89150E+02 1.81163E+02 1.72611E+02 % U235
1.62115E+02 1.62095E+02 1.61751E+02 1.61356E+02 % U238
0.00000E+00 2.18735E-01 3.94735E+03 3.66261E+04 % Pu238
0.00000E+00 9.52174E+03 3.13450E+05 5.91328E+05 % Pu239
0.00000E+00 9.48318E+01 5.21411E+04 1.88284E+05 % Pu240
0.00000E+00 3.96259E+00 4.36486E+04 3.25068E+05 % Pu241
0.00000E+00 5.15769E-06 1.11953E+00 1.76766E+01 % Pu242
0.00000E+00 8.12911E-04 1.72603E+02 2.68126E+03 % Am241
0.00000E+00 1.21405E-08 1.15061E-01 4.13463E+00 % Am244
0.00000E+00 1.38150E-12 1.17874E-05 4.22803E-04 % Am245
0.00000E+00 0.00000E+00 0.00000E+00 0.00000E+00 % lost data
3.51751E+02 4.60374E+10 6.17974E+10 6.17890E+10 % total
];

MAT_uco_INH_TOX = [
0.00000E+00 1.69916E-03 2.70673E-02 4.92280E-02 % H3
0.00000E+00 2.53640E+09 2.56804E+09 2.57727E+09 % Xe135
3.42959E+04 3.42080E+04 3.27636E+04 3.12170E+04 % U235
2.88205E+04 2.88169E+04 2.87558E+04 2.86855E+04 % U238
0.00000E+00 1.04612E+02 1.88786E+06 1.75169E+07 % Pu238
0.00000E+00 4.57044E+06 1.50456E+08 2.83837E+08 % Pu239
0.00000E+00 4.55193E+04 2.50277E+07 9.03764E+07 % Pu240
0.00000E+00 1.89874E+03 2.09150E+07 1.55762E+08 % Pu241
0.00000E+00 2.36394E-03 5.13117E+02 8.10176E+03 % Pu242
0.00000E+00 3.90197E-01 8.28494E+04 1.28701E+06 % Am241
0.00000E+00 9.76516E-08 9.25492E-01 3.32568E+01 % Am244
0.00000E+00 1.24780E-12 1.06467E-05 3.81887E-04 % Am245
0.00000E+00 0.00000E+00 0.00000E+00 0.00000E+00 % lost data
6.31163E+04 4.46006E+10 5.98070E+10 6.17360E+10 % total
];

TOT_VOLUME = [ 3.45065E+04 3.45065E+04 3.45065E+04 3.45065E+04 ];

TOT_BURNUP = [ 0.00000E+00 2.94027E-01 5.23363E+00 1.07613E+01 ];

TOT_ADENS = [
0.00000E+00 1.06231E-13 1.69223E-12 3.07771E-12 % H3
0.00000E+00 3.17210E-08 3.21167E-08 3.22322E-08 % Xe135
3.74777E-03 3.73816E-03 3.58032E-03 3.41131E-03 % U235
2.12374E-02 2.12347E-02 2.11897E-02 2.11379E-02 % U238
0.00000E+00 1.10044E-13 1.98589E-09 1.84264E-08 % Pu238
0.00000E+00 1.21158E-06 3.98844E-05 7.52424E-05 % Pu239
0.00000E+00 3.28368E-09 1.80546E-06 6.51960E-06 % Pu240
0.00000E+00 1.55650E-11 1.71451E-07 1.27686E-06 % Pu241
0.00000E+00 1.06328E-14 2.30796E-09 3.64411E-08 % Pu242
0.00000E+00 2.31994E-15 4.92586E-10 7.65197E-09 % Am241
0.00000E+00 4.01213E-23 3.80250E-16 1.36640E-14 % Am244
0.00000E+00 6.87525E-27 5.86622E-20 2.10415E-18 % Am245
0.00000E+00 6.21494E-08 1.11175E-06 2.29463E-06 % lost data
7.04339E-02 7.04415E-02 7.05685E-02 7.07105E-02 % total
];

