
DET1001 = [
    1    1    1    1    1    1    1    1    1    1  4.20632E+18 0.00461 
    2    2    1    1    1    1    1    1    1    1  1.83327E+18 0.00577 
    3    3    1    1    1    1    1    1    1    1  1.91874E+17 0.01138 
];


DET1001E = [
 1.00000E-09  6.25000E-07  3.13000E-07
 6.25000E-07  1.00000E-01  5.00003E-02
 1.00000E-01  2.00000E+01  1.00500E+01
];

DET1002 = [
    1    1    1    1    1    1    1    1    1    1  9.25254E+16 0.00891 
    2    2    1    1    1    1    1    1    1    1  3.41397E+17 0.00526 
    3    3    1    1    1    1    1    1    1    1  1.72574E+17 0.00641 
];


DET1002E = [
 1.00000E-09  6.25000E-07  3.13000E-07
 6.25000E-07  1.00000E-01  5.00003E-02
 1.00000E-01  2.00000E+01  1.00500E+01
];
