
DET1001 = [
    1    1    1    1    1    1    1    1    1    1  4.31127E+18 0.00489 
    2    2    1    1    1    1    1    1    1    1  1.87772E+18 0.00600 
    3    3    1    1    1    1    1    1    1    1  1.95123E+17 0.01155 
];


DET1001E = [
 1.00000E-09  6.25000E-07  3.13000E-07
 6.25000E-07  1.00000E-01  5.00003E-02
 1.00000E-01  2.00000E+01  1.00500E+01
];

DET1002 = [
    1    1    1    1    1    1    1    1    1    1  9.05292E+16 0.01014 
    2    2    1    1    1    1    1    1    1    1  3.52257E+17 0.00528 
    3    3    1    1    1    1    1    1    1    1  1.78432E+17 0.00645 
];


DET1002E = [
 1.00000E-09  6.25000E-07  3.13000E-07
 6.25000E-07  1.00000E-01  5.00003E-02
 1.00000E-01  2.00000E+01  1.00500E+01
];
