
DET1001 = [
    1    1    1    1    1    1    1    1    1    1  3.96891E+18 0.00501 
    2    2    1    1    1    1    1    1    1    1  1.85322E+18 0.00566 
    3    3    1    1    1    1    1    1    1    1  1.94311E+17 0.01096 
];


DET1001E = [
 1.00000E-09  6.25000E-07  3.13000E-07
 6.25000E-07  1.00000E-01  5.00003E-02
 1.00000E-01  2.00000E+01  1.00500E+01
];

DET1002 = [
    1    1    1    1    1    1    1    1    1    1  6.55005E+16 0.01065 
    2    2    1    1    1    1    1    1    1    1  3.28295E+17 0.00517 
    3    3    1    1    1    1    1    1    1    1  1.65899E+17 0.00605 
];


DET1002E = [
 1.00000E-09  6.25000E-07  3.13000E-07
 6.25000E-07  1.00000E-01  5.00003E-02
 1.00000E-01  2.00000E+01  1.00500E+01
];
