
ZAI = [
10030
541350
922350
922380
942380
942390
942400
942410
942420
952410
952440
952450
666
0
];

NAMES = [
'H3              '
'Xe135           '
'U235            '
'U238            '
'Pu238           '
'Pu239           '
'Pu240           '
'Pu241           '
'Pu242           '
'Am241           '
'Am244           '
'Am245           '
'lost            '
'total           '
];

i10030  = 1; iH3               = 1;
i541350 = 2; iXe135            = 2;
i922350 = 3; iU235             = 3;
i922380 = 4; iU238             = 4;
i942380 = 5; iPu238            = 5;
i942390 = 6; iPu239            = 6;
i942400 = 7; iPu240            = 7;
i942410 = 8; iPu241            = 8;
i942420 = 9; iPu242            = 9;
i952410 = 10; iAm241            = 10;
i952440 = 11; iAm244            = 11;
i952450 = 12; iAm245            = 12;
iLOST    = 13;
iTOT     = 14;

MAT_uco_VOLUME = [ 4.22705E+04 4.22705E+04 4.22705E+04 4.22705E+04 ];

MAT_uco_BURNUP = [ 0.00000E+00 2.40032E-01 4.27256E+00 8.78517E+00 ];

MAT_uco_ADENS = [
0.00000E+00 8.16203E-14 1.36280E-12 2.59338E-12 % H3
0.00000E+00 3.16742E-08 3.18637E-08 3.19505E-08 % Xe135
4.87458E-03 4.86664E-03 4.73488E-03 4.59124E-03 % U235
2.01233E-02 2.01214E-02 2.00879E-02 2.00499E-02 % U238
0.00000E+00 5.88397E-14 9.41220E-10 8.75138E-09 % Pu238
0.00000E+00 9.04049E-07 3.10135E-05 6.07033E-05 % Pu239
0.00000E+00 1.58153E-09 8.78516E-07 3.36107E-06 % Pu240
0.00000E+00 5.59620E-12 6.16352E-08 4.90047E-07 % Pu241
0.00000E+00 2.38534E-15 5.09705E-10 8.55762E-09 % Pu242
0.00000E+00 8.41734E-16 1.77440E-10 2.94172E-09 % Am241
0.00000E+00 5.18126E-24 4.84737E-17 1.77111E-15 % Am244
0.00000E+00 5.64937E-28 4.81011E-21 1.75762E-19 % Am245
0.00000E+00 5.07518E-08 9.05756E-07 1.86681E-06 % lost data
7.04699E-02 7.04760E-02 7.05797E-02 7.06955E-02 % total
];

MAT_uco_MDENS = [
0.00000E+00 4.08709E-13 6.82412E-12 1.29862E-11 % H3
0.00000E+00 7.09571E-06 7.13817E-06 7.15761E-06 % Xe135
1.90258E+00 1.89948E+00 1.84805E+00 1.79199E+00 % U235
7.95473E+00 7.95395E+00 7.94073E+00 7.92570E+00 % U238
0.00000E+00 2.32592E-11 3.72061E-07 3.45939E-06 % Pu238
0.00000E+00 3.58873E-04 1.23112E-02 2.40969E-02 % Pu239
0.00000E+00 6.30439E-07 3.50199E-04 1.33981E-03 % Pu240
0.00000E+00 2.24003E-09 2.46712E-05 1.96155E-04 % Pu241
0.00000E+00 9.58795E-13 2.04878E-07 3.43977E-06 % Pu242
0.00000E+00 3.36938E-13 7.10275E-08 1.17754E-06 % Am241
0.00000E+00 2.09989E-21 1.96457E-14 7.17807E-13 % Am244
0.00000E+00 2.29901E-25 1.95747E-18 7.15261E-17 % Am245
0.00000E+00 0.00000E+00 0.00000E+00 0.00000E+00 % lost data
1.10000E+01 1.10000E+01 1.09994E+01 1.09987E+01 % total
];

MAT_uco_A = [
0.00000E+00 6.15102E+06 1.02702E+08 1.95441E+08 % H3
0.00000E+00 2.82046E+16 2.83734E+16 2.84506E+16 % Xe135
6.42873E+09 6.41825E+09 6.24448E+09 6.05505E+09 % U235
4.18164E+09 4.18123E+09 4.17428E+09 4.16638E+09 % U238
0.00000E+00 6.22917E+05 9.96439E+09 9.26480E+10 % Pu238
0.00000E+00 3.48140E+10 1.19430E+12 2.33762E+12 % Pu239
0.00000E+00 2.23804E+08 1.24320E+11 4.75628E+11 % Pu240
0.00000E+00 3.63597E+08 4.00457E+12 3.18394E+13 % Pu241
0.00000E+00 5.90583E+00 1.26197E+06 2.11877E+07 % Pu242
0.00000E+00 1.80654E+03 3.80824E+08 6.31357E+09 % Am241
0.00000E+00 4.17517E+00 3.90612E+07 1.42720E+09 % Am244
0.00000E+00 2.24288E-03 1.90968E+04 6.97801E+05 % Am245
0.00000E+00 0.00000E+00 0.00000E+00 0.00000E+00 % lost data
1.06104E+10 3.37327E+18 3.74899E+18 3.80900E+18 % total
];

MAT_uco_H = [
0.00000E+00 5.60750E-09 9.36272E-08 1.78171E-07 % H3
0.00000E+00 2.54269E+03 2.55791E+03 2.56487E+03 % Xe135
4.75100E-03 4.74326E-03 4.61483E-03 4.47484E-03 % U235
2.86432E-03 2.86404E-03 2.85928E-03 2.85386E-03 % U238
0.00000E+00 5.57752E-07 8.92199E-03 8.29558E-02 % Pu238
0.00000E+00 2.92349E-02 1.00291E+00 1.96301E+00 % Pu239
0.00000E+00 1.88289E-04 1.04591E-01 4.00151E-01 % Pu240
0.00000E+00 3.11960E-07 3.43585E-03 2.73177E-02 % Pu241
0.00000E+00 4.71410E-12 1.00732E-06 1.69123E-05 % Pu242
0.00000E+00 1.61971E-09 3.41440E-04 5.66063E-03 % Am241
0.00000E+00 7.41667E-13 6.93873E-06 2.53525E-04 % Am244
0.00000E+00 1.13161E-16 9.63499E-10 3.52064E-08 % Am245
0.00000E+00 0.00000E+00 0.00000E+00 0.00000E+00 % lost data
7.61531E-03 1.20329E+06 1.24058E+06 1.23990E+06 % total
];

MAT_uco_SF = [
0.00000E+00 0.00000E+00 0.00000E+00 0.00000E+00 % H3
0.00000E+00 0.00000E+00 0.00000E+00 0.00000E+00 % Xe135
4.62868E-01 4.62114E-01 4.49602E-01 4.35964E-01 % U235
2.28317E+05 2.28295E+05 2.27916E+05 2.27484E+05 % U238
0.00000E+00 1.15863E-03 1.85338E+01 1.72325E+02 % Pu238
0.00000E+00 1.07923E-01 3.70233E+00 7.24663E+00 % Pu239
0.00000E+00 1.27568E+01 7.08622E+03 2.71108E+04 % Pu240
0.00000E+00 0.00000E+00 0.00000E+00 0.00000E+00 % Pu241
0.00000E+00 3.24821E-05 6.94086E+00 1.16533E+02 % Pu242
0.00000E+00 7.76813E-09 1.63754E-03 2.71483E-02 % Am241
0.00000E+00 0.00000E+00 0.00000E+00 0.00000E+00 % Am244
0.00000E+00 0.00000E+00 0.00000E+00 0.00000E+00 % Am245
0.00000E+00 0.00000E+00 0.00000E+00 0.00000E+00 % lost data
2.28318E+05 2.28309E+05 2.35390E+05 2.67043E+05 % total
];

MAT_uco_ING_TOX = [
0.00000E+00 2.58343E-04 4.31349E-03 8.20851E-03 % H3
0.00000E+00 5.92296E+09 5.95841E+09 5.97463E+09 % Xe135
3.02150E+02 3.01658E+02 2.93491E+02 2.84587E+02 % U235
1.88174E+02 1.88155E+02 1.87843E+02 1.87487E+02 % U238
0.00000E+00 1.43271E-01 2.29181E+03 2.13090E+04 % Pu238
0.00000E+00 8.70350E+03 2.98575E+05 5.84406E+05 % Pu239
0.00000E+00 5.59510E+01 3.10799E+04 1.18907E+05 % Pu240
0.00000E+00 1.74526E+00 1.92219E+04 1.52829E+05 % Pu241
0.00000E+00 1.41740E-06 3.02874E-01 5.08506E+00 % Pu242
0.00000E+00 3.61308E-04 7.61648E+01 1.26271E+03 % Am241
0.00000E+00 1.92058E-09 1.79681E-02 6.56513E-01 % Am244
0.00000E+00 1.39059E-13 1.18400E-06 4.32636E-05 % Am245
0.00000E+00 0.00000E+00 0.00000E+00 0.00000E+00 % lost data
4.90324E+02 4.71130E+10 6.27414E+10 6.28312E+10 % total
];

MAT_uco_INH_TOX = [
0.00000E+00 1.59926E-03 2.67025E-02 5.08146E-02 % H3
0.00000E+00 3.10250E+09 3.12107E+09 3.12957E+09 % Xe135
5.46442E+04 5.45551E+04 5.30781E+04 5.14679E+04 % U235
3.34531E+04 3.34499E+04 3.33942E+04 3.33310E+04 % U238
0.00000E+00 6.85209E+01 1.09608E+06 1.01913E+07 % Pu238
0.00000E+00 4.17768E+06 1.43316E+08 2.80515E+08 % Pu239
0.00000E+00 2.68565E+04 1.49184E+07 5.70754E+07 % Pu240
0.00000E+00 8.36273E+02 9.21051E+06 7.32306E+07 % Pu241
0.00000E+00 6.49641E-04 1.38817E+02 2.33065E+03 % Pu242
0.00000E+00 1.73428E-01 3.65591E+04 6.06102E+05 % Am241
0.00000E+00 1.54481E-08 1.44526E-01 5.28065E+00 % Am244
0.00000E+00 1.25602E-13 1.06942E-06 3.90768E-05 % Am245
0.00000E+00 0.00000E+00 0.00000E+00 0.00000E+00 % lost data
8.80973E+04 4.51565E+10 6.01410E+10 6.20204E+10 % total
];

TOT_VOLUME = [ 4.22705E+04 4.22705E+04 4.22705E+04 4.22705E+04 ];

TOT_BURNUP = [ 0.00000E+00 2.40032E-01 4.27256E+00 8.78517E+00 ];

TOT_ADENS = [
0.00000E+00 8.16203E-14 1.36280E-12 2.59338E-12 % H3
0.00000E+00 3.16742E-08 3.18637E-08 3.19505E-08 % Xe135
4.87458E-03 4.86664E-03 4.73488E-03 4.59124E-03 % U235
2.01233E-02 2.01214E-02 2.00879E-02 2.00499E-02 % U238
0.00000E+00 5.88397E-14 9.41220E-10 8.75138E-09 % Pu238
0.00000E+00 9.04049E-07 3.10135E-05 6.07033E-05 % Pu239
0.00000E+00 1.58153E-09 8.78516E-07 3.36107E-06 % Pu240
0.00000E+00 5.59620E-12 6.16352E-08 4.90047E-07 % Pu241
0.00000E+00 2.38534E-15 5.09705E-10 8.55762E-09 % Pu242
0.00000E+00 8.41734E-16 1.77440E-10 2.94172E-09 % Am241
0.00000E+00 5.18126E-24 4.84737E-17 1.77111E-15 % Am244
0.00000E+00 5.64937E-28 4.81011E-21 1.75762E-19 % Am245
0.00000E+00 5.07518E-08 9.05756E-07 1.86681E-06 % lost data
7.04699E-02 7.04760E-02 7.05797E-02 7.06955E-02 % total
];

