
DET1001 = [
    1    1    1    1    1    1    1    1    1    1  4.04127E+18 0.00521 
    2    2    1    1    1    1    1    1    1    1  1.91682E+18 0.00624 
    3    3    1    1    1    1    1    1    1    1  2.01817E+17 0.01170 
];


DET1001E = [
 1.00000E-09  6.25000E-07  3.13000E-07
 6.25000E-07  1.00000E-01  5.00003E-02
 1.00000E-01  2.00000E+01  1.00500E+01
];

DET1002 = [
    1    1    1    1    1    1    1    1    1    1  6.38744E+16 0.01189 
    2    2    1    1    1    1    1    1    1    1  3.39936E+17 0.00495 
    3    3    1    1    1    1    1    1    1    1  1.71164E+17 0.00632 
];


DET1002E = [
 1.00000E-09  6.25000E-07  3.13000E-07
 6.25000E-07  1.00000E-01  5.00003E-02
 1.00000E-01  2.00000E+01  1.00500E+01
];
