
DET1001 = [
    1    1    1    1    1    1    1    1    1    1  4.00800E+18 0.00482 
    2    2    1    1    1    1    1    1    1    1  1.89496E+18 0.00573 
    3    3    1    1    1    1    1    1    1    1  2.00840E+17 0.01125 
];


DET1001E = [
 1.00000E-09  6.25000E-07  3.13000E-07
 6.25000E-07  1.00000E-01  5.00003E-02
 1.00000E-01  2.00000E+01  1.00500E+01
];

DET1002 = [
    1    1    1    1    1    1    1    1    1    1  6.48149E+16 0.01089 
    2    2    1    1    1    1    1    1    1    1  3.32255E+17 0.00527 
    3    3    1    1    1    1    1    1    1    1  1.68195E+17 0.00638 
];


DET1002E = [
 1.00000E-09  6.25000E-07  3.13000E-07
 6.25000E-07  1.00000E-01  5.00003E-02
 1.00000E-01  2.00000E+01  1.00500E+01
];
