
DET1001 = [
    1    1    1    1    1    1    1    1    1    1  3.92742E+18 0.00487 
    2    2    1    1    1    1    1    1    1    1  1.80682E+18 0.00546 
    3    3    1    1    1    1    1    1    1    1  1.88425E+17 0.01189 
];


DET1001E = [
 1.00000E-09  6.25000E-07  3.13000E-07
 6.25000E-07  1.00000E-01  5.00003E-02
 1.00000E-01  2.00000E+01  1.00500E+01
];

DET1002 = [
    1    1    1    1    1    1    1    1    1    1  6.51171E+16 0.01137 
    2    2    1    1    1    1    1    1    1    1  3.20761E+17 0.00505 
    3    3    1    1    1    1    1    1    1    1  1.61816E+17 0.00642 
];


DET1002E = [
 1.00000E-09  6.25000E-07  3.13000E-07
 6.25000E-07  1.00000E-01  5.00003E-02
 1.00000E-01  2.00000E+01  1.00500E+01
];
