
ZAI = [
10030
541350
922350
922380
942380
942390
942400
942410
942420
952410
952440
952450
666
0
];

NAMES = [
'H3              '
'Xe135           '
'U235            '
'U238            '
'Pu238           '
'Pu239           '
'Pu240           '
'Pu241           '
'Pu242           '
'Am241           '
'Am244           '
'Am245           '
'lost            '
'total           '
];

i10030  = 1; iH3               = 1;
i541350 = 2; iXe135            = 2;
i922350 = 3; iU235             = 3;
i922380 = 4; iU238             = 4;
i942380 = 5; iPu238            = 5;
i942390 = 6; iPu239            = 6;
i942400 = 7; iPu240            = 7;
i942410 = 8; iPu241            = 8;
i942420 = 9; iPu242            = 9;
i952410 = 10; iAm241            = 10;
i952440 = 11; iAm244            = 11;
i952450 = 12; iAm245            = 12;
iLOST    = 13;
iTOT     = 14;

MAT_uco_VOLUME = [ 4.22705E+04 4.22705E+04 4.22705E+04 4.22705E+04 ];

MAT_uco_BURNUP = [ 0.00000E+00 2.40019E-01 4.27238E+00 8.78476E+00 ];

MAT_uco_ADENS = [
0.00000E+00 8.84594E-14 1.41490E-12 2.64700E-12 % H3
0.00000E+00 2.82121E-08 2.85256E-08 2.86637E-08 % Xe135
3.74777E-03 3.73991E-03 3.61038E-03 3.47082E-03 % U235
2.12374E-02 2.12352E-02 2.11975E-02 2.11544E-02 % U238
0.00000E+00 7.52953E-14 1.18285E-09 1.07761E-08 % Pu238
0.00000E+00 1.01618E-06 3.40954E-05 6.55252E-05 % Pu239
0.00000E+00 2.26114E-09 1.26518E-06 4.71026E-06 % Pu240
0.00000E+00 9.04575E-12 1.00807E-07 7.76619E-07 % Pu241
0.00000E+00 5.05720E-15 1.10081E-09 1.78795E-08 % Pu242
0.00000E+00 1.34989E-15 2.89799E-10 4.65733E-09 % Am241
0.00000E+00 1.35899E-23 1.27198E-16 4.69805E-15 % Am244
0.00000E+00 1.90593E-27 1.60982E-20 5.93313E-19 % Am245
0.00000E+00 5.07334E-08 9.06693E-07 1.87057E-06 % lost data
7.04339E-02 7.04401E-02 7.05438E-02 7.06597E-02 % total
];

MAT_uco_MDENS = [
0.00000E+00 4.42955E-13 7.08500E-12 1.32547E-11 % H3
0.00000E+00 6.32012E-06 6.39036E-06 6.42129E-06 % Xe135
1.46278E+00 1.45971E+00 1.40915E+00 1.35468E+00 % U235
8.39511E+00 8.39424E+00 8.37937E+00 8.36233E+00 % U238
0.00000E+00 2.97640E-11 4.67577E-07 4.25976E-06 % Pu238
0.00000E+00 4.03385E-04 1.35346E-02 2.60110E-02 % Pu239
0.00000E+00 9.01348E-07 5.04335E-04 1.87763E-03 % Pu240
0.00000E+00 3.62081E-09 4.03506E-05 3.10863E-04 % Pu241
0.00000E+00 2.03276E-12 4.42477E-07 7.18672E-06 % Pu242
0.00000E+00 5.40348E-13 1.16004E-07 1.86429E-06 % Am241
0.00000E+00 5.50777E-21 5.15516E-14 1.90405E-12 % Am244
0.00000E+00 7.75615E-25 6.55115E-18 2.41448E-16 % Am245
0.00000E+00 0.00000E+00 0.00000E+00 0.00000E+00 % lost data
1.10000E+01 1.10000E+01 1.09994E+01 1.09988E+01 % total
];

MAT_uco_A = [
0.00000E+00 6.66642E+06 1.06628E+08 1.99481E+08 % H3
0.00000E+00 2.51217E+16 2.54009E+16 2.55238E+16 % Xe135
4.94265E+09 4.93229E+09 4.76147E+09 4.57741E+09 % U235
4.41314E+09 4.41268E+09 4.40486E+09 4.39591E+09 % U238
0.00000E+00 7.97126E+05 1.25225E+10 1.14083E+11 % Pu238
0.00000E+00 3.91321E+10 1.31298E+12 2.52331E+12 % Pu239
0.00000E+00 3.19976E+08 1.79037E+11 6.66553E+11 % Pu240
0.00000E+00 5.87721E+08 6.54962E+12 5.04586E+13 % Pu241
0.00000E+00 1.25211E+01 2.72550E+06 4.42676E+07 % Pu242
0.00000E+00 2.89715E+03 6.21971E+08 9.99563E+09 % Am241
0.00000E+00 1.09510E+01 1.02499E+08 3.78579E+09 % Am244
0.00000E+00 7.56681E-03 6.39123E+04 2.35554E+06 % Am245
0.00000E+00 0.00000E+00 0.00000E+00 0.00000E+00 % lost data
9.35579E+09 3.41193E+18 3.79737E+18 3.85556E+18 % total
];

MAT_uco_H = [
0.00000E+00 6.07736E-09 9.72066E-08 1.81855E-07 % H3
0.00000E+00 2.26476E+03 2.28993E+03 2.30102E+03 % Xe135
3.65275E-03 3.64509E-03 3.51885E-03 3.38282E-03 % U235
3.02289E-03 3.02258E-03 3.01722E-03 3.01108E-03 % U238
0.00000E+00 7.13736E-07 1.12124E-02 1.02149E-01 % Pu238
0.00000E+00 3.28609E-02 1.10257E+00 2.11894E+00 % Pu239
0.00000E+00 2.69199E-04 1.50626E-01 5.60778E-01 % Pu240
0.00000E+00 5.04255E-07 5.61946E-03 4.32926E-02 % Pu241
0.00000E+00 9.99446E-12 2.17552E-06 3.53349E-05 % Pu242
0.00000E+00 2.59753E-09 5.57648E-04 8.96190E-03 % Am241
0.00000E+00 1.94531E-12 1.82077E-05 6.72498E-04 % Am244
0.00000E+00 3.81771E-16 3.22459E-09 1.18845E-07 % Am245
0.00000E+00 0.00000E+00 0.00000E+00 0.00000E+00 % lost data
6.67564E-03 1.20602E+06 1.24358E+06 1.23976E+06 % total
];

MAT_uco_SF = [
0.00000E+00 0.00000E+00 0.00000E+00 0.00000E+00 % H3
0.00000E+00 0.00000E+00 0.00000E+00 0.00000E+00 % Xe135
3.55871E-01 3.55125E-01 3.42826E-01 3.29573E-01 % U235
2.40957E+05 2.40933E+05 2.40506E+05 2.40017E+05 % U238
0.00000E+00 1.48265E-03 2.32918E+01 2.12195E+02 % Pu238
0.00000E+00 1.21309E-01 4.07024E+00 7.82227E+00 % Pu239
0.00000E+00 1.82386E+01 1.02051E+04 3.79935E+04 % Pu240
0.00000E+00 0.00000E+00 0.00000E+00 0.00000E+00 % Pu241
0.00000E+00 6.88660E-05 1.49902E+01 2.43472E+02 % Pu242
0.00000E+00 1.24578E-08 2.67448E-03 4.29812E-02 % Am241
0.00000E+00 0.00000E+00 0.00000E+00 0.00000E+00 % Am244
0.00000E+00 0.00000E+00 0.00000E+00 0.00000E+00 % Am245
0.00000E+00 0.00000E+00 0.00000E+00 0.00000E+00 % lost data
2.40958E+05 2.40951E+05 2.51496E+05 3.02951E+05 % total
];

MAT_uco_ING_TOX = [
0.00000E+00 2.79990E-04 4.47839E-03 8.37822E-03 % H3
0.00000E+00 5.27556E+09 5.33419E+09 5.36001E+09 % Xe135
2.32305E+02 2.31818E+02 2.23789E+02 2.15138E+02 % U235
1.98591E+02 1.98571E+02 1.98219E+02 1.97816E+02 % U238
0.00000E+00 1.83339E-01 2.88016E+03 2.62391E+04 % Pu238
0.00000E+00 9.78301E+03 3.28245E+05 6.30828E+05 % Pu239
0.00000E+00 7.99939E+01 4.47593E+04 1.66638E+05 % Pu240
0.00000E+00 2.82106E+00 3.14382E+04 2.42201E+05 % Pu241
0.00000E+00 3.00506E-06 6.54119E-01 1.06242E+01 % Pu242
0.00000E+00 5.79430E-04 1.24394E+02 1.99913E+03 % Am241
0.00000E+00 5.03747E-09 4.71496E-02 1.74146E+00 % Am244
0.00000E+00 4.69142E-13 3.96256E-06 1.46043E-04 % Am245
0.00000E+00 0.00000E+00 0.00000E+00 0.00000E+00 % lost data
4.30896E+02 4.64776E+10 6.22529E+10 6.23123E+10 % total
];

MAT_uco_INH_TOX = [
0.00000E+00 1.73327E-03 2.77234E-02 5.18652E-02 % H3
0.00000E+00 2.76339E+09 2.79410E+09 2.80762E+09 % Xe135
4.20125E+04 4.19245E+04 4.04725E+04 3.89080E+04 % U235
3.53051E+04 3.53015E+04 3.52389E+04 3.51673E+04 % U238
0.00000E+00 8.76839E+01 1.37747E+06 1.25491E+07 % Pu238
0.00000E+00 4.69585E+06 1.57558E+08 3.02797E+08 % Pu239
0.00000E+00 3.83971E+04 2.14845E+07 7.99864E+07 % Pu240
0.00000E+00 1.35176E+03 1.50641E+07 1.16055E+08 % Pu241
0.00000E+00 1.37732E-03 2.99804E+02 4.86943E+03 % Pu242
0.00000E+00 2.78127E-01 5.97093E+04 9.59581E+05 % Am241
0.00000E+00 4.05187E-08 3.79247E-01 1.40074E+01 % Am244
0.00000E+00 4.23741E-13 3.57909E-06 1.31910E-04 % Am245
0.00000E+00 0.00000E+00 0.00000E+00 0.00000E+00 % lost data
7.73176E+04 4.48347E+10 6.00272E+10 6.19687E+10 % total
];

TOT_VOLUME = [ 4.22705E+04 4.22705E+04 4.22705E+04 4.22705E+04 ];

TOT_BURNUP = [ 0.00000E+00 2.40019E-01 4.27238E+00 8.78476E+00 ];

TOT_ADENS = [
0.00000E+00 8.84594E-14 1.41490E-12 2.64700E-12 % H3
0.00000E+00 2.82121E-08 2.85256E-08 2.86637E-08 % Xe135
3.74777E-03 3.73991E-03 3.61038E-03 3.47082E-03 % U235
2.12374E-02 2.12352E-02 2.11975E-02 2.11544E-02 % U238
0.00000E+00 7.52953E-14 1.18285E-09 1.07761E-08 % Pu238
0.00000E+00 1.01618E-06 3.40954E-05 6.55252E-05 % Pu239
0.00000E+00 2.26114E-09 1.26518E-06 4.71026E-06 % Pu240
0.00000E+00 9.04575E-12 1.00807E-07 7.76619E-07 % Pu241
0.00000E+00 5.05720E-15 1.10081E-09 1.78795E-08 % Pu242
0.00000E+00 1.34989E-15 2.89799E-10 4.65733E-09 % Am241
0.00000E+00 1.35899E-23 1.27198E-16 4.69805E-15 % Am244
0.00000E+00 1.90593E-27 1.60982E-20 5.93313E-19 % Am245
0.00000E+00 5.07334E-08 9.06693E-07 1.87057E-06 % lost data
7.04339E-02 7.04401E-02 7.05438E-02 7.06597E-02 % total
];

