
DET1001 = [
    1    1    1    1    1    1    1    1    1    1  4.43130E+18 0.00483 
    2    2    1    1    1    1    1    1    1    1  1.93609E+18 0.00625 
    3    3    1    1    1    1    1    1    1    1  2.01462E+17 0.01193 
];


DET1001E = [
 1.00000E-09  6.25000E-07  3.13000E-07
 6.25000E-07  1.00000E-01  5.00003E-02
 1.00000E-01  2.00000E+01  1.00500E+01
];

DET1002 = [
    1    1    1    1    1    1    1    1    1    1  8.82183E+16 0.00984 
    2    2    1    1    1    1    1    1    1    1  3.55041E+17 0.00537 
    3    3    1    1    1    1    1    1    1    1  1.76915E+17 0.00617 
];


DET1002E = [
 1.00000E-09  6.25000E-07  3.13000E-07
 6.25000E-07  1.00000E-01  5.00003E-02
 1.00000E-01  2.00000E+01  1.00500E+01
];
