
DET1001 = [
    1    1    1    1    1    1    1    1    1    1  4.45296E+18 0.00500 
    2    2    1    1    1    1    1    1    1    1  1.97952E+18 0.00583 
    3    3    1    1    1    1    1    1    1    1  2.07202E+17 0.01140 
];


DET1001E = [
 1.00000E-09  6.25000E-07  3.13000E-07
 6.25000E-07  1.00000E-01  5.00003E-02
 1.00000E-01  2.00000E+01  1.00500E+01
];

DET1002 = [
    1    1    1    1    1    1    1    1    1    1  8.86934E+16 0.01035 
    2    2    1    1    1    1    1    1    1    1  3.68615E+17 0.00520 
    3    3    1    1    1    1    1    1    1    1  1.81249E+17 0.00650 
];


DET1002E = [
 1.00000E-09  6.25000E-07  3.13000E-07
 6.25000E-07  1.00000E-01  5.00003E-02
 1.00000E-01  2.00000E+01  1.00500E+01
];
