
DET1001 = [
    1    1    1    1    1    1    1    1    1    1  4.26726E+18 0.00474 
    2    2    1    1    1    1    1    1    1    1  1.85523E+18 0.00574 
    3    3    1    1    1    1    1    1    1    1  1.93586E+17 0.01100 
];


DET1001E = [
 1.00000E-09  6.25000E-07  3.13000E-07
 6.25000E-07  1.00000E-01  5.00003E-02
 1.00000E-01  2.00000E+01  1.00500E+01
];

DET1002 = [
    1    1    1    1    1    1    1    1    1    1  9.05645E+16 0.00987 
    2    2    1    1    1    1    1    1    1    1  3.41538E+17 0.00506 
    3    3    1    1    1    1    1    1    1    1  1.70402E+17 0.00641 
];


DET1002E = [
 1.00000E-09  6.25000E-07  3.13000E-07
 6.25000E-07  1.00000E-01  5.00003E-02
 1.00000E-01  2.00000E+01  1.00500E+01
];
