
DET1001 = [
    1    1    1    1    1    1    1    1    1    1  4.57476E+18 0.00475 
    2    2    1    1    1    1    1    1    1    1  1.80550E+18 0.00597 
    3    3    1    1    1    1    1    1    1    1  1.64831E+17 0.01251 
];


DET1001E = [
 1.00000E-09  6.25000E-07  3.13000E-07
 6.25000E-07  1.00000E-01  5.00003E-02
 1.00000E-01  2.00000E+01  1.00500E+01
];

DET1002 = [
    1    1    1    1    1    1    1    1    1    1  1.49028E+17 0.00732 
    2    2    1    1    1    1    1    1    1    1  3.83428E+17 0.00503 
    3    3    1    1    1    1    1    1    1    1  1.74749E+17 0.00566 
];


DET1002E = [
 1.00000E-09  6.25000E-07  3.13000E-07
 6.25000E-07  1.00000E-01  5.00003E-02
 1.00000E-01  2.00000E+01  1.00500E+01
];
