
DET1001 = [
    1    1    1    1    1    1    1    1    1    1  4.49641E+18 0.00456 
    2    2    1    1    1    1    1    1    1    1  1.74271E+18 0.00572 
    3    3    1    1    1    1    1    1    1    1  1.55807E+17 0.01141 
];


DET1001E = [
 1.00000E-09  6.25000E-07  3.13000E-07
 6.25000E-07  1.00000E-01  5.00003E-02
 1.00000E-01  2.00000E+01  1.00500E+01
];

DET1002 = [
    1    1    1    1    1    1    1    1    1    1  1.50092E+17 0.00750 
    2    2    1    1    1    1    1    1    1    1  3.78663E+17 0.00445 
    3    3    1    1    1    1    1    1    1    1  1.69566E+17 0.00650 
];


DET1002E = [
 1.00000E-09  6.25000E-07  3.13000E-07
 6.25000E-07  1.00000E-01  5.00003E-02
 1.00000E-01  2.00000E+01  1.00500E+01
];
