
DET1001 = [
    1    1    1    1    1    1    1    1    1    1  4.68879E+18 0.00449 
    2    2    1    1    1    1    1    1    1    1  1.86369E+18 0.00594 
    3    3    1    1    1    1    1    1    1    1  1.66382E+17 0.01156 
];


DET1001E = [
 1.00000E-09  6.25000E-07  3.13000E-07
 6.25000E-07  1.00000E-01  5.00003E-02
 1.00000E-01  2.00000E+01  1.00500E+01
];

DET1002 = [
    1    1    1    1    1    1    1    1    1    1  1.51357E+17 0.00734 
    2    2    1    1    1    1    1    1    1    1  4.09693E+17 0.00522 
    3    3    1    1    1    1    1    1    1    1  1.84611E+17 0.00605 
];


DET1002E = [
 1.00000E-09  6.25000E-07  3.13000E-07
 6.25000E-07  1.00000E-01  5.00003E-02
 1.00000E-01  2.00000E+01  1.00500E+01
];
