
DET1001 = [
    1    1    1    1    1    1    1    1    1    1  4.28881E+18 0.00486 
    2    2    1    1    1    1    1    1    1    1  1.99946E+18 0.00544 
    3    3    1    1    1    1    1    1    1    1  2.05982E+17 0.01065 
];


DET1001E = [
 1.00000E-09  6.25000E-07  3.13000E-07
 6.25000E-07  1.00000E-01  5.00003E-02
 1.00000E-01  2.00000E+01  1.00500E+01
];

DET1002 = [
    1    1    1    1    1    1    1    1    1    1  7.48406E+16 0.01022 
    2    2    1    1    1    1    1    1    1    1  3.51257E+17 0.00489 
    3    3    1    1    1    1    1    1    1    1  1.74333E+17 0.00660 
];


DET1002E = [
 1.00000E-09  6.25000E-07  3.13000E-07
 6.25000E-07  1.00000E-01  5.00003E-02
 1.00000E-01  2.00000E+01  1.00500E+01
];
