
DET1001 = [
    1    1    1    1    1    1    1    1    1    1  4.15810E+18 0.00493 
    2    2    1    1    1    1    1    1    1    1  1.92008E+18 0.00546 
    3    3    1    1    1    1    1    1    1    1  2.00095E+17 0.01119 
];


DET1001E = [
 1.00000E-09  6.25000E-07  3.13000E-07
 6.25000E-07  1.00000E-01  5.00003E-02
 1.00000E-01  2.00000E+01  1.00500E+01
];

DET1002 = [
    1    1    1    1    1    1    1    1    1    1  7.31130E+16 0.01048 
    2    2    1    1    1    1    1    1    1    1  3.46654E+17 0.00480 
    3    3    1    1    1    1    1    1    1    1  1.71888E+17 0.00607 
];


DET1002E = [
 1.00000E-09  6.25000E-07  3.13000E-07
 6.25000E-07  1.00000E-01  5.00003E-02
 1.00000E-01  2.00000E+01  1.00500E+01
];
