
DET1001 = [
    1    1    1    1    1    1    1    1    1    1  4.29288E+18 0.00460 
    2    2    1    1    1    1    1    1    1    1  2.01451E+18 0.00592 
    3    3    1    1    1    1    1    1    1    1  2.08973E+17 0.01081 
];


DET1001E = [
 1.00000E-09  6.25000E-07  3.13000E-07
 6.25000E-07  1.00000E-01  5.00003E-02
 1.00000E-01  2.00000E+01  1.00500E+01
];

DET1002 = [
    1    1    1    1    1    1    1    1    1    1  7.32916E+16 0.01096 
    2    2    1    1    1    1    1    1    1    1  3.57018E+17 0.00520 
    3    3    1    1    1    1    1    1    1    1  1.77341E+17 0.00609 
];


DET1002E = [
 1.00000E-09  6.25000E-07  3.13000E-07
 6.25000E-07  1.00000E-01  5.00003E-02
 1.00000E-01  2.00000E+01  1.00500E+01
];
