
DET1001 = [
    1    1    1    1    1    1    1    1    1    1  4.74376E+18 0.00471 
    2    2    1    1    1    1    1    1    1    1  1.74205E+18 0.00603 
    3    3    1    1    1    1    1    1    1    1  1.61258E+17 0.01221 
];


DET1001E = [
 1.00000E-09  6.25000E-07  3.13000E-07
 6.25000E-07  1.00000E-01  5.00003E-02
 1.00000E-01  2.00000E+01  1.00500E+01
];

DET1002 = [
    1    1    1    1    1    1    1    1    1    1  1.77784E+17 0.00718 
    2    2    1    1    1    1    1    1    1    1  4.09504E+17 0.00479 
    3    3    1    1    1    1    1    1    1    1  1.91571E+17 0.00574 
];


DET1002E = [
 1.00000E-09  6.25000E-07  3.13000E-07
 6.25000E-07  1.00000E-01  5.00003E-02
 1.00000E-01  2.00000E+01  1.00500E+01
];
