
DET1001 = [
    1    1    1    1    1    1    1    1    1    1  4.50170E+18 0.00458 
    2    2    1    1    1    1    1    1    1    1  1.64165E+18 0.00592 
    3    3    1    1    1    1    1    1    1    1  1.51238E+17 0.01177 
];


DET1001E = [
 1.00000E-09  6.25000E-07  3.13000E-07
 6.25000E-07  1.00000E-01  5.00003E-02
 1.00000E-01  2.00000E+01  1.00500E+01
];

DET1002 = [
    1    1    1    1    1    1    1    1    1    1  1.69859E+17 0.00703 
    2    2    1    1    1    1    1    1    1    1  3.74688E+17 0.00489 
    3    3    1    1    1    1    1    1    1    1  1.74207E+17 0.00670 
];


DET1002E = [
 1.00000E-09  6.25000E-07  3.13000E-07
 6.25000E-07  1.00000E-01  5.00003E-02
 1.00000E-01  2.00000E+01  1.00500E+01
];
