
DET1001 = [
    1    1    1    1    1    1    1    1    1    1  4.43544E+18 0.00438 
    2    2    1    1    1    1    1    1    1    1  1.60268E+18 0.00598 
    3    3    1    1    1    1    1    1    1    1  1.46830E+17 0.01199 
];


DET1001E = [
 1.00000E-09  6.25000E-07  3.13000E-07
 6.25000E-07  1.00000E-01  5.00003E-02
 1.00000E-01  2.00000E+01  1.00500E+01
];

DET1002 = [
    1    1    1    1    1    1    1    1    1    1  1.70490E+17 0.00692 
    2    2    1    1    1    1    1    1    1    1  3.67537E+17 0.00491 
    3    3    1    1    1    1    1    1    1    1  1.70526E+17 0.00644 
];


DET1002E = [
 1.00000E-09  6.25000E-07  3.13000E-07
 6.25000E-07  1.00000E-01  5.00003E-02
 1.00000E-01  2.00000E+01  1.00500E+01
];
