
DET1001 = [
    1    1    1    1    1    1    1    1    1    1  4.35814E+18 0.00476 
    2    2    1    1    1    1    1    1    1    1  1.73064E+18 0.00572 
    3    3    1    1    1    1    1    1    1    1  1.58424E+17 0.01126 
];


DET1001E = [
 1.00000E-09  6.25000E-07  3.13000E-07
 6.25000E-07  1.00000E-01  5.00003E-02
 1.00000E-01  2.00000E+01  1.00500E+01
];

DET1002 = [
    1    1    1    1    1    1    1    1    1    1  1.32338E+17 0.00785 
    2    2    1    1    1    1    1    1    1    1  3.75332E+17 0.00487 
    3    3    1    1    1    1    1    1    1    1  1.73327E+17 0.00599 
];


DET1002E = [
 1.00000E-09  6.25000E-07  3.13000E-07
 6.25000E-07  1.00000E-01  5.00003E-02
 1.00000E-01  2.00000E+01  1.00500E+01
];
