
DET1001 = [
    1    1    1    1    1    1    1    1    1    1  4.20278E+18 0.00486 
    2    2    1    1    1    1    1    1    1    1  1.65248E+18 0.00589 
    3    3    1    1    1    1    1    1    1    1  1.50466E+17 0.01187 
];


DET1001E = [
 1.00000E-09  6.25000E-07  3.13000E-07
 6.25000E-07  1.00000E-01  5.00003E-02
 1.00000E-01  2.00000E+01  1.00500E+01
];

DET1002 = [
    1    1    1    1    1    1    1    1    1    1  1.32938E+17 0.00769 
    2    2    1    1    1    1    1    1    1    1  3.58754E+17 0.00474 
    3    3    1    1    1    1    1    1    1    1  1.65380E+17 0.00648 
];


DET1002E = [
 1.00000E-09  6.25000E-07  3.13000E-07
 6.25000E-07  1.00000E-01  5.00003E-02
 1.00000E-01  2.00000E+01  1.00500E+01
];
