
ZAI = [
10030
541350
922350
922380
942380
942390
942400
942410
942420
952410
952440
952450
666
0
];

NAMES = [
'H3              '
'Xe135           '
'U235            '
'U238            '
'Pu238           '
'Pu239           '
'Pu240           '
'Pu241           '
'Pu242           '
'Am241           '
'Am244           '
'Am245           '
'lost            '
'total           '
];

i10030  = 1; iH3               = 1;
i541350 = 2; iXe135            = 2;
i922350 = 3; iU235             = 3;
i922380 = 4; iU238             = 4;
i942380 = 5; iPu238            = 5;
i942390 = 6; iPu239            = 6;
i942400 = 7; iPu240            = 7;
i942410 = 8; iPu241            = 8;
i942420 = 9; iPu242            = 9;
i952410 = 10; iAm241            = 10;
i952440 = 11; iAm244            = 11;
i952450 = 12; iAm245            = 12;
iLOST    = 13;
iTOT     = 14;

MAT_uco_VOLUME = [ 2.41547E+04 2.41547E+04 2.41547E+04 2.41547E+04 ];

MAT_uco_BURNUP = [ 0.00000E+00 4.20041E-01 7.47684E+00 1.53738E+01 ];

MAT_uco_ADENS = [
0.00000E+00 9.03775E-14 1.42943E-12 2.55673E-12 % H3
0.00000E+00 4.21216E-08 4.21591E-08 4.19079E-08 % Xe135
4.87458E-03 4.86094E-03 4.63601E-03 4.39338E-03 % U235
2.01233E-02 2.01206E-02 2.00731E-02 2.00186E-02 % U238
0.00000E+00 1.00099E-13 2.46201E-09 2.36383E-08 % Pu238
0.00000E+00 1.27719E-06 4.16356E-05 7.71621E-05 % Pu239
0.00000E+00 3.71461E-09 2.11786E-06 7.70506E-06 % Pu240
0.00000E+00 1.67880E-11 1.93809E-07 1.44661E-06 % Pu241
0.00000E+00 1.25040E-14 2.88919E-09 4.65155E-08 % Pu242
0.00000E+00 2.48490E-15 5.55881E-10 8.61413E-09 % Am241
0.00000E+00 4.14649E-23 4.24306E-16 1.57232E-14 % Am244
0.00000E+00 7.54995E-27 6.97781E-20 2.62708E-18 % Am245
0.00000E+00 8.87632E-08 1.58615E-06 3.27168E-06 % lost data
7.04699E-02 7.04807E-02 7.06620E-02 7.08648E-02 % total
];

MAT_uco_MDENS = [
0.00000E+00 4.52560E-13 7.15778E-12 1.28027E-11 % H3
0.00000E+00 9.43616E-06 9.44455E-06 9.38828E-06 % Xe135
1.90258E+00 1.89726E+00 1.80946E+00 1.71476E+00 % U235
7.95473E+00 7.95364E+00 7.93487E+00 7.91332E+00 % U238
0.00000E+00 3.95687E-11 9.73224E-07 9.34414E-06 % Pu238
0.00000E+00 5.06996E-04 1.65277E-02 3.06304E-02 % Pu239
0.00000E+00 1.48074E-06 8.44232E-04 3.07144E-03 % Pu240
0.00000E+00 6.71984E-09 7.75772E-05 5.79047E-04 % Pu241
0.00000E+00 5.02603E-12 1.16132E-06 1.86971E-05 % Pu242
0.00000E+00 9.94682E-13 2.22514E-07 3.44815E-06 % Am241
0.00000E+00 1.68051E-20 1.71965E-13 6.37238E-12 % Am244
0.00000E+00 3.07244E-24 2.83961E-17 1.06909E-15 % Am245
0.00000E+00 0.00000E+00 0.00000E+00 0.00000E+00 % lost data
1.10000E+01 1.09999E+01 1.09989E+01 1.09978E+01 % total
];

MAT_uco_A = [
0.00000E+00 3.89200E+06 6.15566E+07 1.10102E+08 % H3
0.00000E+00 2.14330E+16 2.14521E+16 2.13243E+16 % Xe135
3.67357E+09 3.66329E+09 3.49378E+09 3.31093E+09 % U235
2.38952E+09 2.38919E+09 2.38355E+09 2.37708E+09 % U238
0.00000E+00 6.05552E+05 1.48941E+10 1.43001E+11 % Pu238
0.00000E+00 2.81049E+10 9.16201E+11 1.69797E+12 % Pu239
0.00000E+00 3.00377E+08 1.71258E+11 6.23060E+11 % Pu240
0.00000E+00 6.23288E+08 7.19554E+12 5.37085E+13 % Pu241
0.00000E+00 1.76907E+01 4.08763E+06 6.58102E+07 % Pu242
0.00000E+00 3.04751E+03 6.81740E+08 1.05645E+10 % Am241
0.00000E+00 1.90934E+01 1.95381E+08 7.24008E+09 % Am244
0.00000E+00 1.71283E-02 1.58303E+05 5.95996E+06 % Am245
0.00000E+00 0.00000E+00 0.00000E+00 0.00000E+00 % lost data
6.06309E+09 3.30076E+18 3.65195E+18 3.70400E+18 % total
];

MAT_uco_H = [
0.00000E+00 3.54809E-09 5.61174E-08 1.00374E-07 % H3
0.00000E+00 1.93222E+03 1.93394E+03 1.92242E+03 % Xe135
2.71487E-03 2.70727E-03 2.58200E-03 2.44687E-03 % U235
1.63676E-03 1.63653E-03 1.63267E-03 1.62824E-03 % U238
0.00000E+00 5.42203E-07 1.33359E-02 1.28041E-01 % Pu238
0.00000E+00 2.36009E-02 7.69375E-01 1.42586E+00 % Pu239
0.00000E+00 2.52711E-04 1.44081E-01 5.24187E-01 % Pu240
0.00000E+00 5.34770E-07 6.17366E-03 4.60810E-02 % Pu241
0.00000E+00 1.41209E-11 3.26279E-06 5.25304E-05 % Pu242
0.00000E+00 2.73234E-09 6.11236E-04 9.47192E-03 % Am241
0.00000E+00 3.39171E-12 3.47070E-05 1.28611E-03 % Am244
0.00000E+00 8.64180E-16 7.98692E-09 3.00699E-07 % Am245
0.00000E+00 0.00000E+00 0.00000E+00 0.00000E+00 % lost data
4.35163E-03 1.19703E+06 1.22617E+06 1.22082E+06 % total
];

MAT_uco_SF = [
0.00000E+00 0.00000E+00 0.00000E+00 0.00000E+00 % H3
0.00000E+00 0.00000E+00 0.00000E+00 0.00000E+00 % Xe135
2.64497E-01 2.63757E-01 2.51552E-01 2.38387E-01 % U235
1.30468E+05 1.30450E+05 1.30142E+05 1.29789E+05 % U238
0.00000E+00 1.12633E-03 2.77029E+01 2.65982E+02 % Pu238
0.00000E+00 8.71252E-02 2.84022E+00 5.26371E+00 % Pu239
0.00000E+00 1.71215E+01 9.76169E+03 3.55144E+04 % Pu240
0.00000E+00 0.00000E+00 0.00000E+00 0.00000E+00 % Pu241
0.00000E+00 9.72986E-05 2.24819E+01 3.61956E+02 % Pu242
0.00000E+00 1.31043E-08 2.93148E-03 4.54273E-02 % Am241
0.00000E+00 0.00000E+00 0.00000E+00 0.00000E+00 % Am244
0.00000E+00 0.00000E+00 0.00000E+00 0.00000E+00 % Am245
0.00000E+00 0.00000E+00 0.00000E+00 0.00000E+00 % lost data
1.30468E+05 1.30467E+05 1.41023E+05 2.00614E+05 % total
];

MAT_uco_ING_TOX = [
0.00000E+00 1.63464E-04 2.58538E-03 4.62430E-03 % H3
0.00000E+00 4.50093E+09 4.50493E+09 4.47809E+09 % Xe135
1.72658E+02 1.72175E+02 1.64208E+02 1.55614E+02 % U235
1.07528E+02 1.07514E+02 1.07260E+02 1.06969E+02 % U238
0.00000E+00 1.39277E-01 3.42563E+03 3.28903E+04 % Pu238
0.00000E+00 7.02622E+03 2.29050E+05 4.24493E+05 % Pu239
0.00000E+00 7.50943E+01 4.28144E+04 1.55765E+05 % Pu240
0.00000E+00 2.99178E+00 3.45386E+04 2.57801E+05 % Pu241
0.00000E+00 4.24576E-06 9.81030E-01 1.57944E+01 % Pu242
0.00000E+00 6.09503E-04 1.36348E+02 2.11290E+03 % Am241
0.00000E+00 8.78298E-09 8.98753E-02 3.33044E+00 % Am244
0.00000E+00 1.06195E-12 9.81479E-06 3.69517E-04 % Am245
0.00000E+00 0.00000E+00 0.00000E+00 0.00000E+00 % lost data
2.80186E+02 4.56213E+10 6.09800E+10 6.08897E+10 % total
];

MAT_uco_INH_TOX = [
0.00000E+00 1.01192E-03 1.60047E-02 2.86266E-02 % H3
0.00000E+00 2.35763E+09 2.35973E+09 2.34567E+09 % Xe135
3.12254E+04 3.11380E+04 2.96971E+04 2.81429E+04 % U235
1.91161E+04 1.91135E+04 1.90684E+04 1.90166E+04 % U238
0.00000E+00 6.66108E+01 1.63835E+06 1.57301E+07 % Pu238
0.00000E+00 3.37259E+06 1.09944E+08 2.03757E+08 % Pu239
0.00000E+00 3.60453E+04 2.05509E+07 7.47672E+07 % Pu240
0.00000E+00 1.43356E+03 1.65498E+07 1.23530E+08 % Pu241
0.00000E+00 1.94597E-03 4.49639E+02 7.23912E+03 % Pu242
0.00000E+00 2.92561E-01 6.54470E+04 1.01419E+06 % Am241
0.00000E+00 7.06457E-08 7.22910E-01 2.67883E+01 % Am244
0.00000E+00 9.59185E-13 8.86497E-06 3.33758E-04 % Am245
0.00000E+00 0.00000E+00 0.00000E+00 0.00000E+00 % lost data
5.03415E+04 4.43085E+10 5.90669E+10 6.08327E+10 % total
];

TOT_VOLUME = [ 2.41547E+04 2.41547E+04 2.41547E+04 2.41547E+04 ];

TOT_BURNUP = [ 0.00000E+00 4.20041E-01 7.47684E+00 1.53738E+01 ];

TOT_ADENS = [
0.00000E+00 9.03775E-14 1.42943E-12 2.55673E-12 % H3
0.00000E+00 4.21216E-08 4.21591E-08 4.19079E-08 % Xe135
4.87458E-03 4.86094E-03 4.63601E-03 4.39338E-03 % U235
2.01233E-02 2.01206E-02 2.00731E-02 2.00186E-02 % U238
0.00000E+00 1.00099E-13 2.46201E-09 2.36383E-08 % Pu238
0.00000E+00 1.27719E-06 4.16356E-05 7.71621E-05 % Pu239
0.00000E+00 3.71461E-09 2.11786E-06 7.70506E-06 % Pu240
0.00000E+00 1.67880E-11 1.93809E-07 1.44661E-06 % Pu241
0.00000E+00 1.25040E-14 2.88919E-09 4.65155E-08 % Pu242
0.00000E+00 2.48490E-15 5.55881E-10 8.61413E-09 % Am241
0.00000E+00 4.14649E-23 4.24306E-16 1.57232E-14 % Am244
0.00000E+00 7.54995E-27 6.97781E-20 2.62708E-18 % Am245
0.00000E+00 8.87632E-08 1.58615E-06 3.27168E-06 % lost data
7.04699E-02 7.04807E-02 7.06620E-02 7.08648E-02 % total
];

