
DET1001 = [
    1    1    1    1    1    1    1    1    1    1  4.31035E+18 0.00460 
    2    2    1    1    1    1    1    1    1    1  1.71069E+18 0.00589 
    3    3    1    1    1    1    1    1    1    1  1.57396E+17 0.01094 
];


DET1001E = [
 1.00000E-09  6.25000E-07  3.13000E-07
 6.25000E-07  1.00000E-01  5.00003E-02
 1.00000E-01  2.00000E+01  1.00500E+01
];

DET1002 = [
    1    1    1    1    1    1    1    1    1    1  1.33859E+17 0.00754 
    2    2    1    1    1    1    1    1    1    1  3.75278E+17 0.00505 
    3    3    1    1    1    1    1    1    1    1  1.77781E+17 0.00637 
];


DET1002E = [
 1.00000E-09  6.25000E-07  3.13000E-07
 6.25000E-07  1.00000E-01  5.00003E-02
 1.00000E-01  2.00000E+01  1.00500E+01
];
