
DET1001 = [
    1    1    1    1    1    1    1    1    1    1  4.23213E+18 0.00479 
    2    2    1    1    1    1    1    1    1    1  1.67828E+18 0.00591 
    3    3    1    1    1    1    1    1    1    1  1.51197E+17 0.01252 
];


DET1001E = [
 1.00000E-09  6.25000E-07  3.13000E-07
 6.25000E-07  1.00000E-01  5.00003E-02
 1.00000E-01  2.00000E+01  1.00500E+01
];

DET1002 = [
    1    1    1    1    1    1    1    1    1    1  1.32635E+17 0.00769 
    2    2    1    1    1    1    1    1    1    1  3.67179E+17 0.00466 
    3    3    1    1    1    1    1    1    1    1  1.72024E+17 0.00659 
];


DET1002E = [
 1.00000E-09  6.25000E-07  3.13000E-07
 6.25000E-07  1.00000E-01  5.00003E-02
 1.00000E-01  2.00000E+01  1.00500E+01
];
