
DET1001 = [
    1    1    1    1    1    1    1    1    1    1  4.42081E+18 0.00487 
    2    2    1    1    1    1    1    1    1    1  1.74762E+18 0.00578 
    3    3    1    1    1    1    1    1    1    1  1.60620E+17 0.01161 
];


DET1001E = [
 1.00000E-09  6.25000E-07  3.13000E-07
 6.25000E-07  1.00000E-01  5.00003E-02
 1.00000E-01  2.00000E+01  1.00500E+01
];

DET1002 = [
    1    1    1    1    1    1    1    1    1    1  1.33458E+17 0.00773 
    2    2    1    1    1    1    1    1    1    1  3.91773E+17 0.00470 
    3    3    1    1    1    1    1    1    1    1  1.81996E+17 0.00604 
];


DET1002E = [
 1.00000E-09  6.25000E-07  3.13000E-07
 6.25000E-07  1.00000E-01  5.00003E-02
 1.00000E-01  2.00000E+01  1.00500E+01
];
