
ZAI = [
10030
541350
922350
922380
942380
942390
942400
942410
942420
952410
952440
952450
666
0
];

NAMES = [
'H3              '
'Xe135           '
'U235            '
'U238            '
'Pu238           '
'Pu239           '
'Pu240           '
'Pu241           '
'Pu242           '
'Am241           '
'Am244           '
'Am245           '
'lost            '
'total           '
];

i10030  = 1; iH3               = 1;
i541350 = 2; iXe135            = 2;
i922350 = 3; iU235             = 3;
i922380 = 4; iU238             = 4;
i942380 = 5; iPu238            = 5;
i942390 = 6; iPu239            = 6;
i942400 = 7; iPu240            = 7;
i942410 = 8; iPu241            = 8;
i942420 = 9; iPu242            = 9;
i952410 = 10; iAm241            = 10;
i952440 = 11; iAm244            = 11;
i952450 = 12; iAm245            = 12;
iLOST    = 13;
iTOT     = 14;

MAT_uco_VOLUME = [ 2.20231E+04 2.20231E+04 2.20231E+04 2.20231E+04 ];

MAT_uco_BURNUP = [ 0.00000E+00 4.60700E-01 8.20036E+00 1.68614E+01 ];

MAT_uco_ADENS = [
0.00000E+00 1.10277E-13 1.69344E-12 2.94643E-12 % H3
0.00000E+00 4.13818E-08 4.15496E-08 4.12394E-08 % Xe135
4.31104E-03 4.29610E-03 4.05142E-03 3.79068E-03 % U235
2.06805E-02 2.06771E-02 2.06189E-02 2.05517E-02 % U238
0.00000E+00 1.45047E-13 3.77642E-09 3.67208E-08 % Pu238
0.00000E+00 1.55468E-06 4.94743E-05 8.93486E-05 % Pu239
0.00000E+00 5.57621E-09 3.08072E-06 1.07817E-05 % Pu240
0.00000E+00 3.04790E-11 3.37134E-07 2.40674E-06 % Pu241
0.00000E+00 2.81586E-14 6.24880E-09 9.68082E-08 % Pu242
0.00000E+00 4.50718E-15 9.66187E-10 1.43090E-08 % Am241
0.00000E+00 1.33897E-22 1.34978E-15 4.75516E-14 % Am244
0.00000E+00 3.00470E-26 2.75429E-19 9.80474E-18 % Am245
0.00000E+00 9.73533E-08 1.74257E-06 3.59753E-06 % lost data
7.04520E-02 7.04638E-02 7.06628E-02 7.08851E-02 % total
];

MAT_uco_MDENS = [
0.00000E+00 5.52207E-13 8.47978E-12 1.47541E-11 % H3
0.00000E+00 9.27043E-06 9.30801E-06 9.23852E-06 % Xe135
1.68262E+00 1.67679E+00 1.58129E+00 1.47953E+00 % U235
8.17497E+00 8.17364E+00 8.15064E+00 8.12407E+00 % U238
0.00000E+00 5.73367E-11 1.49281E-06 1.45156E-05 % Pu238
0.00000E+00 6.17149E-04 1.96394E-02 3.54680E-02 % Pu239
0.00000E+00 2.22282E-06 1.22806E-03 4.29787E-03 % Pu240
0.00000E+00 1.22000E-08 1.34947E-04 9.63362E-04 % Pu241
0.00000E+00 1.13185E-11 2.51173E-06 3.89125E-05 % Pu242
0.00000E+00 1.80418E-12 3.86756E-07 5.72777E-06 % Am241
0.00000E+00 5.42665E-20 5.47045E-13 1.92720E-11 % Am244
0.00000E+00 1.22276E-23 1.12086E-16 3.99003E-15 % Am245
0.00000E+00 0.00000E+00 0.00000E+00 0.00000E+00 % lost data
1.10000E+01 1.09999E+01 1.09988E+01 1.09976E+01 % total
];

MAT_uco_A = [
0.00000E+00 4.32988E+06 6.64904E+07 1.15687E+08 % H3
0.00000E+00 1.91984E+16 1.92762E+16 1.91323E+16 % Xe135
2.96217E+09 2.95191E+09 2.78378E+09 2.60463E+09 % U235
2.23897E+09 2.23861E+09 2.23231E+09 2.22503E+09 % U238
0.00000E+00 8.00037E+05 2.08296E+10 2.02541E+11 % Pu238
0.00000E+00 3.11921E+10 9.92619E+11 1.79263E+12 % Pu239
0.00000E+00 4.11122E+08 2.27135E+11 7.94911E+11 % Pu240
0.00000E+00 1.03174E+09 1.14122E+13 8.14698E+13 % Pu241
0.00000E+00 3.63232E+01 8.06063E+06 1.24878E+08 % Pu242
0.00000E+00 5.03987E+03 1.08038E+09 1.60002E+10 % Am241
0.00000E+00 5.62149E+01 5.66686E+08 1.99639E+10 % Am244
0.00000E+00 6.21512E-02 5.69715E+05 2.02807E+07 % Am245
0.00000E+00 0.00000E+00 0.00000E+00 0.00000E+00 % lost data
5.20114E+09 3.32844E+18 3.68585E+18 3.73266E+18 % total
];

MAT_uco_H = [
0.00000E+00 3.94729E-09 6.06152E-08 1.05465E-07 % H3
0.00000E+00 1.73077E+03 1.73778E+03 1.72481E+03 % Xe135
2.18912E-03 2.18154E-03 2.05729E-03 1.92489E-03 % U235
1.53364E-03 1.53339E-03 1.52907E-03 1.52409E-03 % U238
0.00000E+00 7.16343E-07 1.86506E-02 1.81353E-01 % Pu238
0.00000E+00 2.61934E-02 8.33547E-01 1.50535E+00 % Pu239
0.00000E+00 3.45881E-04 1.91091E-01 6.68767E-01 % Pu240
0.00000E+00 8.85212E-07 9.79152E-03 6.98997E-02 % Pu241
0.00000E+00 2.89935E-11 6.43408E-06 9.96788E-05 % Pu242
0.00000E+00 4.51865E-09 9.68647E-04 1.43455E-02 % Am241
0.00000E+00 9.98587E-12 1.00665E-04 3.54633E-03 % Am244
0.00000E+00 3.13573E-15 2.87440E-08 1.02323E-06 % Am245
0.00000E+00 0.00000E+00 0.00000E+00 0.00000E+00 % lost data
3.72276E-03 1.19892E+06 1.22679E+06 1.21742E+06 % total
];

MAT_uco_SF = [
0.00000E+00 0.00000E+00 0.00000E+00 0.00000E+00 % H3
0.00000E+00 0.00000E+00 0.00000E+00 0.00000E+00 % Xe135
2.13276E-01 2.12538E-01 2.00432E-01 1.87533E-01 % U235
1.22248E+05 1.22228E+05 1.21884E+05 1.21487E+05 % U238
0.00000E+00 1.48807E-03 3.87431E+01 3.76726E+02 % Pu238
0.00000E+00 9.66955E-02 3.07712E+00 5.55716E+00 % Pu239
0.00000E+00 2.34339E+01 1.29467E+04 4.53099E+04 % Pu240
0.00000E+00 0.00000E+00 0.00000E+00 0.00000E+00 % Pu241
0.00000E+00 1.99777E-04 4.43335E+01 6.86827E+02 % Pu242
0.00000E+00 2.16714E-08 4.64562E-03 6.88007E-02 % Am241
0.00000E+00 0.00000E+00 0.00000E+00 0.00000E+00 % Am244
0.00000E+00 0.00000E+00 0.00000E+00 0.00000E+00 % Am245
0.00000E+00 0.00000E+00 0.00000E+00 0.00000E+00 % lost data
1.22248E+05 1.22252E+05 1.37008E+05 2.33496E+05 % total
];

MAT_uco_ING_TOX = [
0.00000E+00 1.81855E-04 2.79260E-03 4.85887E-03 % H3
0.00000E+00 4.03166E+09 4.04801E+09 4.01779E+09 % Xe135
1.39222E+02 1.38740E+02 1.30838E+02 1.22418E+02 % U235
1.00754E+02 1.00737E+02 1.00454E+02 1.00126E+02 % U238
0.00000E+00 1.84009E-01 4.79081E+03 4.65845E+04 % Pu238
0.00000E+00 7.79803E+03 2.48155E+05 4.48158E+05 % Pu239
0.00000E+00 1.02780E+02 5.67837E+04 1.98728E+05 % Pu240
0.00000E+00 4.95233E+00 5.47788E+04 3.91055E+05 % Pu241
0.00000E+00 8.71756E-06 1.93455E+00 2.99707E+01 % Pu242
0.00000E+00 1.00797E-03 2.16076E+02 3.20003E+03 % Am241
0.00000E+00 2.58589E-08 2.60676E-01 9.18339E+00 % Am244
0.00000E+00 3.85337E-12 3.53223E-05 1.25741E-03 % Am245
0.00000E+00 0.00000E+00 0.00000E+00 0.00000E+00 % lost data
2.39976E+02 4.51641E+10 6.05960E+10 6.04096E+10 % total
];

MAT_uco_INH_TOX = [
0.00000E+00 1.12577E-03 1.72875E-02 3.00787E-02 % H3
0.00000E+00 2.11182E+09 2.12038E+09 2.10456E+09 % Xe135
2.51785E+04 2.50912E+04 2.36622E+04 2.21394E+04 % U235
1.79118E+04 1.79089E+04 1.78585E+04 1.78003E+04 % U238
0.00000E+00 8.80041E+01 2.29126E+06 2.22795E+07 % Pu238
0.00000E+00 3.74305E+06 1.19114E+08 2.15116E+08 % Pu239
0.00000E+00 4.93346E+04 2.72562E+07 9.53894E+07 % Pu240
0.00000E+00 2.37299E+03 2.62482E+07 1.87381E+08 % Pu241
0.00000E+00 3.99555E-03 8.86669E+02 1.37365E+04 % Pu242
0.00000E+00 4.83827E-01 1.03716E+05 1.53602E+06 % Am241
0.00000E+00 2.07995E-07 2.09674E+00 7.38664E+01 % Am244
0.00000E+00 3.48046E-12 3.19040E-05 1.13572E-03 % Am245
0.00000E+00 0.00000E+00 0.00000E+00 0.00000E+00 % lost data
4.30902E+04 4.40832E+10 5.89842E+10 6.07654E+10 % total
];

TOT_VOLUME = [ 2.20231E+04 2.20231E+04 2.20231E+04 2.20231E+04 ];

TOT_BURNUP = [ 0.00000E+00 4.60700E-01 8.20036E+00 1.68614E+01 ];

TOT_ADENS = [
0.00000E+00 1.10277E-13 1.69344E-12 2.94643E-12 % H3
0.00000E+00 4.13818E-08 4.15496E-08 4.12394E-08 % Xe135
4.31104E-03 4.29610E-03 4.05142E-03 3.79068E-03 % U235
2.06805E-02 2.06771E-02 2.06189E-02 2.05517E-02 % U238
0.00000E+00 1.45047E-13 3.77642E-09 3.67208E-08 % Pu238
0.00000E+00 1.55468E-06 4.94743E-05 8.93486E-05 % Pu239
0.00000E+00 5.57621E-09 3.08072E-06 1.07817E-05 % Pu240
0.00000E+00 3.04790E-11 3.37134E-07 2.40674E-06 % Pu241
0.00000E+00 2.81586E-14 6.24880E-09 9.68082E-08 % Pu242
0.00000E+00 4.50718E-15 9.66187E-10 1.43090E-08 % Am241
0.00000E+00 1.33897E-22 1.34978E-15 4.75516E-14 % Am244
0.00000E+00 3.00470E-26 2.75429E-19 9.80474E-18 % Am245
0.00000E+00 9.73533E-08 1.74257E-06 3.59753E-06 % lost data
7.04520E-02 7.04638E-02 7.06628E-02 7.08851E-02 % total
];

