
DET1001 = [
    1    1    1    1    1    1    1    1    1    1  5.35989E+18 0.00458 
    2    2    1    1    1    1    1    1    1    1  2.32181E+18 0.00502 
    3    3    1    1    1    1    1    1    1    1  3.86186E+17 0.00931 
];


DET1001E = [
 1.00000E-09  6.25000E-07  3.13000E-07
 6.25000E-07  1.00000E-01  5.00003E-02
 1.00000E-01  2.00000E+01  1.00500E+01
];

DET1002 = [
    1    1    1    1    1    1    1    1    1    1  1.18409E+17 0.00889 
    2    2    1    1    1    1    1    1    1    1  3.86616E+17 0.00516 
    3    3    1    1    1    1    1    1    1    1  2.12122E+17 0.00615 
];


DET1002E = [
 1.00000E-09  6.25000E-07  3.13000E-07
 6.25000E-07  1.00000E-01  5.00003E-02
 1.00000E-01  2.00000E+01  1.00500E+01
];
