
DET1001 = [
    1    1    1    1    1    1    1    1    1    1  5.42651E+18 0.00435 
    2    2    1    1    1    1    1    1    1    1  2.38266E+18 0.00524 
    3    3    1    1    1    1    1    1    1    1  3.97368E+17 0.01057 
];


DET1001E = [
 1.00000E-09  6.25000E-07  3.13000E-07
 6.25000E-07  1.00000E-01  5.00003E-02
 1.00000E-01  2.00000E+01  1.00500E+01
];

DET1002 = [
    1    1    1    1    1    1    1    1    1    1  1.15251E+17 0.00839 
    2    2    1    1    1    1    1    1    1    1  3.97055E+17 0.00541 
    3    3    1    1    1    1    1    1    1    1  2.17317E+17 0.00583 
];


DET1002E = [
 1.00000E-09  6.25000E-07  3.13000E-07
 6.25000E-07  1.00000E-01  5.00003E-02
 1.00000E-01  2.00000E+01  1.00500E+01
];
