
DET1001 = [
    1    1    1    1    1    1    1    1    1    1  5.27172E+18 0.00429 
    2    2    1    1    1    1    1    1    1    1  2.26963E+18 0.00540 
    3    3    1    1    1    1    1    1    1    1  3.78090E+17 0.00983 
];


DET1001E = [
 1.00000E-09  6.25000E-07  3.13000E-07
 6.25000E-07  1.00000E-01  5.00003E-02
 1.00000E-01  2.00000E+01  1.00500E+01
];

DET1002 = [
    1    1    1    1    1    1    1    1    1    1  1.18498E+17 0.00865 
    2    2    1    1    1    1    1    1    1    1  3.77661E+17 0.00516 
    3    3    1    1    1    1    1    1    1    1  2.05818E+17 0.00632 
];


DET1002E = [
 1.00000E-09  6.25000E-07  3.13000E-07
 6.25000E-07  1.00000E-01  5.00003E-02
 1.00000E-01  2.00000E+01  1.00500E+01
];
