
ZAI = [
10030
541350
922350
922380
942380
942390
942400
942410
942420
952410
952440
952450
666
0
];

NAMES = [
'H3              '
'Xe135           '
'U235            '
'U238            '
'Pu238           '
'Pu239           '
'Pu240           '
'Pu241           '
'Pu242           '
'Am241           '
'Am244           '
'Am245           '
'lost            '
'total           '
];

i10030  = 1; iH3               = 1;
i541350 = 2; iXe135            = 2;
i922350 = 3; iU235             = 3;
i922380 = 4; iU238             = 4;
i942380 = 5; iPu238            = 5;
i942390 = 6; iPu239            = 6;
i942400 = 7; iPu240            = 7;
i942410 = 8; iPu241            = 8;
i942420 = 9; iPu242            = 9;
i952410 = 10; iAm241            = 10;
i952440 = 11; iAm244            = 11;
i952450 = 12; iAm245            = 12;
iLOST    = 13;
iTOT     = 14;

MAT_uco_VOLUME = [ 3.93127E+04 3.93127E+04 3.93127E+04 3.93127E+04 ];

MAT_uco_BURNUP = [ 0.00000E+00 2.58077E-01 4.59382E+00 9.44575E+00 ];

MAT_uco_ADENS = [
0.00000E+00 8.55791E-14 1.37181E-12 2.51399E-12 % H3
0.00000E+00 2.88102E-08 2.91120E-08 2.92033E-08 % Xe135
3.74777E-03 3.73937E-03 3.60103E-03 3.45220E-03 % U235
2.12374E-02 2.12351E-02 2.11968E-02 2.11528E-02 % U238
0.00000E+00 7.70771E-14 1.24368E-09 1.14684E-08 % Pu238
0.00000E+00 1.03293E-06 3.44151E-05 6.55470E-05 % Pu239
0.00000E+00 2.46974E-09 1.41220E-06 5.22652E-06 % Pu240
0.00000E+00 9.79806E-12 1.12894E-07 8.63005E-07 % Pu241
0.00000E+00 6.14044E-15 1.39482E-09 2.25987E-08 % Pu242
0.00000E+00 1.45394E-15 3.24038E-10 5.16049E-09 % Am241
0.00000E+00 1.61840E-23 1.62207E-16 5.91140E-15 % Am244
0.00000E+00 2.54579E-27 2.31605E-20 8.44277E-19 % Am245
0.00000E+00 5.45438E-08 9.75055E-07 2.01170E-06 % lost data
7.04339E-02 7.04406E-02 7.05521E-02 7.06766E-02 % total
];

MAT_uco_MDENS = [
0.00000E+00 4.28532E-13 6.86925E-12 1.25887E-11 % H3
0.00000E+00 6.45410E-06 6.52173E-06 6.54217E-06 % Xe135
1.46278E+00 1.45950E+00 1.40550E+00 1.34741E+00 % U235
8.39511E+00 8.39423E+00 8.37907E+00 8.36168E+00 % U238
0.00000E+00 3.04683E-11 4.91624E-07 4.53343E-06 % Pu238
0.00000E+00 4.10035E-04 1.36615E-02 2.60197E-02 % Pu239
0.00000E+00 9.84503E-07 5.62937E-04 2.08343E-03 % Pu240
0.00000E+00 3.92194E-09 4.51889E-05 3.45441E-04 % Pu241
0.00000E+00 2.46817E-12 5.60655E-07 9.08365E-06 % Pu242
0.00000E+00 5.82000E-13 1.29709E-07 2.06570E-06 % Am241
0.00000E+00 6.55912E-21 6.57403E-14 2.39580E-12 % Am244
0.00000E+00 1.03601E-24 9.42514E-18 3.43578E-16 % Am245
0.00000E+00 0.00000E+00 0.00000E+00 0.00000E+00 % lost data
1.10000E+01 1.10000E+01 1.09993E+01 1.09986E+01 % total
];

MAT_uco_A = [
0.00000E+00 5.99806E+06 9.61472E+07 1.76200E+08 % H3
0.00000E+00 2.38591E+16 2.41091E+16 2.41847E+16 % Xe135
4.59679E+09 4.58649E+09 4.41681E+09 4.23426E+09 % U235
4.10433E+09 4.10390E+09 4.09649E+09 4.08799E+09 % U238
0.00000E+00 7.58892E+05 1.22451E+10 1.12917E+11 % Pu238
0.00000E+00 3.69938E+10 1.23255E+12 2.34752E+12 % Pu239
0.00000E+00 3.25039E+08 1.85857E+11 6.87856E+11 % Pu240
0.00000E+00 5.92054E+08 6.82170E+12 5.21477E+13 % Pu241
0.00000E+00 1.41392E+01 3.21178E+06 5.20368E+07 % Pu242
0.00000E+00 2.90212E+03 6.46791E+08 1.03005E+10 % Am241
0.00000E+00 1.21288E+01 1.21564E+08 4.43021E+09 % Am244
0.00000E+00 9.39990E-03 8.55164E+04 3.11736E+06 % Am245
0.00000E+00 0.00000E+00 0.00000E+00 0.00000E+00 % lost data
8.70112E+09 3.38982E+18 3.77037E+18 3.82653E+18 % total
];

MAT_uco_H = [
0.00000E+00 5.46806E-09 8.76515E-08 1.60631E-07 % H3
0.00000E+00 2.15094E+03 2.17348E+03 2.18029E+03 % Xe135
3.39715E-03 3.38954E-03 3.26414E-03 3.12923E-03 % U235
2.81136E-03 2.81107E-03 2.80599E-03 2.80017E-03 % U238
0.00000E+00 6.79501E-07 1.09641E-02 1.01104E-01 % Pu238
0.00000E+00 3.10654E-02 1.03503E+00 1.97132E+00 % Pu239
0.00000E+00 2.73459E-04 1.56364E-01 5.78701E-01 % Pu240
0.00000E+00 5.07973E-07 5.85290E-03 4.47418E-02 % Pu241
0.00000E+00 1.12861E-11 2.56368E-06 4.15363E-05 % Pu242
0.00000E+00 2.60199E-09 5.79901E-04 9.23526E-03 % Am241
0.00000E+00 2.15453E-12 2.15943E-05 7.86970E-04 % Am244
0.00000E+00 4.74256E-16 4.31459E-09 1.57281E-07 % Am245
0.00000E+00 0.00000E+00 0.00000E+00 0.00000E+00 % lost data
6.20851E-03 1.20419E+06 1.24034E+06 1.23563E+06 % total
];

MAT_uco_SF = [
0.00000E+00 0.00000E+00 0.00000E+00 0.00000E+00 % H3
0.00000E+00 0.00000E+00 0.00000E+00 0.00000E+00 % Xe135
3.30969E-01 3.30227E-01 3.18010E-01 3.04867E-01 % U235
2.24097E+05 2.24073E+05 2.23668E+05 2.23204E+05 % U238
0.00000E+00 1.41154E-03 2.27760E+01 2.10025E+02 % Pu238
0.00000E+00 1.14681E-01 3.82092E+00 7.27732E+00 % Pu239
0.00000E+00 1.85273E+01 1.05939E+04 3.92078E+04 % Pu240
0.00000E+00 0.00000E+00 0.00000E+00 0.00000E+00 % Pu241
0.00000E+00 7.77658E-05 1.76648E+01 2.86202E+02 % Pu242
0.00000E+00 1.24791E-08 2.78120E-03 4.42922E-02 % Am241
0.00000E+00 0.00000E+00 0.00000E+00 0.00000E+00 % Am244
0.00000E+00 0.00000E+00 0.00000E+00 0.00000E+00 % Am245
0.00000E+00 0.00000E+00 0.00000E+00 0.00000E+00 % lost data
2.24097E+05 2.24092E+05 2.35159E+05 2.90818E+05 % total
];

MAT_uco_ING_TOX = [
0.00000E+00 2.51919E-04 4.03818E-03 7.40042E-03 % H3
0.00000E+00 5.01042E+09 5.06292E+09 5.07878E+09 % Xe135
2.16049E+02 2.15565E+02 2.07590E+02 1.99010E+02 % U235
1.84695E+02 1.84676E+02 1.84342E+02 1.83960E+02 % U238
0.00000E+00 1.74545E-01 2.81638E+03 2.59709E+04 % Pu238
0.00000E+00 9.24846E+03 3.08139E+05 5.86881E+05 % Pu239
0.00000E+00 8.12599E+01 4.64643E+04 1.71964E+05 % Pu240
0.00000E+00 2.84186E+00 3.27442E+04 2.50309E+05 % Pu241
0.00000E+00 3.39342E-06 7.70827E-01 1.24888E+01 % Pu242
0.00000E+00 5.80424E-04 1.29358E+02 2.06010E+03 % Am241
0.00000E+00 5.57926E-09 5.59194E-02 2.03789E+00 % Am244
0.00000E+00 5.82794E-13 5.30202E-06 1.93276E-04 % Am245
0.00000E+00 0.00000E+00 0.00000E+00 0.00000E+00 % lost data
4.00744E+02 4.61939E+10 6.19201E+10 6.19369E+10 % total
];

MAT_uco_INH_TOX = [
0.00000E+00 1.55950E-03 2.49983E-02 4.58121E-02 % H3
0.00000E+00 2.62451E+09 2.65201E+09 2.66032E+09 % Xe135
3.90727E+04 3.89852E+04 3.75429E+04 3.59912E+04 % U235
3.28347E+04 3.28312E+04 3.27719E+04 3.27039E+04 % U238
0.00000E+00 8.34781E+01 1.34697E+06 1.24208E+07 % Pu238
0.00000E+00 4.43926E+06 1.47907E+08 2.81703E+08 % Pu239
0.00000E+00 3.90047E+04 2.23029E+07 8.25427E+07 % Pu240
0.00000E+00 1.36173E+03 1.56899E+07 1.19940E+08 % Pu241
0.00000E+00 1.55532E-03 3.53296E+02 5.72404E+03 % Pu242
0.00000E+00 2.78604E-01 6.20919E+04 9.88850E+05 % Am241
0.00000E+00 4.48767E-08 4.49787E-01 1.63918E+01 % Am244
0.00000E+00 5.26395E-13 4.78892E-06 1.74572E-04 % Am245
0.00000E+00 0.00000E+00 0.00000E+00 0.00000E+00 % lost data
7.19074E+04 4.46680E+10 5.98132E+10 6.17137E+10 % total
];

TOT_VOLUME = [ 3.93127E+04 3.93127E+04 3.93127E+04 3.93127E+04 ];

TOT_BURNUP = [ 0.00000E+00 2.58077E-01 4.59382E+00 9.44575E+00 ];

TOT_ADENS = [
0.00000E+00 8.55791E-14 1.37181E-12 2.51399E-12 % H3
0.00000E+00 2.88102E-08 2.91120E-08 2.92033E-08 % Xe135
3.74777E-03 3.73937E-03 3.60103E-03 3.45220E-03 % U235
2.12374E-02 2.12351E-02 2.11968E-02 2.11528E-02 % U238
0.00000E+00 7.70771E-14 1.24368E-09 1.14684E-08 % Pu238
0.00000E+00 1.03293E-06 3.44151E-05 6.55470E-05 % Pu239
0.00000E+00 2.46974E-09 1.41220E-06 5.22652E-06 % Pu240
0.00000E+00 9.79806E-12 1.12894E-07 8.63005E-07 % Pu241
0.00000E+00 6.14044E-15 1.39482E-09 2.25987E-08 % Pu242
0.00000E+00 1.45394E-15 3.24038E-10 5.16049E-09 % Am241
0.00000E+00 1.61840E-23 1.62207E-16 5.91140E-15 % Am244
0.00000E+00 2.54579E-27 2.31605E-20 8.44277E-19 % Am245
0.00000E+00 5.45438E-08 9.75055E-07 2.01170E-06 % lost data
7.04339E-02 7.04406E-02 7.05521E-02 7.06766E-02 % total
];

