
DET1001 = [
    1    1    1    1    1    1    1    1    1    1  5.26293E+18 0.00444 
    2    2    1    1    1    1    1    1    1    1  2.25058E+18 0.00490 
    3    3    1    1    1    1    1    1    1    1  3.73994E+17 0.00999 
];


DET1001E = [
 1.00000E-09  6.25000E-07  3.13000E-07
 6.25000E-07  1.00000E-01  5.00003E-02
 1.00000E-01  2.00000E+01  1.00500E+01
];

DET1002 = [
    1    1    1    1    1    1    1    1    1    1  1.20006E+17 0.00841 
    2    2    1    1    1    1    1    1    1    1  3.67447E+17 0.00493 
    3    3    1    1    1    1    1    1    1    1  1.99976E+17 0.00619 
];


DET1002E = [
 1.00000E-09  6.25000E-07  3.13000E-07
 6.25000E-07  1.00000E-01  5.00003E-02
 1.00000E-01  2.00000E+01  1.00500E+01
];
