
DET1001 = [
    1    1    1    1    1    1    1    1    1    1  4.24705E+18 0.00476 
    2    2    1    1    1    1    1    1    1    1  1.75615E+18 0.00625 
    3    3    1    1    1    1    1    1    1    1  1.63897E+17 0.01227 
];


DET1001E = [
 1.00000E-09  6.25000E-07  3.13000E-07
 6.25000E-07  1.00000E-01  5.00003E-02
 1.00000E-01  2.00000E+01  1.00500E+01
];

DET1002 = [
    1    1    1    1    1    1    1    1    1    1  1.16644E+17 0.00811 
    2    2    1    1    1    1    1    1    1    1  3.65098E+17 0.00487 
    3    3    1    1    1    1    1    1    1    1  1.74491E+17 0.00598 
];


DET1002E = [
 1.00000E-09  6.25000E-07  3.13000E-07
 6.25000E-07  1.00000E-01  5.00003E-02
 1.00000E-01  2.00000E+01  1.00500E+01
];
