
DET1001 = [
    1    1    1    1    1    1    1    1    1    1  4.19383E+18 0.00474 
    2    2    1    1    1    1    1    1    1    1  1.74256E+18 0.00600 
    3    3    1    1    1    1    1    1    1    1  1.58355E+17 0.01171 
];


DET1001E = [
 1.00000E-09  6.25000E-07  3.13000E-07
 6.25000E-07  1.00000E-01  5.00003E-02
 1.00000E-01  2.00000E+01  1.00500E+01
];

DET1002 = [
    1    1    1    1    1    1    1    1    1    1  1.15853E+17 0.00787 
    2    2    1    1    1    1    1    1    1    1  3.57669E+17 0.00520 
    3    3    1    1    1    1    1    1    1    1  1.69373E+17 0.00647 
];


DET1002E = [
 1.00000E-09  6.25000E-07  3.13000E-07
 6.25000E-07  1.00000E-01  5.00003E-02
 1.00000E-01  2.00000E+01  1.00500E+01
];
