
DET1001 = [
    1    1    1    1    1    1    1    1    1    1  4.29674E+18 0.00490 
    2    2    1    1    1    1    1    1    1    1  1.82417E+18 0.00603 
    3    3    1    1    1    1    1    1    1    1  1.67154E+17 0.01133 
];


DET1001E = [
 1.00000E-09  6.25000E-07  3.13000E-07
 6.25000E-07  1.00000E-01  5.00003E-02
 1.00000E-01  2.00000E+01  1.00500E+01
];

DET1002 = [
    1    1    1    1    1    1    1    1    1    1  1.14719E+17 0.00851 
    2    2    1    1    1    1    1    1    1    1  3.77851E+17 0.00484 
    3    3    1    1    1    1    1    1    1    1  1.75721E+17 0.00649 
];


DET1002E = [
 1.00000E-09  6.25000E-07  3.13000E-07
 6.25000E-07  1.00000E-01  5.00003E-02
 1.00000E-01  2.00000E+01  1.00500E+01
];
