
DET1001 = [
    1    1    1    1    1    1    1    1    1    1  3.77020E+18 0.00490 
    2    2    1    1    1    1    1    1    1    1  1.62253E+18 0.00576 
    3    3    1    1    1    1    1    1    1    1  1.47760E+17 0.01175 
];


DET1001E = [
 1.00000E-09  6.25000E-07  3.13000E-07
 6.25000E-07  1.00000E-01  5.00003E-02
 1.00000E-01  2.00000E+01  1.00500E+01
];

DET1002 = [
    1    1    1    1    1    1    1    1    1    1  9.03359E+16 0.00898 
    2    2    1    1    1    1    1    1    1    1  3.36186E+17 0.00464 
    3    3    1    1    1    1    1    1    1    1  1.62661E+17 0.00624 
];


DET1002E = [
 1.00000E-09  6.25000E-07  3.13000E-07
 6.25000E-07  1.00000E-01  5.00003E-02
 1.00000E-01  2.00000E+01  1.00500E+01
];
