
DET1001 = [
    1    1    1    1    1    1    1    1    1    1  3.84750E+18 0.00487 
    2    2    1    1    1    1    1    1    1    1  1.67549E+18 0.00570 
    3    3    1    1    1    1    1    1    1    1  1.54690E+17 0.01152 
];


DET1001E = [
 1.00000E-09  6.25000E-07  3.13000E-07
 6.25000E-07  1.00000E-01  5.00003E-02
 1.00000E-01  2.00000E+01  1.00500E+01
];

DET1002 = [
    1    1    1    1    1    1    1    1    1    1  9.06221E+16 0.00920 
    2    2    1    1    1    1    1    1    1    1  3.41002E+17 0.00494 
    3    3    1    1    1    1    1    1    1    1  1.65540E+17 0.00658 
];


DET1002E = [
 1.00000E-09  6.25000E-07  3.13000E-07
 6.25000E-07  1.00000E-01  5.00003E-02
 1.00000E-01  2.00000E+01  1.00500E+01
];
