
DET1001 = [
    1    1    1    1    1    1    1    1    1    1  3.69197E+18 0.00499 
    2    2    1    1    1    1    1    1    1    1  1.59382E+18 0.00619 
    3    3    1    1    1    1    1    1    1    1  1.48605E+17 0.01172 
];


DET1001E = [
 1.00000E-09  6.25000E-07  3.13000E-07
 6.25000E-07  1.00000E-01  5.00003E-02
 1.00000E-01  2.00000E+01  1.00500E+01
];

DET1002 = [
    1    1    1    1    1    1    1    1    1    1  9.17506E+16 0.00896 
    2    2    1    1    1    1    1    1    1    1  3.29398E+17 0.00500 
    3    3    1    1    1    1    1    1    1    1  1.58902E+17 0.00696 
];


DET1002E = [
 1.00000E-09  6.25000E-07  3.13000E-07
 6.25000E-07  1.00000E-01  5.00003E-02
 1.00000E-01  2.00000E+01  1.00500E+01
];
