
DET1001 = [
    1    1    1    1    1    1    1    1    1    1  3.87114E+18 0.00493 
    2    2    1    1    1    1    1    1    1    1  1.67972E+18 0.00648 
    3    3    1    1    1    1    1    1    1    1  1.55611E+17 0.01228 
];


DET1001E = [
 1.00000E-09  6.25000E-07  3.13000E-07
 6.25000E-07  1.00000E-01  5.00003E-02
 1.00000E-01  2.00000E+01  1.00500E+01
];

DET1002 = [
    1    1    1    1    1    1    1    1    1    1  9.06110E+16 0.00939 
    2    2    1    1    1    1    1    1    1    1  3.55085E+17 0.00507 
    3    3    1    1    1    1    1    1    1    1  1.70617E+17 0.00662 
];


DET1002E = [
 1.00000E-09  6.25000E-07  3.13000E-07
 6.25000E-07  1.00000E-01  5.00003E-02
 1.00000E-01  2.00000E+01  1.00500E+01
];
