
ZAI = [
10030
541350
922350
922380
942380
942390
942400
942410
942420
952410
952440
952450
666
0
];

NAMES = [
'H3              '
'Xe135           '
'U235            '
'U238            '
'Pu238           '
'Pu239           '
'Pu240           '
'Pu241           '
'Pu242           '
'Am241           '
'Am244           '
'Am245           '
'lost            '
'total           '
];

i10030  = 1; iH3               = 1;
i541350 = 2; iXe135            = 2;
i922350 = 3; iU235             = 3;
i922380 = 4; iU238             = 4;
i942380 = 5; iPu238            = 5;
i942390 = 6; iPu239            = 6;
i942400 = 7; iPu240            = 7;
i942410 = 8; iPu241            = 8;
i942420 = 9; iPu242            = 9;
i952410 = 10; iAm241            = 10;
i952440 = 11; iAm244            = 11;
i952450 = 12; iAm245            = 12;
iLOST    = 13;
iTOT     = 14;

MAT_uco_VOLUME = [ 1.49548E+04 1.49548E+04 1.49548E+04 1.49548E+04 ];

MAT_uco_BURNUP = [ 0.00000E+00 6.78416E-01 1.20757E+01 2.48298E+01 ];

MAT_uco_ADENS = [
0.00000E+00 1.14627E-13 1.55554E-12 2.44988E-12 % H3
0.00000E+00 4.12955E-08 4.08393E-08 3.93406E-08 % Xe135
3.74777E-03 3.72612E-03 3.37572E-03 3.00955E-03 % U235
2.12374E-02 2.12329E-02 2.11555E-02 2.10647E-02 % U238
0.00000E+00 2.24760E-13 7.52963E-09 7.46203E-08 % Pu238
0.00000E+00 2.05708E-06 5.89519E-05 9.61424E-05 % Pu239
0.00000E+00 1.18863E-08 6.40195E-06 2.06810E-05 % Pu240
0.00000E+00 7.54602E-11 8.10110E-07 5.26551E-06 % Pu241
0.00000E+00 1.18132E-13 2.66339E-08 3.90881E-07 % Pu242
0.00000E+00 1.10055E-14 2.30700E-09 3.05848E-08 % Am241
0.00000E+00 6.80904E-22 7.50203E-15 2.58243E-13 % Am244
0.00000E+00 2.52867E-25 2.54920E-18 9.08620E-17 % Am245
0.00000E+00 1.43303E-07 2.57291E-06 5.31571E-06 % lost data
7.04339E-02 7.04514E-02 7.07447E-02 7.10717E-02 % total
];

MAT_uco_MDENS = [
0.00000E+00 5.73989E-13 7.78925E-12 1.22676E-11 % H3
0.00000E+00 9.25110E-06 9.14890E-06 8.81315E-06 % Xe135
1.46278E+00 1.45433E+00 1.31757E+00 1.17465E+00 % U235
8.39511E+00 8.39335E+00 8.36273E+00 8.32686E+00 % U238
0.00000E+00 8.88469E-11 2.97644E-06 2.94972E-05 % Pu238
0.00000E+00 8.16583E-04 2.34017E-02 3.81649E-02 % Pu239
0.00000E+00 4.73819E-06 2.55198E-03 8.24397E-03 % Pu240
0.00000E+00 3.02050E-08 3.24269E-04 2.10766E-03 % Pu241
0.00000E+00 4.74837E-11 1.07056E-05 1.57116E-04 % Pu242
0.00000E+00 4.40542E-12 9.23472E-07 1.22428E-05 % Am241
0.00000E+00 2.75960E-19 3.04046E-12 1.04662E-10 % Am244
0.00000E+00 1.02904E-22 1.03739E-15 3.69762E-14 % Am245
0.00000E+00 0.00000E+00 0.00000E+00 0.00000E+00 % lost data
1.10000E+01 1.09999E+01 1.09982E+01 1.09964E+01 % total
];

MAT_uco_A = [
0.00000E+00 3.05617E+06 4.14735E+07 6.53183E+07 % H3
0.00000E+00 1.30095E+16 1.28657E+16 1.23936E+16 % Xe135
1.74864E+09 1.73854E+09 1.57506E+09 1.40421E+09 % U235
1.56131E+09 1.56098E+09 1.55529E+09 1.54862E+09 % U238
0.00000E+00 8.41822E+05 2.82017E+10 2.79485E+11 % Pu238
0.00000E+00 2.80256E+10 8.03160E+11 1.30984E+12 % Pu239
0.00000E+00 5.95084E+08 3.20512E+11 1.03539E+12 % Pu240
0.00000E+00 1.73455E+09 1.86214E+13 1.21034E+14 % Pu241
0.00000E+00 1.03476E+02 2.33296E+07 3.42388E+08 % Pu242
0.00000E+00 8.35654E+03 1.75171E+09 2.32231E+10 % Am241
0.00000E+00 1.94118E+02 2.13875E+09 7.36223E+10 % Am244
0.00000E+00 3.55174E-01 3.58056E+06 1.27624E+08 % Am245
0.00000E+00 0.00000E+00 0.00000E+00 0.00000E+00 % lost data
3.30996E+09 3.29017E+18 3.60920E+18 3.63074E+18 % total
];

MAT_uco_H = [
0.00000E+00 2.78613E-09 3.78088E-08 5.95467E-08 % H3
0.00000E+00 1.17282E+03 1.15987E+03 1.11730E+03 % Xe135
1.29229E-03 1.28483E-03 1.16401E-03 1.03775E-03 % U235
1.06946E-03 1.06923E-03 1.06533E-03 1.06076E-03 % U238
0.00000E+00 7.53756E-07 2.52514E-02 2.50247E-01 % Pu238
0.00000E+00 2.35344E-02 6.74449E-01 1.09993E+00 % Pu239
0.00000E+00 5.00651E-04 2.69650E-01 8.71082E-01 % Pu240
0.00000E+00 1.48821E-06 1.59769E-02 1.03845E-01 % Pu241
0.00000E+00 8.25960E-11 1.86220E-05 2.73297E-04 % Pu242
0.00000E+00 7.49232E-09 1.57055E-03 2.08214E-02 % Am241
0.00000E+00 3.44827E-11 3.79922E-04 1.30781E-02 % Am244
0.00000E+00 1.79197E-14 1.80651E-07 6.43903E-06 % Am245
0.00000E+00 0.00000E+00 0.00000E+00 0.00000E+00 % lost data
2.36175E-03 1.19487E+06 1.20694E+06 1.18595E+06 % total
];

MAT_uco_SF = [
0.00000E+00 0.00000E+00 0.00000E+00 0.00000E+00 % H3
0.00000E+00 0.00000E+00 0.00000E+00 0.00000E+00 % Xe135
1.25902E-01 1.25175E-01 1.13404E-01 1.01103E-01 % U235
8.52476E+04 8.52297E+04 8.49188E+04 8.45546E+04 % U238
0.00000E+00 1.56579E-03 5.24551E+01 5.19842E+02 % Pu238
0.00000E+00 8.68795E-02 2.48980E+00 4.06051E+00 % Pu239
0.00000E+00 3.39198E+01 1.82692E+04 5.90170E+04 % Pu240
0.00000E+00 0.00000E+00 0.00000E+00 0.00000E+00 % Pu241
0.00000E+00 5.69120E-04 1.28313E+02 1.88313E+03 % Pu242
0.00000E+00 3.59331E-08 7.53237E-03 9.98592E-02 % Am241
0.00000E+00 0.00000E+00 0.00000E+00 0.00000E+00 % Am244
0.00000E+00 0.00000E+00 0.00000E+00 0.00000E+00 % Am245
0.00000E+00 0.00000E+00 0.00000E+00 0.00000E+00 % lost data
8.52477E+04 8.52639E+04 1.08933E+05 3.09338E+05 % total
];

MAT_uco_ING_TOX = [
0.00000E+00 1.28359E-04 1.74189E-03 2.74337E-03 % H3
0.00000E+00 2.73199E+09 2.70180E+09 2.60265E+09 % Xe135
8.21863E+01 8.17116E+01 7.40276E+01 6.59977E+01 % U235
7.02590E+01 7.02443E+01 6.99880E+01 6.96878E+01 % U238
0.00000E+00 1.93619E-01 6.48639E+03 6.42815E+04 % Pu238
0.00000E+00 7.00641E+03 2.00790E+05 3.27460E+05 % Pu239
0.00000E+00 1.48771E+02 8.01279E+04 2.58847E+05 % Pu240
0.00000E+00 8.32583E+00 8.93827E+04 5.80965E+05 % Pu241
0.00000E+00 2.48343E-05 5.59911E+00 8.21730E+01 % Pu242
0.00000E+00 1.67131E-03 3.50343E+02 4.64462E+03 % Am241
0.00000E+00 8.92945E-08 9.83824E-01 3.38662E+01 % Am244
0.00000E+00 2.20208E-11 2.21995E-04 7.91266E-03 % Am245
0.00000E+00 0.00000E+00 0.00000E+00 0.00000E+00 % lost data
1.52445E+02 4.38066E+10 5.87051E+10 5.79934E+10 % total
];

MAT_uco_INH_TOX = [
0.00000E+00 7.94605E-04 1.07831E-02 1.69828E-02 % H3
0.00000E+00 1.43104E+09 1.41523E+09 1.36329E+09 % Xe135
1.48635E+04 1.47776E+04 1.33880E+04 1.19358E+04 % U235
1.24905E+04 1.24879E+04 1.24423E+04 1.23889E+04 % U238
0.00000E+00 9.26004E+01 3.10219E+06 3.07433E+07 % Pu238
0.00000E+00 3.36308E+06 9.63792E+07 1.57181E+08 % Pu239
0.00000E+00 7.14101E+04 3.84614E+07 1.24246E+08 % Pu240
0.00000E+00 3.98946E+03 4.28292E+07 2.78379E+08 % Pu241
0.00000E+00 1.13824E-02 2.56626E+03 3.76626E+04 % Pu242
0.00000E+00 8.02227E-01 1.68164E+05 2.22942E+06 % Am241
0.00000E+00 7.18238E-07 7.91337E+00 2.72402E+02 % Am244
0.00000E+00 1.98897E-11 2.00512E-04 7.14692E-03 % Am245
0.00000E+00 0.00000E+00 0.00000E+00 0.00000E+00 % lost data
2.73540E+04 4.33270E+10 5.78141E+10 5.92133E+10 % total
];

TOT_VOLUME = [ 1.49548E+04 1.49548E+04 1.49548E+04 1.49548E+04 ];

TOT_BURNUP = [ 0.00000E+00 6.78416E-01 1.20757E+01 2.48298E+01 ];

TOT_ADENS = [
0.00000E+00 1.14627E-13 1.55554E-12 2.44988E-12 % H3
0.00000E+00 4.12955E-08 4.08393E-08 3.93406E-08 % Xe135
3.74777E-03 3.72612E-03 3.37572E-03 3.00955E-03 % U235
2.12374E-02 2.12329E-02 2.11555E-02 2.10647E-02 % U238
0.00000E+00 2.24760E-13 7.52963E-09 7.46203E-08 % Pu238
0.00000E+00 2.05708E-06 5.89519E-05 9.61424E-05 % Pu239
0.00000E+00 1.18863E-08 6.40195E-06 2.06810E-05 % Pu240
0.00000E+00 7.54602E-11 8.10110E-07 5.26551E-06 % Pu241
0.00000E+00 1.18132E-13 2.66339E-08 3.90881E-07 % Pu242
0.00000E+00 1.10055E-14 2.30700E-09 3.05848E-08 % Am241
0.00000E+00 6.80904E-22 7.50203E-15 2.58243E-13 % Am244
0.00000E+00 2.52867E-25 2.54920E-18 9.08620E-17 % Am245
0.00000E+00 1.43303E-07 2.57291E-06 5.31571E-06 % lost data
7.04339E-02 7.04514E-02 7.07447E-02 7.10717E-02 % total
];

