
DET1001 = [
    1    1    1    1    1    1    1    1    1    1  6.18783E+18 0.00464 
    2    2    1    1    1    1    1    1    1    1  1.94066E+18 0.00595 
    3    3    1    1    1    1    1    1    1    1  1.74869E+17 0.01139 
];


DET1001E = [
 1.00000E-09  6.25000E-07  3.13000E-07
 6.25000E-07  1.00000E-01  5.00003E-02
 1.00000E-01  2.00000E+01  1.00500E+01
];

DET1002 = [
    1    1    1    1    1    1    1    1    1    1  3.07024E+17 0.00564 
    2    2    1    1    1    1    1    1    1    1  4.65188E+17 0.00445 
    3    3    1    1    1    1    1    1    1    1  2.06459E+17 0.00607 
];


DET1002E = [
 1.00000E-09  6.25000E-07  3.13000E-07
 6.25000E-07  1.00000E-01  5.00003E-02
 1.00000E-01  2.00000E+01  1.00500E+01
];
