
DET1001 = [
    1    1    1    1    1    1    1    1    1    1  5.96039E+18 0.00432 
    2    2    1    1    1    1    1    1    1    1  1.88421E+18 0.00607 
    3    3    1    1    1    1    1    1    1    1  1.69789E+17 0.01185 
];


DET1001E = [
 1.00000E-09  6.25000E-07  3.13000E-07
 6.25000E-07  1.00000E-01  5.00003E-02
 1.00000E-01  2.00000E+01  1.00500E+01
];

DET1002 = [
    1    1    1    1    1    1    1    1    1    1  3.00082E+17 0.00564 
    2    2    1    1    1    1    1    1    1    1  4.46457E+17 0.00459 
    3    3    1    1    1    1    1    1    1    1  1.95969E+17 0.00637 
];


DET1002E = [
 1.00000E-09  6.25000E-07  3.13000E-07
 6.25000E-07  1.00000E-01  5.00003E-02
 1.00000E-01  2.00000E+01  1.00500E+01
];
