
DET1001 = [
    1    1    1    1    1    1    1    1    1    1  6.39411E+18 0.00420 
    2    2    1    1    1    1    1    1    1    1  1.97701E+18 0.00619 
    3    3    1    1    1    1    1    1    1    1  1.78323E+17 0.01251 
];


DET1001E = [
 1.00000E-09  6.25000E-07  3.13000E-07
 6.25000E-07  1.00000E-01  5.00003E-02
 1.00000E-01  2.00000E+01  1.00500E+01
];

DET1002 = [
    1    1    1    1    1    1    1    1    1    1  3.25405E+17 0.00570 
    2    2    1    1    1    1    1    1    1    1  4.90937E+17 0.00454 
    3    3    1    1    1    1    1    1    1    1  2.21160E+17 0.00647 
];


DET1002E = [
 1.00000E-09  6.25000E-07  3.13000E-07
 6.25000E-07  1.00000E-01  5.00003E-02
 1.00000E-01  2.00000E+01  1.00500E+01
];
