
DET1001 = [
    1    1    1    1    1    1    1    1    1    1  5.85791E+18 0.00426 
    2    2    1    1    1    1    1    1    1    1  1.82080E+18 0.00608 
    3    3    1    1    1    1    1    1    1    1  1.62579E+17 0.01200 
];


DET1001E = [
 1.00000E-09  6.25000E-07  3.13000E-07
 6.25000E-07  1.00000E-01  5.00003E-02
 1.00000E-01  2.00000E+01  1.00500E+01
];

DET1002 = [
    1    1    1    1    1    1    1    1    1    1  3.01494E+17 0.00567 
    2    2    1    1    1    1    1    1    1    1  4.29504E+17 0.00470 
    3    3    1    1    1    1    1    1    1    1  1.90961E+17 0.00575 
];


DET1002E = [
 1.00000E-09  6.25000E-07  3.13000E-07
 6.25000E-07  1.00000E-01  5.00003E-02
 1.00000E-01  2.00000E+01  1.00500E+01
];
