
DET1001 = [
    1    1    1    1    1    1    1    1    1    1  5.62607E+18 0.00468 
    2    2    1    1    1    1    1    1    1    1  2.03654E+18 0.00588 
    3    3    1    1    1    1    1    1    1    1  2.10751E+17 0.01104 
];


DET1001E = [
 1.00000E-09  6.25000E-07  3.13000E-07
 6.25000E-07  1.00000E-01  5.00003E-02
 1.00000E-01  2.00000E+01  1.00500E+01
];

DET1002 = [
    1    1    1    1    1    1    1    1    1    1  1.94011E+17 0.00656 
    2    2    1    1    1    1    1    1    1    1  4.23995E+17 0.00484 
    3    3    1    1    1    1    1    1    1    1  1.99441E+17 0.00629 
];


DET1002E = [
 1.00000E-09  6.25000E-07  3.13000E-07
 6.25000E-07  1.00000E-01  5.00003E-02
 1.00000E-01  2.00000E+01  1.00500E+01
];
