
DET1001 = [
    1    1    1    1    1    1    1    1    1    1  5.53825E+18 0.00436 
    2    2    1    1    1    1    1    1    1    1  2.00780E+18 0.00600 
    3    3    1    1    1    1    1    1    1    1  2.05035E+17 0.01150 
];


DET1001E = [
 1.00000E-09  6.25000E-07  3.13000E-07
 6.25000E-07  1.00000E-01  5.00003E-02
 1.00000E-01  2.00000E+01  1.00500E+01
];

DET1002 = [
    1    1    1    1    1    1    1    1    1    1  1.91703E+17 0.00695 
    2    2    1    1    1    1    1    1    1    1  4.13154E+17 0.00504 
    3    3    1    1    1    1    1    1    1    1  1.93415E+17 0.00588 
];


DET1002E = [
 1.00000E-09  6.25000E-07  3.13000E-07
 6.25000E-07  1.00000E-01  5.00003E-02
 1.00000E-01  2.00000E+01  1.00500E+01
];
