
ZAI = [
10030
541350
922350
922380
942380
942390
942400
942410
942420
952410
952440
952450
666
0
];

NAMES = [
'H3              '
'Xe135           '
'U235            '
'U238            '
'Pu238           '
'Pu239           '
'Pu240           '
'Pu241           '
'Pu242           '
'Am241           '
'Am244           '
'Am245           '
'lost            '
'total           '
];

i10030  = 1; iH3               = 1;
i541350 = 2; iXe135            = 2;
i922350 = 3; iU235             = 3;
i922380 = 4; iU238             = 4;
i942380 = 5; iPu238            = 5;
i942390 = 6; iPu239            = 6;
i942400 = 7; iPu240            = 7;
i942410 = 8; iPu241            = 8;
i942420 = 9; iPu242            = 9;
i952410 = 10; iAm241            = 10;
i952440 = 11; iAm244            = 11;
i952450 = 12; iAm245            = 12;
iLOST    = 13;
iTOT     = 14;

MAT_uco_VOLUME = [ 2.32244E+04 2.32244E+04 2.32244E+04 2.32244E+04 ];

MAT_uco_BURNUP = [ 0.00000E+00 4.36862E-01 7.77614E+00 1.59891E+01 ];

MAT_uco_ADENS = [
0.00000E+00 8.53295E-14 1.31365E-12 2.35875E-12 % H3
0.00000E+00 3.91682E-08 3.91808E-08 3.88074E-08 % Xe135
4.31104E-03 4.29696E-03 4.06582E-03 3.81816E-03 % U235
2.06805E-02 2.06776E-02 2.06273E-02 2.05693E-02 % U238
0.00000E+00 9.75149E-14 2.52599E-09 2.44231E-08 % Pu238
0.00000E+00 1.35158E-06 4.31064E-05 7.81612E-05 % Pu239
0.00000E+00 4.53270E-09 2.61555E-06 9.35872E-06 % Pu240
0.00000E+00 2.06650E-11 2.40316E-07 1.76667E-06 % Pu241
0.00000E+00 1.83574E-14 4.30700E-09 6.86858E-08 % Pu242
0.00000E+00 3.03731E-15 6.87834E-10 1.04676E-08 % Am241
0.00000E+00 5.88950E-23 6.30843E-16 2.30792E-14 % Am244
0.00000E+00 1.26664E-26 1.23015E-19 4.56654E-18 % Am245
0.00000E+00 9.23009E-08 1.65081E-06 3.40658E-06 % lost data
7.04520E-02 7.04632E-02 7.06519E-02 7.08627E-02 % total
];

MAT_uco_MDENS = [
0.00000E+00 4.27282E-13 6.57801E-12 1.18113E-11 % H3
0.00000E+00 8.77454E-06 8.77736E-06 8.69370E-06 % Xe135
1.68262E+00 1.67713E+00 1.58691E+00 1.49025E+00 % U235
8.17497E+00 8.17382E+00 8.15394E+00 8.13101E+00 % U238
0.00000E+00 3.85473E-11 9.98514E-07 9.65439E-06 % Pu238
0.00000E+00 5.36524E-04 1.71116E-02 3.10270E-02 % Pu239
0.00000E+00 1.80685E-06 1.04263E-03 3.73063E-03 % Pu240
0.00000E+00 8.27173E-09 9.61929E-05 7.07157E-04 % Pu241
0.00000E+00 7.37883E-12 1.73122E-06 2.76085E-05 % Pu242
0.00000E+00 1.21581E-12 2.75334E-07 4.19008E-06 % Am241
0.00000E+00 2.38693E-20 2.55671E-13 9.35366E-12 % Am244
0.00000E+00 5.15457E-24 5.00609E-17 1.85835E-15 % Am245
0.00000E+00 0.00000E+00 0.00000E+00 0.00000E+00 % lost data
1.10000E+01 1.09999E+01 1.09989E+01 1.09977E+01 % total
];

MAT_uco_A = [
0.00000E+00 3.53309E+06 5.43920E+07 9.76647E+07 % H3
0.00000E+00 1.91627E+16 1.91688E+16 1.89861E+16 % Xe135
3.12375E+09 3.11356E+09 2.94607E+09 2.76662E+09 % U235
2.36110E+09 2.36077E+09 2.35503E+09 2.34841E+09 % U238
0.00000E+00 5.67202E+05 1.46926E+10 1.42059E+11 % Pu238
0.00000E+00 2.85963E+10 9.12034E+11 1.65372E+12 % Pu239
0.00000E+00 3.52415E+08 2.03358E+11 7.27636E+11 % Pu240
0.00000E+00 7.37684E+08 8.57860E+12 6.30651E+13 % Pu241
0.00000E+00 2.49718E+01 5.85887E+06 9.34342E+07 % Pu242
0.00000E+00 3.58154E+03 8.11082E+08 1.23432E+10 % Am241
0.00000E+00 2.60751E+01 2.79298E+08 1.02180E+10 % Am244
0.00000E+00 2.76291E-02 2.68332E+05 9.96097E+06 % Am245
0.00000E+00 0.00000E+00 0.00000E+00 0.00000E+00 % lost data
5.48486E+09 3.30299E+18 3.65144E+18 3.69862E+18 % total
];

MAT_uco_H = [
0.00000E+00 3.22090E-09 4.95858E-08 8.90349E-08 % H3
0.00000E+00 1.72754E+03 1.72810E+03 1.71163E+03 % Xe135
2.30854E-03 2.30100E-03 2.17723E-03 2.04461E-03 % U235
1.61730E-03 1.61707E-03 1.61313E-03 1.60860E-03 % U238
0.00000E+00 5.07865E-07 1.31555E-02 1.27198E-01 % Pu238
0.00000E+00 2.40136E-02 7.65876E-01 1.38870E+00 % Pu239
0.00000E+00 2.96490E-04 1.71087E-01 6.12167E-01 % Pu240
0.00000E+00 6.32920E-07 7.36029E-03 5.41088E-02 % Pu241
0.00000E+00 1.99328E-11 4.67662E-06 7.45802E-05 % Pu242
0.00000E+00 3.21114E-09 7.27201E-04 1.10667E-02 % Am241
0.00000E+00 4.63191E-12 4.96138E-05 1.81511E-03 % Am244
0.00000E+00 1.39398E-15 1.35383E-08 5.02564E-07 % Am245
0.00000E+00 0.00000E+00 0.00000E+00 0.00000E+00 % lost data
3.92583E-03 1.19692E+06 1.22385E+06 1.21576E+06 % total
];

MAT_uco_SF = [
0.00000E+00 0.00000E+00 0.00000E+00 0.00000E+00 % H3
0.00000E+00 0.00000E+00 0.00000E+00 0.00000E+00 % Xe135
2.24910E-01 2.24176E-01 2.12117E-01 1.99197E-01 % U235
1.28916E+05 1.28898E+05 1.28585E+05 1.28223E+05 % U238
0.00000E+00 1.05500E-03 2.73282E+01 2.64230E+02 % Pu238
0.00000E+00 8.86487E-02 2.82731E+00 5.12652E+00 % Pu239
0.00000E+00 2.00876E+01 1.15914E+04 4.14752E+04 % Pu240
0.00000E+00 0.00000E+00 0.00000E+00 0.00000E+00 % Pu241
0.00000E+00 1.37345E-04 3.22238E+01 5.13888E+02 % Pu242
0.00000E+00 1.54006E-08 3.48765E-03 5.30758E-02 % Am241
0.00000E+00 0.00000E+00 0.00000E+00 0.00000E+00 % Am244
0.00000E+00 0.00000E+00 0.00000E+00 0.00000E+00 % Am245
0.00000E+00 0.00000E+00 0.00000E+00 0.00000E+00 % lost data
1.28917E+05 1.28919E+05 1.41706E+05 2.17494E+05 % total
];

MAT_uco_ING_TOX = [
0.00000E+00 1.48390E-04 2.28446E-03 4.10192E-03 % H3
0.00000E+00 4.02416E+09 4.02545E+09 3.98709E+09 % Xe135
1.46816E+02 1.46337E+02 1.38465E+02 1.30031E+02 % U235
1.06250E+02 1.06235E+02 1.05976E+02 1.05678E+02 % U238
0.00000E+00 1.30457E-01 3.37929E+03 3.26736E+04 % Pu238
0.00000E+00 7.14909E+03 2.28009E+05 4.13429E+05 % Pu239
0.00000E+00 8.81037E+01 5.08394E+04 1.81909E+05 % Pu240
0.00000E+00 3.54088E+00 4.11773E+04 3.02713E+05 % Pu241
0.00000E+00 5.99323E-06 1.40613E+00 2.24242E+01 % Pu242
0.00000E+00 7.16308E-04 1.62216E+02 2.46864E+03 % Am241
0.00000E+00 1.19945E-08 1.28477E-01 4.70030E+00 % Am244
0.00000E+00 1.71300E-12 1.66366E-05 6.17580E-04 % Am245
0.00000E+00 0.00000E+00 0.00000E+00 0.00000E+00 % lost data
2.53066E+02 4.51357E+10 6.04633E+10 6.02850E+10 % total
];

MAT_uco_INH_TOX = [
0.00000E+00 9.18604E-04 1.41419E-02 2.53928E-02 % H3
0.00000E+00 2.10789E+09 2.10857E+09 2.08847E+09 % Xe135
2.65519E+04 2.64652E+04 2.50416E+04 2.35163E+04 % U235
1.88888E+04 1.88862E+04 1.88402E+04 1.87873E+04 % U238
0.00000E+00 6.23923E+01 1.61618E+06 1.56265E+07 % Pu238
0.00000E+00 3.43156E+06 1.09444E+08 1.98446E+08 % Pu239
0.00000E+00 4.22898E+04 2.44029E+07 8.73163E+07 % Pu240
0.00000E+00 1.69667E+03 1.97308E+07 1.45050E+08 % Pu241
0.00000E+00 2.74690E-03 6.44476E+02 1.02778E+04 % Pu242
0.00000E+00 3.43828E-01 7.78639E+04 1.18495E+06 % Am241
0.00000E+00 9.64777E-08 1.03340E+00 3.78067E+01 % Am244
0.00000E+00 1.54723E-12 1.50266E-05 5.57815E-04 % Am245
0.00000E+00 0.00000E+00 0.00000E+00 0.00000E+00 % lost data
4.54407E+04 4.40454E+10 5.88084E+10 6.05310E+10 % total
];

TOT_VOLUME = [ 2.32244E+04 2.32244E+04 2.32244E+04 2.32244E+04 ];

TOT_BURNUP = [ 0.00000E+00 4.36862E-01 7.77614E+00 1.59891E+01 ];

TOT_ADENS = [
0.00000E+00 8.53295E-14 1.31365E-12 2.35875E-12 % H3
0.00000E+00 3.91682E-08 3.91808E-08 3.88074E-08 % Xe135
4.31104E-03 4.29696E-03 4.06582E-03 3.81816E-03 % U235
2.06805E-02 2.06776E-02 2.06273E-02 2.05693E-02 % U238
0.00000E+00 9.75149E-14 2.52599E-09 2.44231E-08 % Pu238
0.00000E+00 1.35158E-06 4.31064E-05 7.81612E-05 % Pu239
0.00000E+00 4.53270E-09 2.61555E-06 9.35872E-06 % Pu240
0.00000E+00 2.06650E-11 2.40316E-07 1.76667E-06 % Pu241
0.00000E+00 1.83574E-14 4.30700E-09 6.86858E-08 % Pu242
0.00000E+00 3.03731E-15 6.87834E-10 1.04676E-08 % Am241
0.00000E+00 5.88950E-23 6.30843E-16 2.30792E-14 % Am244
0.00000E+00 1.26664E-26 1.23015E-19 4.56654E-18 % Am245
0.00000E+00 9.23009E-08 1.65081E-06 3.40658E-06 % lost data
7.04520E-02 7.04632E-02 7.06519E-02 7.08627E-02 % total
];

