
DET1001 = [
    1    1    1    1    1    1    1    1    1    1  5.35065E+18 0.00461 
    2    2    1    1    1    1    1    1    1    1  1.92739E+18 0.00572 
    3    3    1    1    1    1    1    1    1    1  1.94820E+17 0.01114 
];


DET1001E = [
 1.00000E-09  6.25000E-07  3.13000E-07
 6.25000E-07  1.00000E-01  5.00003E-02
 1.00000E-01  2.00000E+01  1.00500E+01
];

DET1002 = [
    1    1    1    1    1    1    1    1    1    1  1.89093E+17 0.00672 
    2    2    1    1    1    1    1    1    1    1  3.88080E+17 0.00480 
    3    3    1    1    1    1    1    1    1    1  1.79305E+17 0.00636 
];


DET1002E = [
 1.00000E-09  6.25000E-07  3.13000E-07
 6.25000E-07  1.00000E-01  5.00003E-02
 1.00000E-01  2.00000E+01  1.00500E+01
];
