
DET1001 = [
    1    1    1    1    1    1    1    1    1    1  5.86656E+18 0.00419 
    2    2    1    1    1    1    1    1    1    1  2.22354E+18 0.00497 
    3    3    1    1    1    1    1    1    1    1  3.66023E+17 0.01005 
];


DET1001E = [
 1.00000E-09  6.25000E-07  3.13000E-07
 6.25000E-07  1.00000E-01  5.00003E-02
 1.00000E-01  2.00000E+01  1.00500E+01
];

DET1002 = [
    1    1    1    1    1    1    1    1    1    1  1.81568E+17 0.00685 
    2    2    1    1    1    1    1    1    1    1  4.02093E+17 0.00501 
    3    3    1    1    1    1    1    1    1    1  2.14303E+17 0.00637 
];


DET1002E = [
 1.00000E-09  6.25000E-07  3.13000E-07
 6.25000E-07  1.00000E-01  5.00003E-02
 1.00000E-01  2.00000E+01  1.00500E+01
];
