
DET1001 = [
    1    1    1    1    1    1    1    1    1    1  5.68486E+18 0.00415 
    2    2    1    1    1    1    1    1    1    1  2.11434E+18 0.00505 
    3    3    1    1    1    1    1    1    1    1  3.55997E+17 0.00968 
];


DET1001E = [
 1.00000E-09  6.25000E-07  3.13000E-07
 6.25000E-07  1.00000E-01  5.00003E-02
 1.00000E-01  2.00000E+01  1.00500E+01
];

DET1002 = [
    1    1    1    1    1    1    1    1    1    1  1.79787E+17 0.00713 
    2    2    1    1    1    1    1    1    1    1  3.77097E+17 0.00497 
    3    3    1    1    1    1    1    1    1    1  1.99844E+17 0.00595 
];


DET1002E = [
 1.00000E-09  6.25000E-07  3.13000E-07
 6.25000E-07  1.00000E-01  5.00003E-02
 1.00000E-01  2.00000E+01  1.00500E+01
];
