
DET1001 = [
    1    1    1    1    1    1    1    1    1    1  5.78522E+18 0.00429 
    2    2    1    1    1    1    1    1    1    1  2.14973E+18 0.00510 
    3    3    1    1    1    1    1    1    1    1  3.54382E+17 0.00963 
];


DET1001E = [
 1.00000E-09  6.25000E-07  3.13000E-07
 6.25000E-07  1.00000E-01  5.00003E-02
 1.00000E-01  2.00000E+01  1.00500E+01
];

DET1002 = [
    1    1    1    1    1    1    1    1    1    1  1.79762E+17 0.00707 
    2    2    1    1    1    1    1    1    1    1  3.88675E+17 0.00518 
    3    3    1    1    1    1    1    1    1    1  2.05553E+17 0.00661 
];


DET1002E = [
 1.00000E-09  6.25000E-07  3.13000E-07
 6.25000E-07  1.00000E-01  5.00003E-02
 1.00000E-01  2.00000E+01  1.00500E+01
];
