
ZAI = [
10030
541350
922350
922380
942380
942390
942400
942410
942420
952410
952440
952450
666
0
];

NAMES = [
'H3              '
'Xe135           '
'U235            '
'U238            '
'Pu238           '
'Pu239           '
'Pu240           '
'Pu241           '
'Pu242           '
'Am241           '
'Am244           '
'Am245           '
'lost            '
'total           '
];

i10030  = 1; iH3               = 1;
i541350 = 2; iXe135            = 2;
i922350 = 3; iU235             = 3;
i922380 = 4; iU238             = 4;
i942380 = 5; iPu238            = 5;
i942390 = 6; iPu239            = 6;
i942400 = 7; iPu240            = 7;
i942410 = 8; iPu241            = 8;
i942420 = 9; iPu242            = 9;
i952410 = 10; iAm241            = 10;
i952440 = 11; iAm244            = 11;
i952450 = 12; iAm245            = 12;
iLOST    = 13;
iTOT     = 14;

MAT_uco_VOLUME = [ 2.05629E+04 2.05629E+04 2.05629E+04 2.05629E+04 ];

MAT_uco_BURNUP = [ 0.00000E+00 4.93414E-01 8.78278E+00 1.80588E+01 ];

MAT_uco_ADENS = [
0.00000E+00 1.07377E-13 1.60785E-12 2.74028E-12 % H3
0.00000E+00 4.15041E-08 4.15446E-08 4.10513E-08 % Xe135
4.31104E-03 4.29514E-03 4.03484E-03 3.75779E-03 % U235
2.06805E-02 2.06771E-02 2.06185E-02 2.05506E-02 % U238
0.00000E+00 1.45486E-13 3.79619E-09 3.68466E-08 % Pu238
0.00000E+00 1.56988E-06 4.90867E-05 8.73631E-05 % Pu239
0.00000E+00 6.04151E-09 3.37562E-06 1.17518E-05 % Pu240
0.00000E+00 3.19556E-11 3.61193E-07 2.54987E-06 % Pu241
0.00000E+00 3.32802E-14 7.61876E-09 1.17320E-07 % Pu242
0.00000E+00 4.69668E-15 1.03340E-09 1.50734E-08 % Am241
0.00000E+00 1.46166E-22 1.53815E-15 5.30115E-14 % Am244
0.00000E+00 3.74287E-26 3.55669E-19 1.24489E-17 % Am245
0.00000E+00 1.04257E-07 1.86642E-06 3.85300E-06 % lost data
7.04520E-02 7.04646E-02 7.06778E-02 7.09159E-02 % total
];

MAT_uco_MDENS = [
0.00000E+00 5.37684E-13 8.05123E-12 1.37218E-11 % H3
0.00000E+00 9.29781E-06 9.30689E-06 9.19639E-06 % Xe135
1.68262E+00 1.67642E+00 1.57482E+00 1.46669E+00 % U235
8.17497E+00 8.17363E+00 8.15046E+00 8.12365E+00 % U238
0.00000E+00 5.75103E-11 1.50062E-06 1.45653E-05 % Pu238
0.00000E+00 6.23181E-04 1.94856E-02 3.46798E-02 % Pu239
0.00000E+00 2.40830E-06 1.34561E-03 4.68458E-03 % Pu240
0.00000E+00 1.27911E-08 1.44577E-04 1.02066E-03 % Pu241
0.00000E+00 1.33771E-11 3.06239E-06 4.71573E-05 % Pu242
0.00000E+00 1.88004E-12 4.13662E-07 6.03376E-06 % Am241
0.00000E+00 5.92390E-20 6.23389E-13 2.14848E-11 % Am244
0.00000E+00 1.52316E-23 1.44739E-16 5.06608E-15 % Am245
0.00000E+00 0.00000E+00 0.00000E+00 0.00000E+00 % lost data
1.10000E+01 1.09999E+01 1.09987E+01 1.09974E+01 % total
];

MAT_uco_A = [
0.00000E+00 3.93647E+06 5.89444E+07 1.00459E+08 % H3
0.00000E+00 1.79784E+16 1.79960E+16 1.77823E+16 % Xe135
2.76577E+09 2.75557E+09 2.58858E+09 2.41084E+09 % U235
2.09052E+09 2.09018E+09 2.08425E+09 2.07740E+09 % U238
0.00000E+00 7.49254E+05 1.95504E+10 1.89760E+11 % Pu238
0.00000E+00 2.94086E+10 9.19546E+11 1.63658E+12 % Pu239
0.00000E+00 4.15894E+08 2.32376E+11 8.08989E+11 % Pu240
0.00000E+00 1.01000E+09 1.14160E+13 8.05921E+13 % Pu241
0.00000E+00 4.00833E+01 9.17621E+06 1.41303E+08 % Pu242
0.00000E+00 4.90355E+03 1.07892E+09 1.57374E+10 % Am241
0.00000E+00 5.72971E+01 6.02954E+08 2.07805E+10 % Am244
0.00000E+00 7.22868E-02 6.86911E+05 2.40428E+07 % Am245
0.00000E+00 0.00000E+00 0.00000E+00 0.00000E+00 % lost data
4.85629E+09 3.30974E+18 3.65614E+18 3.69919E+18 % total
];

MAT_uco_H = [
0.00000E+00 3.58864E-09 5.37360E-08 9.15826E-08 % H3
0.00000E+00 1.62079E+03 1.62237E+03 1.60310E+03 % Xe135
2.04398E-03 2.03644E-03 1.91303E-03 1.78167E-03 % U235
1.43195E-03 1.43172E-03 1.42766E-03 1.42296E-03 % U238
0.00000E+00 6.70872E-07 1.75051E-02 1.69908E-01 % Pu238
0.00000E+00 2.46957E-02 7.72184E-01 1.37431E+00 % Pu239
0.00000E+00 3.49896E-04 1.95500E-01 6.80611E-01 % Pu240
0.00000E+00 8.66563E-07 9.79471E-03 6.91467E-02 % Pu241
0.00000E+00 3.19950E-11 7.32455E-06 1.12790E-04 % Pu242
0.00000E+00 4.39644E-09 9.67342E-04 1.41099E-02 % Am241
0.00000E+00 1.01781E-11 1.07107E-04 3.69140E-03 % Am244
0.00000E+00 3.64711E-15 3.46569E-08 1.21304E-06 % Am245
0.00000E+00 0.00000E+00 0.00000E+00 0.00000E+00 % lost data
3.47593E-03 1.19733E+06 1.22212E+06 1.21139E+06 % total
];

MAT_uco_SF = [
0.00000E+00 0.00000E+00 0.00000E+00 0.00000E+00 % H3
0.00000E+00 0.00000E+00 0.00000E+00 0.00000E+00 % Xe135
1.99136E-01 1.98401E-01 1.86378E-01 1.73580E-01 % U235
1.14142E+05 1.14124E+05 1.13800E+05 1.13426E+05 % U238
0.00000E+00 1.39361E-03 3.63637E+01 3.52953E+02 % Pu238
0.00000E+00 9.11668E-02 2.85059E+00 5.07340E+00 % Pu239
0.00000E+00 2.37060E+01 1.32454E+04 4.61124E+04 % Pu240
0.00000E+00 0.00000E+00 0.00000E+00 0.00000E+00 % Pu241
0.00000E+00 2.20458E-04 5.04691E+01 7.77167E+02 % Pu242
0.00000E+00 2.10853E-08 4.63937E-03 6.76708E-02 % Am241
0.00000E+00 0.00000E+00 0.00000E+00 0.00000E+00 % Am244
0.00000E+00 0.00000E+00 0.00000E+00 0.00000E+00 % Am245
0.00000E+00 0.00000E+00 0.00000E+00 0.00000E+00 % lost data
1.14143E+05 1.14148E+05 1.29444E+05 2.32318E+05 % total
];

MAT_uco_ING_TOX = [
0.00000E+00 1.65332E-04 2.47566E-03 4.21929E-03 % H3
0.00000E+00 3.77547E+09 3.77916E+09 3.73429E+09 % Xe135
1.29991E+02 1.29512E+02 1.21663E+02 1.13309E+02 % U235
9.40735E+01 9.40581E+01 9.37915E+01 9.34829E+01 % U238
0.00000E+00 1.72328E-01 4.49658E+03 4.36447E+04 % Pu238
0.00000E+00 7.35216E+03 2.29887E+05 4.09145E+05 % Pu239
0.00000E+00 1.03974E+02 5.80940E+04 2.02247E+05 % Pu240
0.00000E+00 4.84800E+00 5.47967E+04 3.86842E+05 % Pu241
0.00000E+00 9.62000E-06 2.20229E+00 3.39127E+01 % Pu242
0.00000E+00 9.80711E-04 2.15784E+02 3.14748E+03 % Am241
0.00000E+00 2.63567E-08 2.77359E-01 9.55904E+00 % Am244
0.00000E+00 4.48178E-12 4.25885E-05 1.49066E-03 % Am245
0.00000E+00 0.00000E+00 0.00000E+00 0.00000E+00 % lost data
2.24065E+02 4.48914E+10 6.01911E+10 5.99263E+10 % total
];

MAT_uco_INH_TOX = [
0.00000E+00 1.02348E-03 1.53255E-02 2.61194E-02 % H3
0.00000E+00 1.97763E+09 1.97956E+09 1.95606E+09 % Xe135
2.35091E+04 2.34224E+04 2.20029E+04 2.04921E+04 % U235
1.67242E+04 1.67214E+04 1.66740E+04 1.66192E+04 % U238
0.00000E+00 8.24179E+01 2.15054E+06 2.08736E+07 % Pu238
0.00000E+00 3.52904E+06 1.10346E+08 1.96390E+08 % Pu239
0.00000E+00 4.99073E+04 2.78851E+07 9.70787E+07 % Pu240
0.00000E+00 2.32300E+03 2.62567E+07 1.85362E+08 % Pu241
0.00000E+00 4.40917E-03 1.00938E+03 1.55433E+04 % Pu242
0.00000E+00 4.70741E-01 1.03577E+05 1.51079E+06 % Am241
0.00000E+00 2.11999E-07 2.23093E+00 7.68879E+01 % Am244
0.00000E+00 4.04806E-12 3.84670E-05 1.34640E-03 % Am245
0.00000E+00 0.00000E+00 0.00000E+00 0.00000E+00 % lost data
4.02332E+04 4.39251E+10 5.86978E+10 6.03964E+10 % total
];

TOT_VOLUME = [ 2.05629E+04 2.05629E+04 2.05629E+04 2.05629E+04 ];

TOT_BURNUP = [ 0.00000E+00 4.93414E-01 8.78278E+00 1.80588E+01 ];

TOT_ADENS = [
0.00000E+00 1.07377E-13 1.60785E-12 2.74028E-12 % H3
0.00000E+00 4.15041E-08 4.15446E-08 4.10513E-08 % Xe135
4.31104E-03 4.29514E-03 4.03484E-03 3.75779E-03 % U235
2.06805E-02 2.06771E-02 2.06185E-02 2.05506E-02 % U238
0.00000E+00 1.45486E-13 3.79619E-09 3.68466E-08 % Pu238
0.00000E+00 1.56988E-06 4.90867E-05 8.73631E-05 % Pu239
0.00000E+00 6.04151E-09 3.37562E-06 1.17518E-05 % Pu240
0.00000E+00 3.19556E-11 3.61193E-07 2.54987E-06 % Pu241
0.00000E+00 3.32802E-14 7.61876E-09 1.17320E-07 % Pu242
0.00000E+00 4.69668E-15 1.03340E-09 1.50734E-08 % Am241
0.00000E+00 1.46166E-22 1.53815E-15 5.30115E-14 % Am244
0.00000E+00 3.74287E-26 3.55669E-19 1.24489E-17 % Am245
0.00000E+00 1.04257E-07 1.86642E-06 3.85300E-06 % lost data
7.04520E-02 7.04646E-02 7.06778E-02 7.09159E-02 % total
];

