
ZAI = [
10030
541350
922350
922380
942380
942390
942400
942410
942420
952410
952440
952450
666
0
];

NAMES = [
'H3              '
'Xe135           '
'U235            '
'U238            '
'Pu238           '
'Pu239           '
'Pu240           '
'Pu241           '
'Pu242           '
'Am241           '
'Am244           '
'Am245           '
'lost            '
'total           '
];

i10030  = 1; iH3               = 1;
i541350 = 2; iXe135            = 2;
i922350 = 3; iU235             = 3;
i922380 = 4; iU238             = 4;
i942380 = 5; iPu238            = 5;
i942390 = 6; iPu239            = 6;
i942400 = 7; iPu240            = 7;
i942410 = 8; iPu241            = 8;
i942420 = 9; iPu242            = 9;
i952410 = 10; iAm241            = 10;
i952440 = 11; iAm244            = 11;
i952450 = 12; iAm245            = 12;
iLOST    = 13;
iTOT     = 14;

MAT_uco_VOLUME = [ 2.85911E+04 2.85911E+04 2.85911E+04 2.85911E+04 ];

MAT_uco_BURNUP = [ 0.00000E+00 3.54855E-01 6.31627E+00 1.29875E+01 ];

MAT_uco_ADENS = [
0.00000E+00 8.41750E-14 1.31057E-12 2.29447E-12 % H3
0.00000E+00 3.32078E-08 3.33992E-08 3.32649E-08 % Xe135
3.74777E-03 3.73632E-03 3.54856E-03 3.34783E-03 % U235
2.12374E-02 2.12347E-02 2.11884E-02 2.11353E-02 % U238
0.00000E+00 8.88406E-14 1.96632E-09 1.86536E-08 % Pu238
0.00000E+00 1.24500E-06 4.00892E-05 7.33645E-05 % Pu239
0.00000E+00 3.89802E-09 2.25040E-06 8.10712E-06 % Pu240
0.00000E+00 1.70233E-11 1.99072E-07 1.47909E-06 % Pu241
0.00000E+00 1.39143E-14 3.27715E-09 5.23960E-08 % Pu242
0.00000E+00 2.50673E-15 5.70204E-10 8.78778E-09 % Am241
0.00000E+00 4.14155E-23 4.53356E-16 1.60788E-14 % Am244
0.00000E+00 8.16726E-27 8.16337E-20 2.90447E-18 % Am245
0.00000E+00 7.49743E-08 1.34121E-06 2.76855E-06 % lost data
7.04339E-02 7.04431E-02 7.05963E-02 7.07676E-02 % total
];

MAT_uco_MDENS = [
0.00000E+00 4.21501E-13 6.56262E-12 1.14894E-11 % H3
0.00000E+00 7.43926E-06 7.48216E-06 7.45206E-06 % Xe135
1.46278E+00 1.45831E+00 1.38502E+00 1.30668E+00 % U235
8.39511E+00 8.39405E+00 8.37576E+00 8.35477E+00 % U238
0.00000E+00 3.51184E-11 7.77279E-07 7.37371E-06 % Pu238
0.00000E+00 4.94218E-04 1.59139E-02 2.91229E-02 % Pu239
0.00000E+00 1.55385E-06 8.97069E-04 3.23171E-03 % Pu240
0.00000E+00 6.81406E-09 7.96840E-05 5.92046E-04 % Pu241
0.00000E+00 5.59291E-12 1.31727E-06 2.10608E-05 % Pu242
0.00000E+00 1.00342E-12 2.28247E-07 3.51767E-06 % Am241
0.00000E+00 1.67851E-20 1.83738E-13 6.51649E-12 % Am244
0.00000E+00 3.32366E-24 3.32208E-17 1.18197E-15 % Am245
0.00000E+00 0.00000E+00 0.00000E+00 0.00000E+00 % lost data
1.10000E+01 1.09999E+01 1.09991E+01 1.09981E+01 % total
];

MAT_uco_A = [
0.00000E+00 4.29067E+06 6.68042E+07 1.16957E+08 % H3
0.00000E+00 2.00008E+16 2.01161E+16 2.00352E+16 % Xe135
3.34313E+09 3.33292E+09 3.16543E+09 2.98638E+09 % U235
2.98498E+09 2.98460E+09 2.97810E+09 2.97064E+09 % U238
0.00000E+00 6.36158E+05 1.40801E+10 1.33572E+11 % Pu238
0.00000E+00 3.24284E+10 1.04420E+12 1.91092E+12 % Pu239
0.00000E+00 3.73102E+08 2.15399E+11 7.75979E+11 % Pu240
0.00000E+00 7.48109E+08 8.74843E+12 6.50003E+13 % Pu241
0.00000E+00 2.33017E+01 5.48810E+06 8.77452E+07 % Pu242
0.00000E+00 3.63893E+03 8.27745E+08 1.27569E+10 % Am241
0.00000E+00 2.25734E+01 2.47100E+08 8.76365E+09 % Am244
0.00000E+00 2.19319E-02 2.19215E+05 7.79952E+06 % Am245
0.00000E+00 0.00000E+00 0.00000E+00 0.00000E+00 % lost data
6.32811E+09 3.34110E+18 3.70404E+18 3.75187E+18 % total
];

MAT_uco_H = [
0.00000E+00 3.91154E-09 6.09013E-08 1.06622E-07 % H3
0.00000E+00 1.80310E+03 1.81350E+03 1.80621E+03 % Xe135
2.47066E-03 2.46312E-03 2.33934E-03 2.20701E-03 % U235
2.04463E-03 2.04438E-03 2.03992E-03 2.03481E-03 % U238
0.00000E+00 5.69607E-07 1.26072E-02 1.19599E-01 % Pu238
0.00000E+00 2.72316E-02 8.76861E-01 1.60468E+00 % Pu239
0.00000E+00 3.13894E-04 1.81218E-01 6.52839E-01 % Pu240
0.00000E+00 6.41865E-07 7.50601E-03 5.57691E-02 % Pu241
0.00000E+00 1.85996E-11 4.38066E-06 7.00392E-05 % Pu242
0.00000E+00 3.26260E-09 7.42141E-04 1.14376E-02 % Am241
0.00000E+00 4.00987E-12 4.38941E-05 1.55675E-03 % Am244
0.00000E+00 1.10654E-15 1.10601E-08 3.93511E-07 % Am245
0.00000E+00 0.00000E+00 0.00000E+00 0.00000E+00 % lost data
4.51530E-03 1.19992E+06 1.23039E+06 1.22243E+06 % total
];

MAT_uco_SF = [
0.00000E+00 0.00000E+00 0.00000E+00 0.00000E+00 % H3
0.00000E+00 0.00000E+00 0.00000E+00 0.00000E+00 % Xe135
2.40705E-01 2.39970E-01 2.27911E-01 2.15019E-01 % U235
1.62980E+05 1.62959E+05 1.62604E+05 1.62197E+05 % U238
0.00000E+00 1.18325E-03 2.61890E+01 2.48444E+02 % Pu238
0.00000E+00 1.00528E-01 3.23702E+00 5.92385E+00 % Pu239
0.00000E+00 2.12668E+01 1.22777E+04 4.42308E+04 % Pu240
0.00000E+00 0.00000E+00 0.00000E+00 0.00000E+00 % Pu241
0.00000E+00 1.28159E-04 3.01845E+01 4.82599E+02 % Pu242
0.00000E+00 1.56474E-08 3.55931E-03 5.48548E-02 % Am241
0.00000E+00 0.00000E+00 0.00000E+00 0.00000E+00 % Am244
0.00000E+00 0.00000E+00 0.00000E+00 0.00000E+00 % Am245
0.00000E+00 0.00000E+00 0.00000E+00 0.00000E+00 % lost data
1.62980E+05 1.62981E+05 1.76329E+05 2.51855E+05 % total
];

MAT_uco_ING_TOX = [
0.00000E+00 1.80208E-04 2.80578E-03 4.91218E-03 % H3
0.00000E+00 4.20017E+09 4.22439E+09 4.20739E+09 % Xe135
1.57127E+02 1.56647E+02 1.48775E+02 1.40360E+02 % U235
1.34324E+02 1.34307E+02 1.34014E+02 1.33679E+02 % U238
0.00000E+00 1.46316E-01 3.23843E+03 3.07216E+04 % Pu238
0.00000E+00 8.10710E+03 2.61050E+05 4.77729E+05 % Pu239
0.00000E+00 9.32754E+01 5.38498E+04 1.93995E+05 % Pu240
0.00000E+00 3.59093E+00 4.19925E+04 3.12001E+05 % Pu241
0.00000E+00 5.59240E-06 1.31714E+00 2.10589E+01 % Pu242
0.00000E+00 7.27786E-04 1.65549E+02 2.55138E+03 % Am241
0.00000E+00 1.03837E-08 1.13666E-01 4.03128E+00 % Am244
0.00000E+00 1.35978E-12 1.35913E-05 4.83570E-04 % Am245
0.00000E+00 0.00000E+00 0.00000E+00 0.00000E+00 % lost data
2.91451E+02 4.53360E+10 6.08604E+10 6.07417E+10 % total
];

MAT_uco_INH_TOX = [
0.00000E+00 1.11557E-03 1.73691E-02 3.04087E-02 % H3
0.00000E+00 2.20009E+09 2.21277E+09 2.20387E+09 % Xe135
2.84166E+04 2.83298E+04 2.69062E+04 2.53842E+04 % U235
2.38798E+04 2.38768E+04 2.38248E+04 2.37651E+04 % U238
0.00000E+00 6.99774E+01 1.54881E+06 1.46929E+07 % Pu238
0.00000E+00 3.89141E+06 1.25304E+08 2.29310E+08 % Pu239
0.00000E+00 4.47722E+04 2.58479E+07 9.31175E+07 % Pu240
0.00000E+00 1.72065E+03 2.01214E+07 1.49501E+08 % Pu241
0.00000E+00 2.56318E-03 6.03691E+02 9.65197E+03 % Pu242
0.00000E+00 3.49337E-01 7.94636E+04 1.22466E+06 % Am241
0.00000E+00 8.35214E-08 9.14268E-01 3.24255E+01 % Am244
0.00000E+00 1.22819E-12 1.22760E-05 4.36773E-04 % Am245
0.00000E+00 0.00000E+00 0.00000E+00 0.00000E+00 % lost data
5.22965E+04 4.41723E+10 5.91450E+10 6.09459E+10 % total
];

TOT_VOLUME = [ 2.85911E+04 2.85911E+04 2.85911E+04 2.85911E+04 ];

TOT_BURNUP = [ 0.00000E+00 3.54855E-01 6.31627E+00 1.29875E+01 ];

TOT_ADENS = [
0.00000E+00 8.41750E-14 1.31057E-12 2.29447E-12 % H3
0.00000E+00 3.32078E-08 3.33992E-08 3.32649E-08 % Xe135
3.74777E-03 3.73632E-03 3.54856E-03 3.34783E-03 % U235
2.12374E-02 2.12347E-02 2.11884E-02 2.11353E-02 % U238
0.00000E+00 8.88406E-14 1.96632E-09 1.86536E-08 % Pu238
0.00000E+00 1.24500E-06 4.00892E-05 7.33645E-05 % Pu239
0.00000E+00 3.89802E-09 2.25040E-06 8.10712E-06 % Pu240
0.00000E+00 1.70233E-11 1.99072E-07 1.47909E-06 % Pu241
0.00000E+00 1.39143E-14 3.27715E-09 5.23960E-08 % Pu242
0.00000E+00 2.50673E-15 5.70204E-10 8.78778E-09 % Am241
0.00000E+00 4.14155E-23 4.53356E-16 1.60788E-14 % Am244
0.00000E+00 8.16726E-27 8.16337E-20 2.90447E-18 % Am245
0.00000E+00 7.49743E-08 1.34121E-06 2.76855E-06 % lost data
7.04339E-02 7.04431E-02 7.05963E-02 7.07676E-02 % total
];

