
DET1001 = [
    1    1    1    1    1    1    1    1    1    1  5.07629E+18 0.00467 
    2    2    1    1    1    1    1    1    1    1  1.89696E+18 0.00603 
    3    3    1    1    1    1    1    1    1    1  1.72474E+17 0.01170 
];


DET1001E = [
 1.00000E-09  6.25000E-07  3.13000E-07
 6.25000E-07  1.00000E-01  5.00003E-02
 1.00000E-01  2.00000E+01  1.00500E+01
];

DET1002 = [
    1    1    1    1    1    1    1    1    1    1  1.78063E+17 0.00727 
    2    2    1    1    1    1    1    1    1    1  4.24021E+17 0.00481 
    3    3    1    1    1    1    1    1    1    1  1.93896E+17 0.00648 
];


DET1002E = [
 1.00000E-09  6.25000E-07  3.13000E-07
 6.25000E-07  1.00000E-01  5.00003E-02
 1.00000E-01  2.00000E+01  1.00500E+01
];
