
DET1001 = [
    1    1    1    1    1    1    1    1    1    1  4.96755E+18 0.00453 
    2    2    1    1    1    1    1    1    1    1  1.86842E+18 0.00585 
    3    3    1    1    1    1    1    1    1    1  1.71139E+17 0.01117 
];


DET1001E = [
 1.00000E-09  6.25000E-07  3.13000E-07
 6.25000E-07  1.00000E-01  5.00003E-02
 1.00000E-01  2.00000E+01  1.00500E+01
];

DET1002 = [
    1    1    1    1    1    1    1    1    1    1  1.76879E+17 0.00704 
    2    2    1    1    1    1    1    1    1    1  4.11976E+17 0.00471 
    3    3    1    1    1    1    1    1    1    1  1.86863E+17 0.00603 
];


DET1002E = [
 1.00000E-09  6.25000E-07  3.13000E-07
 6.25000E-07  1.00000E-01  5.00003E-02
 1.00000E-01  2.00000E+01  1.00500E+01
];
