
DET1001 = [
    1    1    1    1    1    1    1    1    1    1  4.90333E+18 0.00461 
    2    2    1    1    1    1    1    1    1    1  1.82220E+18 0.00586 
    3    3    1    1    1    1    1    1    1    1  1.64808E+17 0.01142 
];


DET1001E = [
 1.00000E-09  6.25000E-07  3.13000E-07
 6.25000E-07  1.00000E-01  5.00003E-02
 1.00000E-01  2.00000E+01  1.00500E+01
];

DET1002 = [
    1    1    1    1    1    1    1    1    1    1  1.75713E+17 0.00648 
    2    2    1    1    1    1    1    1    1    1  4.02249E+17 0.00463 
    3    3    1    1    1    1    1    1    1    1  1.82632E+17 0.00627 
];


DET1002E = [
 1.00000E-09  6.25000E-07  3.13000E-07
 6.25000E-07  1.00000E-01  5.00003E-02
 1.00000E-01  2.00000E+01  1.00500E+01
];
