
DET1001 = [
    1    1    1    1    1    1    1    1    1    1  4.27514E+18 0.00481 
    2    2    1    1    1    1    1    1    1    1  1.81273E+18 0.00561 
    3    3    1    1    1    1    1    1    1    1  1.61500E+17 0.01207 
];


DET1001E = [
 1.00000E-09  6.25000E-07  3.13000E-07
 6.25000E-07  1.00000E-01  5.00003E-02
 1.00000E-01  2.00000E+01  1.00500E+01
];

DET1002 = [
    1    1    1    1    1    1    1    1    1    1  1.12750E+17 0.00839 
    2    2    1    1    1    1    1    1    1    1  3.74816E+17 0.00469 
    3    3    1    1    1    1    1    1    1    1  1.73451E+17 0.00622 
];


DET1002E = [
 1.00000E-09  6.25000E-07  3.13000E-07
 6.25000E-07  1.00000E-01  5.00003E-02
 1.00000E-01  2.00000E+01  1.00500E+01
];
