
DET1001 = [
    1    1    1    1    1    1    1    1    1    1  4.14958E+18 0.00475 
    2    2    1    1    1    1    1    1    1    1  1.75113E+18 0.00569 
    3    3    1    1    1    1    1    1    1    1  1.60683E+17 0.01124 
];


DET1001E = [
 1.00000E-09  6.25000E-07  3.13000E-07
 6.25000E-07  1.00000E-01  5.00003E-02
 1.00000E-01  2.00000E+01  1.00500E+01
];

DET1002 = [
    1    1    1    1    1    1    1    1    1    1  1.13842E+17 0.00838 
    2    2    1    1    1    1    1    1    1    1  3.58183E+17 0.00513 
    3    3    1    1    1    1    1    1    1    1  1.65486E+17 0.00666 
];


DET1002E = [
 1.00000E-09  6.25000E-07  3.13000E-07
 6.25000E-07  1.00000E-01  5.00003E-02
 1.00000E-01  2.00000E+01  1.00500E+01
];
