
DET1001 = [
    1    1    1    1    1    1    1    1    1    1  4.19824E+18 0.00459 
    2    2    1    1    1    1    1    1    1    1  1.76878E+18 0.00598 
    3    3    1    1    1    1    1    1    1    1  1.59957E+17 0.01113 
];


DET1001E = [
 1.00000E-09  6.25000E-07  3.13000E-07
 6.25000E-07  1.00000E-01  5.00003E-02
 1.00000E-01  2.00000E+01  1.00500E+01
];

DET1002 = [
    1    1    1    1    1    1    1    1    1    1  1.13674E+17 0.00822 
    2    2    1    1    1    1    1    1    1    1  3.64128E+17 0.00482 
    3    3    1    1    1    1    1    1    1    1  1.68346E+17 0.00603 
];


DET1002E = [
 1.00000E-09  6.25000E-07  3.13000E-07
 6.25000E-07  1.00000E-01  5.00003E-02
 1.00000E-01  2.00000E+01  1.00500E+01
];
