
DET1001 = [
    1    1    1    1    1    1    1    1    1    1  4.28261E+18 0.00470 
    2    2    1    1    1    1    1    1    1    1  1.81034E+18 0.00604 
    3    3    1    1    1    1    1    1    1    1  1.64344E+17 0.01193 
];


DET1001E = [
 1.00000E-09  6.25000E-07  3.13000E-07
 6.25000E-07  1.00000E-01  5.00003E-02
 1.00000E-01  2.00000E+01  1.00500E+01
];

DET1002 = [
    1    1    1    1    1    1    1    1    1    1  1.13987E+17 0.00828 
    2    2    1    1    1    1    1    1    1    1  3.84956E+17 0.00483 
    3    3    1    1    1    1    1    1    1    1  1.79208E+17 0.00594 
];


DET1002E = [
 1.00000E-09  6.25000E-07  3.13000E-07
 6.25000E-07  1.00000E-01  5.00003E-02
 1.00000E-01  2.00000E+01  1.00500E+01
];
