
DET1001 = [
    1    1    1    1    1    1    1    1    1    1  6.15072E+18 0.00431 
    2    2    1    1    1    1    1    1    1    1  2.14004E+18 0.00517 
    3    3    1    1    1    1    1    1    1    1  3.59227E+17 0.01090 
];


DET1001E = [
 1.00000E-09  6.25000E-07  3.13000E-07
 6.25000E-07  1.00000E-01  5.00003E-02
 1.00000E-01  2.00000E+01  1.00500E+01
];

DET1002 = [
    1    1    1    1    1    1    1    1    1    1  2.15109E+17 0.00692 
    2    2    1    1    1    1    1    1    1    1  4.11998E+17 0.00544 
    3    3    1    1    1    1    1    1    1    1  2.23538E+17 0.00639 
];


DET1002E = [
 1.00000E-09  6.25000E-07  3.13000E-07
 6.25000E-07  1.00000E-01  5.00003E-02
 1.00000E-01  2.00000E+01  1.00500E+01
];
