
DET1001 = [
    1    1    1    1    1    1    1    1    1    1  5.83807E+18 0.00410 
    2    2    1    1    1    1    1    1    1    1  2.02509E+18 0.00525 
    3    3    1    1    1    1    1    1    1    1  3.37328E+17 0.00970 
];


DET1001E = [
 1.00000E-09  6.25000E-07  3.13000E-07
 6.25000E-07  1.00000E-01  5.00003E-02
 1.00000E-01  2.00000E+01  1.00500E+01
];

DET1002 = [
    1    1    1    1    1    1    1    1    1    1  2.11557E+17 0.00700 
    2    2    1    1    1    1    1    1    1    1  3.81683E+17 0.00487 
    3    3    1    1    1    1    1    1    1    1  2.09077E+17 0.00638 
];


DET1002E = [
 1.00000E-09  6.25000E-07  3.13000E-07
 6.25000E-07  1.00000E-01  5.00003E-02
 1.00000E-01  2.00000E+01  1.00500E+01
];
