
ZAI = [
10030
541350
922350
922380
942380
942390
942400
942410
942420
952410
952440
952450
666
0
];

NAMES = [
'H3              '
'Xe135           '
'U235            '
'U238            '
'Pu238           '
'Pu239           '
'Pu240           '
'Pu241           '
'Pu242           '
'Am241           '
'Am244           '
'Am245           '
'lost            '
'total           '
];

i10030  = 1; iH3               = 1;
i541350 = 2; iXe135            = 2;
i922350 = 3; iU235             = 3;
i922380 = 4; iU238             = 4;
i942380 = 5; iPu238            = 5;
i942390 = 6; iPu239            = 6;
i942400 = 7; iPu240            = 7;
i942410 = 8; iPu241            = 8;
i942420 = 9; iPu242            = 9;
i952410 = 10; iAm241            = 10;
i952440 = 11; iAm244            = 11;
i952450 = 12; iAm245            = 12;
iLOST    = 13;
iTOT     = 14;

MAT_uco_VOLUME = [ 1.67860E+04 1.67860E+04 1.67860E+04 1.67860E+04 ];

MAT_uco_BURNUP = [ 0.00000E+00 6.04418E-01 1.07586E+01 2.21218E+01 ];

MAT_uco_ADENS = [
0.00000E+00 1.39566E-13 1.89473E-12 3.04972E-12 % H3
0.00000E+00 4.07071E-08 4.06637E-08 3.96967E-08 % Xe135
3.74777E-03 3.72839E-03 3.41457E-03 3.08650E-03 % U235
2.12374E-02 2.12331E-02 2.11583E-02 2.10707E-02 % U238
0.00000E+00 2.49164E-13 7.25150E-09 7.11153E-08 % Pu238
0.00000E+00 1.98666E-06 5.82566E-05 9.78294E-05 % Pu239
0.00000E+00 1.06033E-08 5.62606E-06 1.83056E-05 % Pu240
0.00000E+00 7.03334E-11 7.57813E-07 4.87464E-06 % Pu241
0.00000E+00 1.02769E-13 2.29577E-08 3.28857E-07 % Pu242
0.00000E+00 1.02992E-14 2.16218E-09 2.85618E-08 % Am241
0.00000E+00 7.05950E-22 7.29164E-15 2.49864E-13 % Am244
0.00000E+00 2.50338E-25 2.35248E-18 8.25365E-17 % Am245
0.00000E+00 1.27699E-07 2.29250E-06 4.73691E-06 % lost data
7.04339E-02 7.04495E-02 7.07108E-02 7.10022E-02 % total
];

MAT_uco_MDENS = [
0.00000E+00 6.98866E-13 9.48772E-12 1.52713E-11 % H3
0.00000E+00 9.11928E-06 9.10956E-06 8.89292E-06 % Xe135
1.46278E+00 1.45521E+00 1.33273E+00 1.20468E+00 % U235
8.39511E+00 8.39341E+00 8.36385E+00 8.32921E+00 % U238
0.00000E+00 9.84936E-11 2.86649E-06 2.81116E-05 % Pu238
0.00000E+00 7.88630E-04 2.31256E-02 3.88346E-02 % Pu239
0.00000E+00 4.22676E-06 2.24269E-03 7.29709E-03 % Pu240
0.00000E+00 2.81529E-08 3.03335E-04 1.95121E-03 % Pu241
0.00000E+00 4.13083E-11 9.22792E-06 1.32185E-04 % Pu242
0.00000E+00 4.12266E-12 8.65500E-07 1.14330E-05 % Am241
0.00000E+00 2.86111E-19 2.95520E-12 1.01266E-10 % Am244
0.00000E+00 1.01875E-22 9.57339E-16 3.35881E-14 % Am245
0.00000E+00 0.00000E+00 0.00000E+00 0.00000E+00 % lost data
1.10000E+01 1.09999E+01 1.09984E+01 1.09968E+01 % total
];

MAT_uco_A = [
0.00000E+00 4.17672E+06 5.67026E+07 9.12676E+07 % H3
0.00000E+00 1.43944E+16 1.43790E+16 1.40371E+16 % Xe135
1.96276E+09 1.95262E+09 1.78827E+09 1.61645E+09 % U235
1.75249E+09 1.75214E+09 1.74597E+09 1.73874E+09 % U238
0.00000E+00 1.04750E+06 3.04857E+10 2.98972E+11 % Pu238
0.00000E+00 3.03805E+10 8.90872E+11 1.49603E+12 % Pu239
0.00000E+00 5.95855E+08 3.16157E+11 1.02869E+12 % Pu240
0.00000E+00 1.81467E+09 1.95523E+13 1.25770E+14 % Pu241
0.00000E+00 1.01042E+02 2.25719E+07 3.23330E+08 % Pu242
0.00000E+00 8.77776E+03 1.84278E+09 2.43426E+10 % Am241
0.00000E+00 2.25903E+02 2.33331E+09 7.99561E+10 % Am244
0.00000E+00 3.94676E-01 3.70886E+06 1.30125E+08 % Am245
0.00000E+00 0.00000E+00 0.00000E+00 0.00000E+00 % lost data
3.71526E+09 3.31527E+18 3.65085E+18 3.68009E+18 % total
];

MAT_uco_H = [
0.00000E+00 3.80766E-09 5.16923E-08 8.32031E-08 % H3
0.00000E+00 1.29768E+03 1.29629E+03 1.26547E+03 % Xe135
1.45054E-03 1.44304E-03 1.32158E-03 1.19460E-03 % U235
1.20041E-03 1.20017E-03 1.19594E-03 1.19099E-03 % U238
0.00000E+00 9.37915E-07 2.72965E-02 2.67696E-01 % Pu238
0.00000E+00 2.55119E-02 7.48105E-01 1.25628E+00 % Pu239
0.00000E+00 5.01299E-04 2.65986E-01 8.65444E-01 % Pu240
0.00000E+00 1.55695E-06 1.67755E-02 1.07909E-01 % Pu241
0.00000E+00 8.06527E-11 1.80171E-05 2.58086E-04 % Pu242
0.00000E+00 7.86997E-09 1.65220E-03 2.18252E-02 % Am241
0.00000E+00 4.01288E-11 4.14484E-04 1.42032E-02 % Am244
0.00000E+00 1.99127E-14 1.87124E-07 6.56524E-06 % Am245
0.00000E+00 0.00000E+00 0.00000E+00 0.00000E+00 % lost data
2.65095E-03 1.19720E+06 1.21457E+06 1.19579E+06 % total
];

MAT_uco_SF = [
0.00000E+00 0.00000E+00 0.00000E+00 0.00000E+00 % H3
0.00000E+00 0.00000E+00 0.00000E+00 0.00000E+00 % Xe135
1.41319E-01 1.40588E-01 1.28755E-01 1.16384E-01 % U235
9.56861E+04 9.56667E+04 9.53298E+04 9.49350E+04 % U238
0.00000E+00 1.94834E-03 5.67033E+01 5.56088E+02 % Pu238
0.00000E+00 9.41795E-02 2.76170E+00 4.63769E+00 % Pu239
0.00000E+00 3.39637E+01 1.80210E+04 5.86351E+04 % Pu240
0.00000E+00 0.00000E+00 0.00000E+00 0.00000E+00 % Pu241
0.00000E+00 5.55730E-04 1.24145E+02 1.77832E+03 % Pu242
0.00000E+00 3.77443E-08 7.92395E-03 1.04673E-01 % Am241
0.00000E+00 0.00000E+00 0.00000E+00 0.00000E+00 % Am244
0.00000E+00 0.00000E+00 0.00000E+00 0.00000E+00 % Am245
0.00000E+00 0.00000E+00 0.00000E+00 0.00000E+00 % lost data
9.56862E+04 9.57009E+04 1.19097E+05 3.17484E+05 % total
];

MAT_uco_ING_TOX = [
0.00000E+00 1.75422E-04 2.38151E-03 3.83324E-03 % H3
0.00000E+00 3.02282E+09 3.01960E+09 2.94779E+09 % Xe135
9.22499E+01 9.17730E+01 8.40485E+01 7.59731E+01 % U235
7.88622E+01 7.88462E+01 7.85685E+01 7.82431E+01 % U238
0.00000E+00 2.40924E-01 7.01170E+03 6.87636E+04 % Pu238
0.00000E+00 7.59512E+03 2.22718E+05 3.74008E+05 % Pu239
0.00000E+00 1.48964E+02 7.90393E+04 2.57171E+05 % Pu240
0.00000E+00 8.71041E+00 9.38509E+04 6.03697E+05 % Pu241
0.00000E+00 2.42500E-05 5.41725E+00 7.75993E+01 % Pu242
0.00000E+00 1.75555E-03 3.68556E+02 4.86853E+03 % Am241
0.00000E+00 1.03915E-07 1.07332E+00 3.67798E+01 % Am244
0.00000E+00 2.44699E-11 2.29950E-04 8.06775E-03 % Am245
0.00000E+00 0.00000E+00 0.00000E+00 0.00000E+00 % lost data
1.71112E+02 4.41283E+10 5.92814E+10 5.87092E+10 % total
];

MAT_uco_INH_TOX = [
0.00000E+00 1.08595E-03 1.47427E-02 2.37296E-02 % H3
0.00000E+00 1.58338E+09 1.58169E+09 1.54408E+09 % Xe135
1.66835E+04 1.65973E+04 1.52003E+04 1.37398E+04 % U235
1.40199E+04 1.40171E+04 1.39677E+04 1.39099E+04 % U238
0.00000E+00 1.15225E+02 3.35342E+06 3.28869E+07 % Pu238
0.00000E+00 3.64566E+06 1.06905E+08 1.79524E+08 % Pu239
0.00000E+00 7.15026E+04 3.79388E+07 1.23442E+08 % Pu240
0.00000E+00 4.17374E+03 4.49702E+07 2.89272E+08 % Pu241
0.00000E+00 1.11146E-02 2.48291E+03 3.55663E+04 % Pu242
0.00000E+00 8.42664E-01 1.76907E+05 2.33689E+06 % Am241
0.00000E+00 8.35840E-07 8.63326E+00 2.95837E+02 % Am244
0.00000E+00 2.21019E-11 2.07696E-04 7.28700E-03 % Am245
0.00000E+00 0.00000E+00 0.00000E+00 0.00000E+00 % lost data
3.07034E+04 4.35238E+10 5.82588E+10 5.98085E+10 % total
];

TOT_VOLUME = [ 1.67860E+04 1.67860E+04 1.67860E+04 1.67860E+04 ];

TOT_BURNUP = [ 0.00000E+00 6.04418E-01 1.07586E+01 2.21218E+01 ];

TOT_ADENS = [
0.00000E+00 1.39566E-13 1.89473E-12 3.04972E-12 % H3
0.00000E+00 4.07071E-08 4.06637E-08 3.96967E-08 % Xe135
3.74777E-03 3.72839E-03 3.41457E-03 3.08650E-03 % U235
2.12374E-02 2.12331E-02 2.11583E-02 2.10707E-02 % U238
0.00000E+00 2.49164E-13 7.25150E-09 7.11153E-08 % Pu238
0.00000E+00 1.98666E-06 5.82566E-05 9.78294E-05 % Pu239
0.00000E+00 1.06033E-08 5.62606E-06 1.83056E-05 % Pu240
0.00000E+00 7.03334E-11 7.57813E-07 4.87464E-06 % Pu241
0.00000E+00 1.02769E-13 2.29577E-08 3.28857E-07 % Pu242
0.00000E+00 1.02992E-14 2.16218E-09 2.85618E-08 % Am241
0.00000E+00 7.05950E-22 7.29164E-15 2.49864E-13 % Am244
0.00000E+00 2.50338E-25 2.35248E-18 8.25365E-17 % Am245
0.00000E+00 1.27699E-07 2.29250E-06 4.73691E-06 % lost data
7.04339E-02 7.04495E-02 7.07108E-02 7.10022E-02 % total
];

