
DET1001 = [
    1    1    1    1    1    1    1    1    1    1  6.36960E+18 0.00423 
    2    2    1    1    1    1    1    1    1    1  2.20307E+18 0.00535 
    3    3    1    1    1    1    1    1    1    1  3.58722E+17 0.01084 
];


DET1001E = [
 1.00000E-09  6.25000E-07  3.13000E-07
 6.25000E-07  1.00000E-01  5.00003E-02
 1.00000E-01  2.00000E+01  1.00500E+01
];

DET1002 = [
    1    1    1    1    1    1    1    1    1    1  2.25929E+17 0.00712 
    2    2    1    1    1    1    1    1    1    1  4.32945E+17 0.00487 
    3    3    1    1    1    1    1    1    1    1  2.34011E+17 0.00633 
];


DET1002E = [
 1.00000E-09  6.25000E-07  3.13000E-07
 6.25000E-07  1.00000E-01  5.00003E-02
 1.00000E-01  2.00000E+01  1.00500E+01
];
