
DET1001 = [
    1    1    1    1    1    1    1    1    1    1  4.80652E+18 0.00467 
    2    2    1    1    1    1    1    1    1    1  1.77154E+18 0.00589 
    3    3    1    1    1    1    1    1    1    1  1.60692E+17 0.01226 
];


DET1001E = [
 1.00000E-09  6.25000E-07  3.13000E-07
 6.25000E-07  1.00000E-01  5.00003E-02
 1.00000E-01  2.00000E+01  1.00500E+01
];

DET1002 = [
    1    1    1    1    1    1    1    1    1    1  1.77270E+17 0.00683 
    2    2    1    1    1    1    1    1    1    1  4.01467E+17 0.00508 
    3    3    1    1    1    1    1    1    1    1  1.86210E+17 0.00642 
];


DET1002E = [
 1.00000E-09  6.25000E-07  3.13000E-07
 6.25000E-07  1.00000E-01  5.00003E-02
 1.00000E-01  2.00000E+01  1.00500E+01
];
