
DET1001 = [
    1    1    1    1    1    1    1    1    1    1  4.66510E+18 0.00467 
    2    2    1    1    1    1    1    1    1    1  1.70895E+18 0.00625 
    3    3    1    1    1    1    1    1    1    1  1.53656E+17 0.01187 
];


DET1001E = [
 1.00000E-09  6.25000E-07  3.13000E-07
 6.25000E-07  1.00000E-01  5.00003E-02
 1.00000E-01  2.00000E+01  1.00500E+01
];

DET1002 = [
    1    1    1    1    1    1    1    1    1    1  1.78307E+17 0.00685 
    2    2    1    1    1    1    1    1    1    1  3.85208E+17 0.00486 
    3    3    1    1    1    1    1    1    1    1  1.78806E+17 0.00601 
];


DET1002E = [
 1.00000E-09  6.25000E-07  3.13000E-07
 6.25000E-07  1.00000E-01  5.00003E-02
 1.00000E-01  2.00000E+01  1.00500E+01
];
