
DET1001 = [
    1    1    1    1    1    1    1    1    1    1  4.61129E+18 0.00452 
    2    2    1    1    1    1    1    1    1    1  1.66789E+18 0.00586 
    3    3    1    1    1    1    1    1    1    1  1.51701E+17 0.01242 
];


DET1001E = [
 1.00000E-09  6.25000E-07  3.13000E-07
 6.25000E-07  1.00000E-01  5.00003E-02
 1.00000E-01  2.00000E+01  1.00500E+01
];

DET1002 = [
    1    1    1    1    1    1    1    1    1    1  1.79052E+17 0.00655 
    2    2    1    1    1    1    1    1    1    1  3.77545E+17 0.00502 
    3    3    1    1    1    1    1    1    1    1  1.72761E+17 0.00623 
];


DET1002E = [
 1.00000E-09  6.25000E-07  3.13000E-07
 6.25000E-07  1.00000E-01  5.00003E-02
 1.00000E-01  2.00000E+01  1.00500E+01
];
