
DET1001 = [
    1    1    1    1    1    1    1    1    1    1  4.95182E+18 0.00469 
    2    2    1    1    1    1    1    1    1    1  1.81358E+18 0.00613 
    3    3    1    1    1    1    1    1    1    1  1.67885E+17 0.01213 
];


DET1001E = [
 1.00000E-09  6.25000E-07  3.13000E-07
 6.25000E-07  1.00000E-01  5.00003E-02
 1.00000E-01  2.00000E+01  1.00500E+01
];

DET1002 = [
    1    1    1    1    1    1    1    1    1    1  1.82962E+17 0.00710 
    2    2    1    1    1    1    1    1    1    1  4.21457E+17 0.00479 
    3    3    1    1    1    1    1    1    1    1  1.97097E+17 0.00620 
];


DET1002E = [
 1.00000E-09  6.25000E-07  3.13000E-07
 6.25000E-07  1.00000E-01  5.00003E-02
 1.00000E-01  2.00000E+01  1.00500E+01
];
