
ZAI = [
10030
541350
922350
922380
942380
942390
942400
942410
942420
952410
952440
952450
666
0
];

NAMES = [
'H3              '
'Xe135           '
'U235            '
'U238            '
'Pu238           '
'Pu239           '
'Pu240           '
'Pu241           '
'Pu242           '
'Am241           '
'Am244           '
'Am245           '
'lost            '
'total           '
];

i10030  = 1; iH3               = 1;
i541350 = 2; iXe135            = 2;
i922350 = 3; iU235             = 3;
i922380 = 4; iU238             = 4;
i942380 = 5; iPu238            = 5;
i942390 = 6; iPu239            = 6;
i942400 = 7; iPu240            = 7;
i942410 = 8; iPu241            = 8;
i942420 = 9; iPu242            = 9;
i952410 = 10; iAm241            = 10;
i952440 = 11; iAm244            = 11;
i952450 = 12; iAm245            = 12;
iLOST    = 13;
iTOT     = 14;

MAT_uco_VOLUME = [ 1.97179E+04 1.97179E+04 1.97179E+04 1.97179E+04 ];

MAT_uco_BURNUP = [ 0.00000E+00 5.14540E-01 9.15882E+00 1.88322E+01 ];

MAT_uco_ADENS = [
0.00000E+00 1.20635E-13 1.77601E-12 2.94856E-12 % H3
0.00000E+00 3.90760E-08 3.91582E-08 3.85452E-08 % Xe135
3.74777E-03 3.73120E-03 3.46165E-03 3.17765E-03 % U235
2.12374E-02 2.12336E-02 2.11686E-02 2.10933E-02 % U238
0.00000E+00 2.00591E-13 5.22488E-09 5.08866E-08 % Pu238
0.00000E+00 1.72750E-06 5.27731E-05 9.12822E-05 % Pu239
0.00000E+00 7.81249E-09 4.25028E-06 1.42661E-05 % Pu240
0.00000E+00 4.79602E-11 5.17077E-07 3.53604E-06 % Pu241
0.00000E+00 5.69864E-14 1.25311E-08 1.88382E-07 % Pu242
0.00000E+00 7.05162E-15 1.47845E-09 2.08607E-08 % Am241
0.00000E+00 3.27630E-22 3.31224E-15 1.14569E-13 % Am244
0.00000E+00 9.34867E-26 8.59740E-19 3.02420E-17 % Am245
0.00000E+00 1.08715E-07 1.94932E-06 4.02688E-06 % lost data
7.04339E-02 7.04472E-02 7.06696E-02 7.09178E-02 % total
];

MAT_uco_MDENS = [
0.00000E+00 6.04075E-13 8.89324E-12 1.47647E-11 % H3
0.00000E+00 8.75388E-06 8.77230E-06 8.63497E-06 % Xe135
1.46278E+00 1.45631E+00 1.35110E+00 1.24025E+00 % U235
8.39511E+00 8.39363E+00 8.36792E+00 8.33814E+00 % U238
0.00000E+00 7.92929E-11 2.06538E-06 2.01153E-05 % Pu238
0.00000E+00 6.85751E-04 2.09489E-02 3.62356E-02 % Pu239
0.00000E+00 3.11426E-06 1.69427E-03 5.68684E-03 % Pu240
0.00000E+00 1.91974E-08 2.06974E-04 1.41539E-03 % Pu241
0.00000E+00 2.29059E-11 5.03691E-06 7.57208E-05 % Pu242
0.00000E+00 2.82270E-12 5.91811E-07 8.35033E-06 % Am241
0.00000E+00 1.32784E-19 1.34240E-12 4.64333E-11 % Am244
0.00000E+00 3.80443E-23 3.49870E-16 1.23070E-14 % Am245
0.00000E+00 0.00000E+00 0.00000E+00 0.00000E+00 % lost data
1.10000E+01 1.09999E+01 1.09987E+01 1.09973E+01 % total
];

MAT_uco_A = [
0.00000E+00 4.24078E+06 6.24332E+07 1.03653E+08 % H3
0.00000E+00 1.62311E+16 1.62652E+16 1.60106E+16 % Xe135
2.30559E+09 2.29540E+09 2.12958E+09 1.95486E+09 % U235
2.05859E+09 2.05823E+09 2.05192E+09 2.04462E+09 % U238
0.00000E+00 9.90588E+05 2.58023E+10 2.51296E+11 % Pu238
0.00000E+00 3.10315E+10 9.47978E+11 1.63973E+12 % Pu239
0.00000E+00 5.15706E+08 2.80563E+11 9.41712E+11 % Pu240
0.00000E+00 1.45355E+09 1.56713E+13 1.07168E+14 % Pu241
0.00000E+00 6.58151E+01 1.44725E+07 2.17567E+08 % Pu242
0.00000E+00 7.05968E+03 1.48014E+09 2.08845E+10 % Am241
0.00000E+00 1.23153E+02 1.24504E+09 4.30656E+10 % Am244
0.00000E+00 1.73133E-01 1.59220E+06 5.60068E+07 % Am245
0.00000E+00 0.00000E+00 0.00000E+00 0.00000E+00 % lost data
4.36419E+09 3.32372E+18 3.67328E+18 3.70867E+18 % total
];

MAT_uco_H = [
0.00000E+00 3.86606E-09 5.69165E-08 9.44939E-08 % H3
0.00000E+00 1.46326E+03 1.46634E+03 1.44338E+03 % Xe135
1.70389E-03 1.69636E-03 1.57382E-03 1.44469E-03 % U235
1.41008E-03 1.40984E-03 1.40552E-03 1.40052E-03 % U238
0.00000E+00 8.86960E-07 2.31031E-02 2.25007E-01 % Pu238
0.00000E+00 2.60585E-02 7.96059E-01 1.37695E+00 % Pu239
0.00000E+00 4.33869E-04 2.36041E-01 7.92273E-01 % Pu240
0.00000E+00 1.24712E-06 1.34457E-02 9.19486E-02 % Pu241
0.00000E+00 5.25343E-11 1.15521E-05 1.73664E-04 % Pu242
0.00000E+00 6.32958E-09 1.32707E-03 1.87247E-02 % Am241
0.00000E+00 2.18766E-11 2.21166E-04 7.65006E-03 % Am244
0.00000E+00 8.73512E-15 8.03316E-08 2.82573E-06 % Am245
0.00000E+00 0.00000E+00 0.00000E+00 0.00000E+00 % lost data
3.11398E-03 1.19819E+06 1.22129E+06 1.20653E+06 % total
];

MAT_uco_SF = [
0.00000E+00 0.00000E+00 0.00000E+00 0.00000E+00 % H3
0.00000E+00 0.00000E+00 0.00000E+00 0.00000E+00 % Xe135
1.66003E-01 1.65269E-01 1.53330E-01 1.40750E-01 % U235
1.12399E+05 1.12379E+05 1.12035E+05 1.11636E+05 % U238
0.00000E+00 1.84249E-03 4.79924E+01 4.67410E+02 % Pu238
0.00000E+00 9.61977E-02 2.93873E+00 5.08315E+00 % Pu239
0.00000E+00 2.93952E+01 1.59921E+04 5.36776E+04 % Pu240
0.00000E+00 0.00000E+00 0.00000E+00 0.00000E+00 % Pu241
0.00000E+00 3.61983E-04 7.95985E+01 1.19662E+03 % Pu242
0.00000E+00 3.03566E-08 6.36461E-03 8.98033E-02 % Am241
0.00000E+00 0.00000E+00 0.00000E+00 0.00000E+00 % Am244
0.00000E+00 0.00000E+00 0.00000E+00 0.00000E+00 % Am245
0.00000E+00 0.00000E+00 0.00000E+00 0.00000E+00 % lost data
1.12399E+05 1.12409E+05 1.31788E+05 2.77527E+05 % total
];

MAT_uco_ING_TOX = [
0.00000E+00 1.78113E-04 2.62219E-03 4.35342E-03 % H3
0.00000E+00 3.40852E+09 3.41570E+09 3.36223E+09 % Xe135
1.08363E+02 1.07884E+02 1.00090E+02 9.18784E+01 % U235
9.26367E+01 9.26204E+01 9.23366E+01 9.20081E+01 % U238
0.00000E+00 2.27835E-01 5.93454E+03 5.77981E+04 % Pu238
0.00000E+00 7.75788E+03 2.36994E+05 4.09932E+05 % Pu239
0.00000E+00 1.28926E+02 7.01407E+04 2.35428E+05 % Pu240
0.00000E+00 6.97706E+00 7.52223E+04 5.14408E+05 % Pu241
0.00000E+00 1.57956E-05 3.47339E+00 5.22161E+01 % Pu242
0.00000E+00 1.41194E-03 2.96028E+02 4.17690E+03 % Am241
0.00000E+00 5.66504E-08 5.72719E-01 1.98102E+01 % Am244
0.00000E+00 1.07342E-11 9.87162E-05 3.47242E-03 % Am245
0.00000E+00 0.00000E+00 0.00000E+00 0.00000E+00 % lost data
2.01000E+02 4.45276E+10 5.98587E+10 5.94682E+10 % total
];

MAT_uco_INH_TOX = [
0.00000E+00 1.10260E-03 1.62326E-02 2.69497E-02 % H3
0.00000E+00 1.78542E+09 1.78918E+09 1.76117E+09 % Xe135
1.95975E+04 1.95109E+04 1.81014E+04 1.66163E+04 % U235
1.64687E+04 1.64658E+04 1.64154E+04 1.63570E+04 % U238
0.00000E+00 1.08965E+02 2.83826E+06 2.76426E+07 % Pu238
0.00000E+00 3.72378E+06 1.13757E+08 1.96767E+08 % Pu239
0.00000E+00 6.18847E+04 3.36676E+07 1.13005E+08 % Pu240
0.00000E+00 3.34317E+03 3.60440E+07 2.46487E+08 % Pu241
0.00000E+00 7.23966E-03 1.59197E+03 2.39324E+04 % Pu242
0.00000E+00 6.77729E-01 1.42094E+05 2.00491E+06 % Am241
0.00000E+00 4.55666E-07 4.60666E+00 1.59343E+02 % Am244
0.00000E+00 9.69544E-12 8.91630E-05 3.13638E-03 % Am245
0.00000E+00 0.00000E+00 0.00000E+00 0.00000E+00 % lost data
3.60663E+04 4.37416E+10 5.86071E+10 6.02753E+10 % total
];

TOT_VOLUME = [ 1.97179E+04 1.97179E+04 1.97179E+04 1.97179E+04 ];

TOT_BURNUP = [ 0.00000E+00 5.14540E-01 9.15882E+00 1.88322E+01 ];

TOT_ADENS = [
0.00000E+00 1.20635E-13 1.77601E-12 2.94856E-12 % H3
0.00000E+00 3.90760E-08 3.91582E-08 3.85452E-08 % Xe135
3.74777E-03 3.73120E-03 3.46165E-03 3.17765E-03 % U235
2.12374E-02 2.12336E-02 2.11686E-02 2.10933E-02 % U238
0.00000E+00 2.00591E-13 5.22488E-09 5.08866E-08 % Pu238
0.00000E+00 1.72750E-06 5.27731E-05 9.12822E-05 % Pu239
0.00000E+00 7.81249E-09 4.25028E-06 1.42661E-05 % Pu240
0.00000E+00 4.79602E-11 5.17077E-07 3.53604E-06 % Pu241
0.00000E+00 5.69864E-14 1.25311E-08 1.88382E-07 % Pu242
0.00000E+00 7.05162E-15 1.47845E-09 2.08607E-08 % Am241
0.00000E+00 3.27630E-22 3.31224E-15 1.14569E-13 % Am244
0.00000E+00 9.34867E-26 8.59740E-19 3.02420E-17 % Am245
0.00000E+00 1.08715E-07 1.94932E-06 4.02688E-06 % lost data
7.04339E-02 7.04472E-02 7.06696E-02 7.09178E-02 % total
];

