
DET1001 = [
    1    1    1    1    1    1    1    1    1    1  4.94573E+18 0.00478 
    2    2    1    1    1    1    1    1    1    1  1.81372E+18 0.00614 
    3    3    1    1    1    1    1    1    1    1  1.84564E+17 0.01137 
];


DET1001E = [
 1.00000E-09  6.25000E-07  3.13000E-07
 6.25000E-07  1.00000E-01  5.00003E-02
 1.00000E-01  2.00000E+01  1.00500E+01
];

DET1002 = [
    1    1    1    1    1    1    1    1    1    1  1.70020E+17 0.00704 
    2    2    1    1    1    1    1    1    1    1  3.74017E+17 0.00485 
    3    3    1    1    1    1    1    1    1    1  1.78510E+17 0.00629 
];


DET1002E = [
 1.00000E-09  6.25000E-07  3.13000E-07
 6.25000E-07  1.00000E-01  5.00003E-02
 1.00000E-01  2.00000E+01  1.00500E+01
];
