
DET1001 = [
    1    1    1    1    1    1    1    1    1    1  5.04084E+18 0.00430 
    2    2    1    1    1    1    1    1    1    1  1.85594E+18 0.00580 
    3    3    1    1    1    1    1    1    1    1  1.91672E+17 0.01181 
];


DET1001E = [
 1.00000E-09  6.25000E-07  3.13000E-07
 6.25000E-07  1.00000E-01  5.00003E-02
 1.00000E-01  2.00000E+01  1.00500E+01
];

DET1002 = [
    1    1    1    1    1    1    1    1    1    1  1.69729E+17 0.00725 
    2    2    1    1    1    1    1    1    1    1  3.86235E+17 0.00487 
    3    3    1    1    1    1    1    1    1    1  1.84351E+17 0.00679 
];


DET1002E = [
 1.00000E-09  6.25000E-07  3.13000E-07
 6.25000E-07  1.00000E-01  5.00003E-02
 1.00000E-01  2.00000E+01  1.00500E+01
];
