
ZAI = [
10030
541350
922350
922380
942380
942390
942400
942410
942420
952410
952440
952450
666
0
];

NAMES = [
'H3              '
'Xe135           '
'U235            '
'U238            '
'Pu238           '
'Pu239           '
'Pu240           '
'Pu241           '
'Pu242           '
'Am241           '
'Am244           '
'Am245           '
'lost            '
'total           '
];

i10030  = 1; iH3               = 1;
i541350 = 2; iXe135            = 2;
i922350 = 3; iU235             = 3;
i922380 = 4; iU238             = 4;
i942380 = 5; iPu238            = 5;
i942390 = 6; iPu239            = 6;
i942400 = 7; iPu240            = 7;
i942410 = 8; iPu241            = 8;
i942420 = 9; iPu242            = 9;
i952410 = 10; iAm241            = 10;
i952440 = 11; iAm244            = 11;
i952450 = 12; iAm245            = 12;
iLOST    = 13;
iTOT     = 14;

MAT_uco_VOLUME = [ 1.60170E+04 1.60170E+04 1.60170E+04 1.60170E+04 ];

MAT_uco_BURNUP = [ 0.00000E+00 6.33469E-01 1.12755E+01 2.31845E+01 ];

MAT_uco_ADENS = [
0.00000E+00 1.18715E-13 1.76228E-12 2.95551E-12 % H3
0.00000E+00 4.98381E-08 4.94840E-08 4.84158E-08 % Xe135
4.87458E-03 4.85415E-03 4.51954E-03 4.16291E-03 % U235
2.01233E-02 2.01195E-02 2.00531E-02 1.99761E-02 % U238
0.00000E+00 1.88200E-13 6.00013E-09 5.97913E-08 % Pu238
0.00000E+00 1.77386E-06 5.43913E-05 9.46644E-05 % Pu239
0.00000E+00 7.67110E-09 4.18785E-06 1.42635E-05 % Pu240
0.00000E+00 4.58352E-11 5.07482E-07 3.48527E-06 % Pu241
0.00000E+00 5.22763E-14 1.18480E-08 1.80004E-07 % Pu242
0.00000E+00 6.74331E-15 1.45195E-09 2.05572E-08 % Am241
0.00000E+00 2.84891E-22 3.05744E-15 1.07854E-13 % Am244
0.00000E+00 7.83312E-26 7.69912E-19 2.78250E-17 % Am245
0.00000E+00 1.33851E-07 2.39571E-06 4.94511E-06 % lost data
7.04699E-02 7.04861E-02 7.07597E-02 7.10653E-02 % total
];

MAT_uco_MDENS = [
0.00000E+00 5.94460E-13 8.82452E-12 1.47995E-11 % H3
0.00000E+00 1.11648E-05 1.10855E-05 1.08462E-05 % Xe135
1.90258E+00 1.89460E+00 1.76400E+00 1.62481E+00 % U235
7.95473E+00 7.95321E+00 7.92697E+00 7.89654E+00 % U238
0.00000E+00 7.43947E-11 2.37183E-06 2.36353E-05 % Pu238
0.00000E+00 7.04155E-04 2.15913E-02 3.75782E-02 % Pu239
0.00000E+00 3.05790E-06 1.66938E-03 5.68582E-03 % Pu240
0.00000E+00 1.83468E-08 2.03134E-04 1.39507E-03 % Pu241
0.00000E+00 2.10127E-11 4.76234E-06 7.23533E-05 % Pu242
0.00000E+00 2.69928E-12 5.81201E-07 8.22886E-06 % Am241
0.00000E+00 1.15462E-19 1.23914E-12 4.37115E-11 % Am244
0.00000E+00 3.18768E-23 3.13315E-16 1.13234E-14 % Am245
0.00000E+00 0.00000E+00 0.00000E+00 0.00000E+00 % lost data
1.10000E+01 1.09999E+01 1.09983E+01 1.09966E+01 % total
];

MAT_uco_A = [
0.00000E+00 3.38999E+06 5.03231E+07 8.43964E+07 % H3
0.00000E+00 1.68159E+16 1.66964E+16 1.63360E+16 % Xe135
2.43595E+09 2.42574E+09 2.25852E+09 2.08031E+09 % U235
1.58449E+09 1.58419E+09 1.57896E+09 1.57290E+09 % U238
0.00000E+00 7.54955E+05 2.40693E+10 2.39851E+11 % Pu238
0.00000E+00 2.58836E+10 7.93660E+11 1.38131E+12 % Pu239
0.00000E+00 4.11330E+08 2.24555E+11 7.64822E+11 % Pu240
0.00000E+00 1.12842E+09 1.24937E+13 8.58037E+13 % Pu241
0.00000E+00 4.90432E+01 1.11152E+07 1.68872E+08 % Pu242
0.00000E+00 5.48389E+03 1.18078E+09 1.67178E+10 % Am241
0.00000E+00 8.69882E+01 9.33557E+08 3.29319E+10 % Am244
0.00000E+00 1.17838E-01 1.15822E+06 4.18586E+07 % Am245
0.00000E+00 0.00000E+00 0.00000E+00 0.00000E+00 % lost data
4.02044E+09 3.27415E+18 3.60197E+18 3.64206E+18 % total
];

MAT_uco_H = [
0.00000E+00 3.09045E-09 4.58764E-08 7.69390E-08 % H3
0.00000E+00 1.51598E+03 1.50521E+03 1.47271E+03 % Xe135
1.80023E-03 1.79268E-03 1.66911E-03 1.53740E-03 % U235
1.08534E-03 1.08513E-03 1.08155E-03 1.07740E-03 % U238
0.00000E+00 6.75977E-07 2.15513E-02 2.14759E-01 % Pu238
0.00000E+00 2.17356E-02 6.66472E-01 1.15995E+00 % Pu239
0.00000E+00 3.46056E-04 1.88921E-01 6.43453E-01 % Pu240
0.00000E+00 9.68161E-07 1.07194E-02 7.36181E-02 % Pu241
0.00000E+00 3.91469E-11 8.87230E-06 1.34795E-04 % Pu242
0.00000E+00 4.91676E-09 1.05866E-03 1.49889E-02 % Am241
0.00000E+00 1.54524E-11 1.65835E-04 5.84994E-03 % Am244
0.00000E+00 5.94531E-15 5.84360E-08 2.11191E-06 % Am245
0.00000E+00 0.00000E+00 0.00000E+00 0.00000E+00 % lost data
2.88556E-03 1.19447E+06 1.21384E+06 1.20233E+06 % total
];

MAT_uco_SF = [
0.00000E+00 0.00000E+00 0.00000E+00 0.00000E+00 % H3
0.00000E+00 0.00000E+00 0.00000E+00 0.00000E+00 % Xe135
1.75388E-01 1.74653E-01 1.62614E-01 1.49782E-01 % U235
8.65132E+04 8.64967E+04 8.62113E+04 8.58804E+04 % U238
0.00000E+00 1.40422E-03 4.47689E+01 4.46122E+02 % Pu238
0.00000E+00 8.02392E-02 2.46035E+00 4.28207E+00 % Pu239
0.00000E+00 2.34458E+01 1.27997E+04 4.35949E+04 % Pu240
0.00000E+00 0.00000E+00 0.00000E+00 0.00000E+00 % Pu241
0.00000E+00 2.69738E-04 6.11338E+01 9.28793E+02 % Pu242
0.00000E+00 2.35807E-08 5.07733E-03 7.18867E-02 % Am241
0.00000E+00 0.00000E+00 0.00000E+00 0.00000E+00 % Am244
0.00000E+00 0.00000E+00 0.00000E+00 0.00000E+00 % Am245
0.00000E+00 0.00000E+00 0.00000E+00 0.00000E+00 % lost data
8.65133E+04 8.65204E+04 1.01929E+05 2.17102E+05 % total
];

MAT_uco_ING_TOX = [
0.00000E+00 1.42380E-04 2.11357E-03 3.54465E-03 % H3
0.00000E+00 3.53133E+09 3.50624E+09 3.43055E+09 % Xe135
1.14490E+02 1.14010E+02 1.06151E+02 9.77745E+01 % U235
7.13020E+01 7.12885E+01 7.10533E+01 7.07805E+01 % U238
0.00000E+00 1.73640E-01 5.53594E+03 5.51657E+04 % Pu238
0.00000E+00 6.47090E+03 1.98415E+05 3.45328E+05 % Pu239
0.00000E+00 1.02833E+02 5.61389E+04 1.91206E+05 % Pu240
0.00000E+00 5.41639E+00 5.99697E+04 4.11858E+05 % Pu241
0.00000E+00 1.17704E-05 2.66766E+00 4.05292E+01 % Pu242
0.00000E+00 1.09678E-03 2.36155E+02 3.34357E+03 % Am241
0.00000E+00 4.00146E-08 4.29436E-01 1.51487E+01 % Am244
0.00000E+00 7.30594E-12 7.18096E-05 2.59523E-03 % Am245
0.00000E+00 0.00000E+00 0.00000E+00 0.00000E+00 % lost data
1.85792E+02 4.46233E+10 5.96477E+10 5.92916E+10 % total
];

MAT_uco_INH_TOX = [
0.00000E+00 8.81398E-04 1.30840E-02 2.19431E-02 % H3
0.00000E+00 1.84974E+09 1.83660E+09 1.79696E+09 % Xe135
2.07056E+04 2.06188E+04 1.91974E+04 1.76826E+04 % U235
1.26759E+04 1.26735E+04 1.26317E+04 1.25832E+04 % U238
0.00000E+00 8.30451E+01 2.64762E+06 2.63836E+07 % Pu238
0.00000E+00 3.10603E+06 9.52392E+07 1.65758E+08 % Pu239
0.00000E+00 4.93596E+04 2.69467E+07 9.17787E+07 % Pu240
0.00000E+00 2.59535E+03 2.87355E+07 1.97348E+08 % Pu241
0.00000E+00 5.39476E-03 1.22268E+03 1.85759E+04 % Pu242
0.00000E+00 5.26454E-01 1.13354E+05 1.60491E+06 % Am241
0.00000E+00 3.21856E-07 3.45416E+00 1.21848E+02 % Am244
0.00000E+00 6.59892E-12 6.48603E-05 2.34408E-03 % Am245
0.00000E+00 0.00000E+00 0.00000E+00 0.00000E+00 % lost data
3.33815E+04 4.37651E+10 5.82640E+10 5.98778E+10 % total
];

TOT_VOLUME = [ 1.60170E+04 1.60170E+04 1.60170E+04 1.60170E+04 ];

TOT_BURNUP = [ 0.00000E+00 6.33469E-01 1.12755E+01 2.31845E+01 ];

TOT_ADENS = [
0.00000E+00 1.18715E-13 1.76228E-12 2.95551E-12 % H3
0.00000E+00 4.98381E-08 4.94840E-08 4.84158E-08 % Xe135
4.87458E-03 4.85415E-03 4.51954E-03 4.16291E-03 % U235
2.01233E-02 2.01195E-02 2.00531E-02 1.99761E-02 % U238
0.00000E+00 1.88200E-13 6.00013E-09 5.97913E-08 % Pu238
0.00000E+00 1.77386E-06 5.43913E-05 9.46644E-05 % Pu239
0.00000E+00 7.67110E-09 4.18785E-06 1.42635E-05 % Pu240
0.00000E+00 4.58352E-11 5.07482E-07 3.48527E-06 % Pu241
0.00000E+00 5.22763E-14 1.18480E-08 1.80004E-07 % Pu242
0.00000E+00 6.74331E-15 1.45195E-09 2.05572E-08 % Am241
0.00000E+00 2.84891E-22 3.05744E-15 1.07854E-13 % Am244
0.00000E+00 7.83312E-26 7.69912E-19 2.78250E-17 % Am245
0.00000E+00 1.33851E-07 2.39571E-06 4.94511E-06 % lost data
7.04699E-02 7.04861E-02 7.07597E-02 7.10653E-02 % total
];

