
ZAI = [
10030
541350
922350
922380
942380
942390
942400
942410
942420
952410
952440
952450
666
0
];

NAMES = [
'H3              '
'Xe135           '
'U235            '
'U238            '
'Pu238           '
'Pu239           '
'Pu240           '
'Pu241           '
'Pu242           '
'Am241           '
'Am244           '
'Am245           '
'lost            '
'total           '
];

i10030  = 1; iH3               = 1;
i541350 = 2; iXe135            = 2;
i922350 = 3; iU235             = 3;
i922380 = 4; iU238             = 4;
i942380 = 5; iPu238            = 5;
i942390 = 6; iPu239            = 6;
i942400 = 7; iPu240            = 7;
i942410 = 8; iPu241            = 8;
i942420 = 9; iPu242            = 9;
i952410 = 10; iAm241            = 10;
i952440 = 11; iAm244            = 11;
i952450 = 12; iAm245            = 12;
iLOST    = 13;
iTOT     = 14;

MAT_uco_VOLUME = [ 2.13640E+04 2.13640E+04 2.13640E+04 2.13640E+04 ];

MAT_uco_BURNUP = [ 0.00000E+00 4.74921E-01 8.45359E+00 1.73821E+01 ];

MAT_uco_ADENS = [
0.00000E+00 1.08372E-13 1.68718E-12 3.00366E-12 % H3
0.00000E+00 4.50905E-08 4.52399E-08 4.49094E-08 % Xe135
4.87458E-03 4.85914E-03 4.60539E-03 4.33344E-03 % U235
2.01233E-02 2.01200E-02 2.00628E-02 1.99968E-02 % U238
0.00000E+00 1.41688E-13 3.60094E-09 3.50954E-08 % Pu238
0.00000E+00 1.53252E-06 4.93023E-05 9.01589E-05 % Pu239
0.00000E+00 5.07578E-09 2.81370E-06 9.95607E-06 % Pu240
0.00000E+00 2.66943E-11 2.96901E-07 2.15734E-06 % Pu241
0.00000E+00 2.27433E-14 5.06096E-09 7.94544E-08 % Pu242
0.00000E+00 3.95515E-15 8.51400E-10 1.28348E-08 % Am241
0.00000E+00 1.01410E-22 1.00107E-15 3.67443E-14 % Am244
0.00000E+00 2.12653E-26 1.90325E-19 7.08323E-18 % Am245
0.00000E+00 1.00368E-07 1.79518E-06 3.70451E-06 % lost data
7.04699E-02 7.04821E-02 7.06872E-02 7.09164E-02 % total
];

MAT_uco_MDENS = [
0.00000E+00 5.42664E-13 8.44845E-12 1.50407E-11 % H3
0.00000E+00 1.01013E-05 1.01347E-05 1.00607E-05 % Xe135
1.90258E+00 1.89655E+00 1.79751E+00 1.69137E+00 % U235
7.95473E+00 7.95342E+00 7.93081E+00 7.90473E+00 % U238
0.00000E+00 5.60090E-11 1.42344E-06 1.38731E-05 % Pu238
0.00000E+00 6.08353E-04 1.95712E-02 3.57897E-02 % Pu239
0.00000E+00 2.02334E-06 1.12162E-03 3.96875E-03 % Pu240
0.00000E+00 1.06851E-08 1.18843E-04 8.63533E-04 % Pu241
0.00000E+00 9.14176E-12 2.03427E-06 3.19370E-05 % Pu242
0.00000E+00 1.58321E-12 3.40808E-07 5.13766E-06 % Am241
0.00000E+00 4.10999E-20 4.05718E-13 1.48919E-11 % Am244
0.00000E+00 8.65389E-24 7.74525E-17 2.88251E-15 % Am245
0.00000E+00 0.00000E+00 0.00000E+00 0.00000E+00 % lost data
1.10000E+01 1.09999E+01 1.09988E+01 1.09975E+01 % total
];

MAT_uco_A = [
0.00000E+00 4.12771E+06 6.42621E+07 1.14405E+08 % H3
0.00000E+00 2.02929E+16 2.03602E+16 2.02114E+16 % Xe135
3.24915E+09 3.23886E+09 3.06972E+09 2.88846E+09 % U235
2.11345E+09 2.11310E+09 2.10709E+09 2.10017E+09 % U238
0.00000E+00 7.58122E+05 1.92673E+10 1.87782E+11 % Pu238
0.00000E+00 2.98273E+10 9.59566E+11 1.75475E+12 % Pu239
0.00000E+00 3.63026E+08 2.01240E+11 7.12071E+11 % Pu240
0.00000E+00 8.76579E+08 9.74953E+12 7.08418E+13 % Pu241
0.00000E+00 2.84597E+01 6.33301E+06 9.94248E+07 % Pu242
0.00000E+00 4.29023E+03 9.23532E+08 1.39222E+10 % Am241
0.00000E+00 4.13013E+01 4.07706E+08 1.49649E+10 % Am244
0.00000E+00 4.26700E-02 3.81898E+05 1.42129E+07 % Am245
0.00000E+00 0.00000E+00 0.00000E+00 0.00000E+00 % lost data
5.36260E+09 3.31629E+18 3.67050E+18 3.72001E+18 % total
];

MAT_uco_H = [
0.00000E+00 3.76298E-09 5.85838E-08 1.04296E-07 % H3
0.00000E+00 1.82944E+03 1.83550E+03 1.82209E+03 % Xe135
2.40121E-03 2.39360E-03 2.26861E-03 2.13464E-03 % U235
1.44766E-03 1.44742E-03 1.44331E-03 1.43856E-03 % U238
0.00000E+00 6.78812E-07 1.72517E-02 1.68138E-01 % Pu238
0.00000E+00 2.50474E-02 8.05791E-01 1.47355E+00 % Pu239
0.00000E+00 3.05418E-04 1.69305E-01 5.99073E-01 % Pu240
0.00000E+00 7.52090E-07 8.36493E-03 6.07811E-02 % Pu241
0.00000E+00 2.27168E-11 5.05507E-06 7.93619E-05 % Pu242
0.00000E+00 3.84654E-09 8.28022E-04 1.24824E-02 % Am241
0.00000E+00 7.33666E-12 7.24239E-05 2.65833E-03 % Am244
0.00000E+00 2.15284E-15 1.92680E-08 7.17089E-07 % Am245
0.00000E+00 0.00000E+00 0.00000E+00 0.00000E+00 % lost data
3.84887E-03 1.19808E+06 1.22633E+06 1.21875E+06 % total
];

MAT_uco_SF = [
0.00000E+00 0.00000E+00 0.00000E+00 0.00000E+00 % H3
0.00000E+00 0.00000E+00 0.00000E+00 0.00000E+00 % Xe135
2.33939E-01 2.33198E-01 2.21020E-01 2.07969E-01 % U235
1.15394E+05 1.15375E+05 1.15047E+05 1.14669E+05 % U238
0.00000E+00 1.41011E-03 3.58371E+01 3.49275E+02 % Pu238
0.00000E+00 9.24648E-02 2.97466E+00 5.43974E+00 % Pu239
0.00000E+00 2.06925E+01 1.14707E+04 4.05880E+04 % Pu240
0.00000E+00 0.00000E+00 0.00000E+00 0.00000E+00 % Pu241
0.00000E+00 1.56528E-04 3.48315E+01 5.46836E+02 % Pu242
0.00000E+00 1.84480E-08 3.97119E-03 5.98655E-02 % Am241
0.00000E+00 0.00000E+00 0.00000E+00 0.00000E+00 % Am244
0.00000E+00 0.00000E+00 0.00000E+00 0.00000E+00 % Am245
0.00000E+00 0.00000E+00 0.00000E+00 0.00000E+00 % lost data
1.15395E+05 1.15396E+05 1.28255E+05 2.09054E+05 % total
];

MAT_uco_ING_TOX = [
0.00000E+00 1.73364E-04 2.69901E-03 4.80501E-03 % H3
0.00000E+00 4.26152E+09 4.27563E+09 4.24440E+09 % Xe135
1.52710E+02 1.52226E+02 1.44277E+02 1.35757E+02 % U235
9.51052E+01 9.50896E+01 9.48192E+01 9.45075E+01 % U238
0.00000E+00 1.74368E-01 4.43147E+03 4.31899E+04 % Pu238
0.00000E+00 7.45684E+03 2.39892E+05 4.38688E+05 % Pu239
0.00000E+00 9.07566E+01 5.03099E+04 1.78018E+05 % Pu240
0.00000E+00 4.20758E+00 4.67977E+04 3.40041E+05 % Pu241
0.00000E+00 6.83033E-06 1.51992E+00 2.38619E+01 % Pu242
0.00000E+00 8.58047E-04 1.84706E+02 2.78444E+03 % Am241
0.00000E+00 1.89986E-08 1.87545E-01 6.88386E+00 % Am244
0.00000E+00 2.64554E-12 2.36777E-05 8.81201E-04 % Am245
0.00000E+00 0.00000E+00 0.00000E+00 0.00000E+00 % lost data
2.47815E+02 4.53902E+10 6.07824E+10 6.06337E+10 % total
];

MAT_uco_INH_TOX = [
0.00000E+00 1.07320E-03 1.67081E-02 2.97453E-02 % H3
0.00000E+00 2.23222E+09 2.23962E+09 2.22325E+09 % Xe135
2.76178E+04 2.75303E+04 2.60927E+04 2.45519E+04 % U235
1.69076E+04 1.69048E+04 1.68568E+04 1.68013E+04 % U238
0.00000E+00 8.33934E+01 2.11940E+06 2.06561E+07 % Pu238
0.00000E+00 3.57928E+06 1.15148E+08 2.10570E+08 % Pu239
0.00000E+00 4.35632E+04 2.41488E+07 8.54485E+07 % Pu240
0.00000E+00 2.01613E+03 2.24239E+07 1.62936E+08 % Pu241
0.00000E+00 3.13057E-03 6.96631E+02 1.09367E+04 % Pu242
0.00000E+00 4.11862E-01 8.86591E+04 1.33653E+06 % Am241
0.00000E+00 1.52815E-07 1.50851E+00 5.53702E+01 % Am244
0.00000E+00 2.38952E-12 2.13863E-05 7.95924E-04 % Am245
0.00000E+00 0.00000E+00 0.00000E+00 0.00000E+00 % lost data
4.45254E+04 4.41971E+10 5.90263E+10 6.08012E+10 % total
];

TOT_VOLUME = [ 2.13640E+04 2.13640E+04 2.13640E+04 2.13640E+04 ];

TOT_BURNUP = [ 0.00000E+00 4.74921E-01 8.45359E+00 1.73821E+01 ];

TOT_ADENS = [
0.00000E+00 1.08372E-13 1.68718E-12 3.00366E-12 % H3
0.00000E+00 4.50905E-08 4.52399E-08 4.49094E-08 % Xe135
4.87458E-03 4.85914E-03 4.60539E-03 4.33344E-03 % U235
2.01233E-02 2.01200E-02 2.00628E-02 1.99968E-02 % U238
0.00000E+00 1.41688E-13 3.60094E-09 3.50954E-08 % Pu238
0.00000E+00 1.53252E-06 4.93023E-05 9.01589E-05 % Pu239
0.00000E+00 5.07578E-09 2.81370E-06 9.95607E-06 % Pu240
0.00000E+00 2.66943E-11 2.96901E-07 2.15734E-06 % Pu241
0.00000E+00 2.27433E-14 5.06096E-09 7.94544E-08 % Pu242
0.00000E+00 3.95515E-15 8.51400E-10 1.28348E-08 % Am241
0.00000E+00 1.01410E-22 1.00107E-15 3.67443E-14 % Am244
0.00000E+00 2.12653E-26 1.90325E-19 7.08323E-18 % Am245
0.00000E+00 1.00368E-07 1.79518E-06 3.70451E-06 % lost data
7.04699E-02 7.04821E-02 7.06872E-02 7.09164E-02 % total
];

