
DET1001 = [
    1    1    1    1    1    1    1    1    1    1  4.50674E+18 0.00445 
    2    2    1    1    1    1    1    1    1    1  1.80711E+18 0.00594 
    3    3    1    1    1    1    1    1    1    1  1.87493E+17 0.01157 
];


DET1001E = [
 1.00000E-09  6.25000E-07  3.13000E-07
 6.25000E-07  1.00000E-01  5.00003E-02
 1.00000E-01  2.00000E+01  1.00500E+01
];

DET1002 = [
    1    1    1    1    1    1    1    1    1    1  1.21292E+17 0.00865 
    2    2    1    1    1    1    1    1    1    1  3.67222E+17 0.00525 
    3    3    1    1    1    1    1    1    1    1  1.80683E+17 0.00664 
];


DET1002E = [
 1.00000E-09  6.25000E-07  3.13000E-07
 6.25000E-07  1.00000E-01  5.00003E-02
 1.00000E-01  2.00000E+01  1.00500E+01
];
