
DET1001 = [
    1    1    1    1    1    1    1    1    1    1  4.41053E+18 0.00460 
    2    2    1    1    1    1    1    1    1    1  1.77209E+18 0.00545 
    3    3    1    1    1    1    1    1    1    1  1.83547E+17 0.01141 
];


DET1001E = [
 1.00000E-09  6.25000E-07  3.13000E-07
 6.25000E-07  1.00000E-01  5.00003E-02
 1.00000E-01  2.00000E+01  1.00500E+01
];

DET1002 = [
    1    1    1    1    1    1    1    1    1    1  1.21176E+17 0.00828 
    2    2    1    1    1    1    1    1    1    1  3.51962E+17 0.00498 
    3    3    1    1    1    1    1    1    1    1  1.74145E+17 0.00625 
];


DET1002E = [
 1.00000E-09  6.25000E-07  3.13000E-07
 6.25000E-07  1.00000E-01  5.00003E-02
 1.00000E-01  2.00000E+01  1.00500E+01
];
