
DET1001 = [
    1    1    1    1    1    1    1    1    1    1  4.60589E+18 0.00492 
    2    2    1    1    1    1    1    1    1    1  1.86373E+18 0.00570 
    3    3    1    1    1    1    1    1    1    1  1.91934E+17 0.01265 
];


DET1001E = [
 1.00000E-09  6.25000E-07  3.13000E-07
 6.25000E-07  1.00000E-01  5.00003E-02
 1.00000E-01  2.00000E+01  1.00500E+01
];

DET1002 = [
    1    1    1    1    1    1    1    1    1    1  1.17987E+17 0.00799 
    2    2    1    1    1    1    1    1    1    1  3.73407E+17 0.00483 
    3    3    1    1    1    1    1    1    1    1  1.84676E+17 0.00611 
];


DET1002E = [
 1.00000E-09  6.25000E-07  3.13000E-07
 6.25000E-07  1.00000E-01  5.00003E-02
 1.00000E-01  2.00000E+01  1.00500E+01
];
