
DET1001 = [
    1    1    1    1    1    1    1    1    1    1  6.04588E+18 0.00417 
    2    2    1    1    1    1    1    1    1    1  2.23244E+18 0.00521 
    3    3    1    1    1    1    1    1    1    1  3.70407E+17 0.00973 
];


DET1001E = [
 1.00000E-09  6.25000E-07  3.13000E-07
 6.25000E-07  1.00000E-01  5.00003E-02
 1.00000E-01  2.00000E+01  1.00500E+01
];

DET1002 = [
    1    1    1    1    1    1    1    1    1    1  1.91191E+17 0.00732 
    2    2    1    1    1    1    1    1    1    1  4.01312E+17 0.00491 
    3    3    1    1    1    1    1    1    1    1  2.12366E+17 0.00619 
];


DET1002E = [
 1.00000E-09  6.25000E-07  3.13000E-07
 6.25000E-07  1.00000E-01  5.00003E-02
 1.00000E-01  2.00000E+01  1.00500E+01
];
