
ZAI = [
10030
541350
922350
922380
942380
942390
942400
942410
942420
952410
952440
952450
666
0
];

NAMES = [
'H3              '
'Xe135           '
'U235            '
'U238            '
'Pu238           '
'Pu239           '
'Pu240           '
'Pu241           '
'Pu242           '
'Am241           '
'Am244           '
'Am245           '
'lost            '
'total           '
];

i10030  = 1; iH3               = 1;
i541350 = 2; iXe135            = 2;
i922350 = 3; iU235             = 3;
i922380 = 4; iU238             = 4;
i942380 = 5; iPu238            = 5;
i942390 = 6; iPu239            = 6;
i942400 = 7; iPu240            = 7;
i942410 = 8; iPu241            = 8;
i942420 = 9; iPu242            = 9;
i952410 = 10; iAm241            = 10;
i952440 = 11; iAm244            = 11;
i952450 = 12; iAm245            = 12;
iLOST    = 13;
iTOT     = 14;

MAT_uco_VOLUME = [ 1.96207E+04 1.96207E+04 1.96207E+04 1.96207E+04 ];

MAT_uco_BURNUP = [ 0.00000E+00 5.17100E-01 9.20439E+00 1.89259E+01 ];

MAT_uco_ADENS = [
0.00000E+00 1.07179E-13 1.60749E-12 2.73806E-12 % H3
0.00000E+00 4.21516E-08 4.20654E-08 4.14421E-08 % Xe135
4.31104E-03 4.29440E-03 4.02204E-03 3.73197E-03 % U235
2.06805E-02 2.06771E-02 2.06186E-02 2.05508E-02 % U238
0.00000E+00 1.54121E-13 4.12538E-09 4.01881E-08 % Pu238
0.00000E+00 1.56546E-06 4.85632E-05 8.56113E-05 % Pu239
0.00000E+00 6.29716E-09 3.51324E-06 1.21497E-05 % Pu240
0.00000E+00 3.38379E-11 3.86949E-07 2.69559E-06 % Pu241
0.00000E+00 3.68919E-14 8.61059E-09 1.31700E-07 % Pu242
0.00000E+00 4.96835E-15 1.10664E-09 1.59190E-08 % Am241
0.00000E+00 1.67045E-22 1.80715E-15 6.35544E-14 % Am244
0.00000E+00 4.45518E-26 4.38411E-19 1.57881E-17 % Am245
0.00000E+00 1.09259E-07 1.95584E-06 4.03748E-06 % lost data
7.04520E-02 7.04652E-02 7.06886E-02 7.09381E-02 % total
];

MAT_uco_MDENS = [
0.00000E+00 5.36690E-13 8.04938E-12 1.37107E-11 % H3
0.00000E+00 9.44289E-06 9.42356E-06 9.28394E-06 % Xe135
1.68262E+00 1.67613E+00 1.56982E+00 1.45661E+00 % U235
8.17497E+00 8.17363E+00 8.15050E+00 8.12372E+00 % U238
0.00000E+00 6.09237E-11 1.63075E-06 1.58862E-05 % Pu238
0.00000E+00 6.21430E-04 1.92778E-02 3.39844E-02 % Pu239
0.00000E+00 2.51021E-06 1.40047E-03 4.84317E-03 % Pu240
0.00000E+00 1.35446E-08 1.54887E-04 1.07898E-03 % Pu241
0.00000E+00 1.48289E-11 3.46106E-06 5.29373E-05 % Pu242
0.00000E+00 1.98878E-12 4.42979E-07 6.37221E-06 % Am241
0.00000E+00 6.77008E-20 7.32412E-13 2.57577E-11 % Am244
0.00000E+00 1.81303E-23 1.78411E-16 6.42496E-15 % Am245
0.00000E+00 0.00000E+00 0.00000E+00 0.00000E+00 % lost data
1.10000E+01 1.09999E+01 1.09986E+01 1.09972E+01 % total
];

MAT_uco_A = [
0.00000E+00 3.74916E+06 5.62306E+07 9.57786E+07 % H3
0.00000E+00 1.74223E+16 1.73867E+16 1.71291E+16 % Xe135
2.63904E+09 2.62885E+09 2.46213E+09 2.28456E+09 % U235
1.99473E+09 1.99441E+09 1.98876E+09 1.98223E+09 % U238
0.00000E+00 7.57355E+05 2.02722E+10 1.97485E+11 % Pu238
0.00000E+00 2.79823E+10 8.68055E+11 1.53028E+12 % Pu239
0.00000E+00 4.13630E+08 2.30767E+11 7.98053E+11 % Pu240
0.00000E+00 1.02049E+09 1.16697E+13 8.12940E+13 % Pu241
0.00000E+00 4.23974E+01 9.89558E+06 1.51354E+08 % Pu242
0.00000E+00 4.94951E+03 1.10245E+09 1.58586E+10 % Am241
0.00000E+00 6.24812E+01 6.75944E+08 2.37718E+10 % Am244
0.00000E+00 8.21011E-02 8.07913E+05 2.90947E+07 % Am245
0.00000E+00 0.00000E+00 0.00000E+00 0.00000E+00 % lost data
4.63377E+09 3.29527E+18 3.63455E+18 3.67567E+18 % total
];

MAT_uco_H = [
0.00000E+00 3.41788E-09 5.12620E-08 8.73154E-08 % H3
0.00000E+00 1.57065E+03 1.56743E+03 1.54421E+03 % Xe135
1.95032E-03 1.94279E-03 1.81958E-03 1.68835E-03 % U235
1.36634E-03 1.36612E-03 1.36225E-03 1.35777E-03 % U238
0.00000E+00 6.78125E-07 1.81514E-02 1.76825E-01 % Pu238
0.00000E+00 2.34979E-02 7.28944E-01 1.28504E+00 % Pu239
0.00000E+00 3.47991E-04 1.94147E-01 6.71410E-01 % Pu240
0.00000E+00 8.75561E-07 1.00124E-02 6.97488E-02 % Pu241
0.00000E+00 3.38421E-11 7.89876E-06 1.20812E-04 % Pu242
0.00000E+00 4.43764E-09 9.88433E-04 1.42185E-02 % Am241
0.00000E+00 1.10990E-11 1.20073E-04 4.22276E-03 % Am244
0.00000E+00 4.14227E-15 4.07619E-08 1.46793E-06 % Am245
0.00000E+00 0.00000E+00 0.00000E+00 0.00000E+00 % lost data
3.31666E-03 1.19618E+06 1.21889E+06 1.20769E+06 % total
];

MAT_uco_SF = [
0.00000E+00 0.00000E+00 0.00000E+00 0.00000E+00 % H3
0.00000E+00 0.00000E+00 0.00000E+00 0.00000E+00 % Xe135
1.90011E-01 1.89278E-01 1.77273E-01 1.64488E-01 % U235
1.08912E+05 1.08895E+05 1.08586E+05 1.08230E+05 % U238
0.00000E+00 1.40868E-03 3.77063E+01 3.67322E+02 % Pu238
0.00000E+00 8.67450E-02 2.69097E+00 4.74386E+00 % Pu239
0.00000E+00 2.35769E+01 1.31537E+04 4.54890E+04 % Pu240
0.00000E+00 0.00000E+00 0.00000E+00 0.00000E+00 % Pu241
0.00000E+00 2.33186E-04 5.44257E+01 8.32446E+02 % Pu242
0.00000E+00 2.12829E-08 4.74052E-03 6.81920E-02 % Am241
0.00000E+00 0.00000E+00 0.00000E+00 0.00000E+00 % Am244
0.00000E+00 0.00000E+00 0.00000E+00 0.00000E+00 % Am245
0.00000E+00 0.00000E+00 0.00000E+00 0.00000E+00 % lost data
1.08913E+05 1.08918E+05 1.24311E+05 2.31227E+05 % total
];

MAT_uco_ING_TOX = [
0.00000E+00 1.57465E-04 2.36168E-03 4.02270E-03 % H3
0.00000E+00 3.65869E+09 3.65120E+09 3.59710E+09 % Xe135
1.24035E+02 1.23556E+02 1.15720E+02 1.07374E+02 % U235
8.97629E+01 8.97483E+01 8.94942E+01 8.92001E+01 % U238
0.00000E+00 1.74192E-01 4.66260E+03 4.54215E+04 % Pu238
0.00000E+00 6.99556E+03 2.17014E+05 3.82569E+05 % Pu239
0.00000E+00 1.03407E+02 5.76918E+04 1.99513E+05 % Pu240
0.00000E+00 4.89834E+00 5.60143E+04 3.90211E+05 % Pu241
0.00000E+00 1.01754E-05 2.37494E+00 3.63249E+01 % Pu242
0.00000E+00 9.89902E-04 2.20489E+02 3.17172E+03 % Am241
0.00000E+00 2.87413E-08 3.10934E-01 1.09350E+01 % Am244
0.00000E+00 5.09027E-12 5.00906E-05 1.80387E-03 % Am245
0.00000E+00 0.00000E+00 0.00000E+00 0.00000E+00 % lost data
2.13798E+02 4.47646E+10 5.99609E+10 5.96571E+10 % total
];

MAT_uco_INH_TOX = [
0.00000E+00 9.74781E-04 1.46199E-02 2.49024E-02 % H3
0.00000E+00 1.91645E+09 1.91253E+09 1.88420E+09 % Xe135
2.24319E+04 2.23453E+04 2.09281E+04 1.94187E+04 % U235
1.59579E+04 1.59552E+04 1.59101E+04 1.58578E+04 % U238
0.00000E+00 8.33090E+01 2.22994E+06 2.17233E+07 % Pu238
0.00000E+00 3.35787E+06 1.04167E+08 1.83633E+08 % Pu239
0.00000E+00 4.96356E+04 2.76921E+07 9.57663E+07 % Pu240
0.00000E+00 2.34712E+03 2.68402E+07 1.86976E+08 % Pu241
0.00000E+00 4.66372E-03 1.08851E+03 1.66489E+04 % Pu242
0.00000E+00 4.75153E-01 1.05835E+05 1.52243E+06 % Am241
0.00000E+00 2.31180E-07 2.50099E+00 8.79556E+01 % Am244
0.00000E+00 4.59766E-12 4.52431E-05 1.62931E-03 % Am245
0.00000E+00 0.00000E+00 0.00000E+00 0.00000E+00 % lost data
3.83897E+04 4.38511E+10 5.85209E+10 6.01778E+10 % total
];

TOT_VOLUME = [ 1.96207E+04 1.96207E+04 1.96207E+04 1.96207E+04 ];

TOT_BURNUP = [ 0.00000E+00 5.17100E-01 9.20439E+00 1.89259E+01 ];

TOT_ADENS = [
0.00000E+00 1.07179E-13 1.60749E-12 2.73806E-12 % H3
0.00000E+00 4.21516E-08 4.20654E-08 4.14421E-08 % Xe135
4.31104E-03 4.29440E-03 4.02204E-03 3.73197E-03 % U235
2.06805E-02 2.06771E-02 2.06186E-02 2.05508E-02 % U238
0.00000E+00 1.54121E-13 4.12538E-09 4.01881E-08 % Pu238
0.00000E+00 1.56546E-06 4.85632E-05 8.56113E-05 % Pu239
0.00000E+00 6.29716E-09 3.51324E-06 1.21497E-05 % Pu240
0.00000E+00 3.38379E-11 3.86949E-07 2.69559E-06 % Pu241
0.00000E+00 3.68919E-14 8.61059E-09 1.31700E-07 % Pu242
0.00000E+00 4.96835E-15 1.10664E-09 1.59190E-08 % Am241
0.00000E+00 1.67045E-22 1.80715E-15 6.35544E-14 % Am244
0.00000E+00 4.45518E-26 4.38411E-19 1.57881E-17 % Am245
0.00000E+00 1.09259E-07 1.95584E-06 4.03748E-06 % lost data
7.04520E-02 7.04652E-02 7.06886E-02 7.09381E-02 % total
];

