
DET1001 = [
    1    1    1    1    1    1    1    1    1    1  6.13458E+18 0.00429 
    2    2    1    1    1    1    1    1    1    1  2.26148E+18 0.00525 
    3    3    1    1    1    1    1    1    1    1  3.67446E+17 0.01066 
];


DET1001E = [
 1.00000E-09  6.25000E-07  3.13000E-07
 6.25000E-07  1.00000E-01  5.00003E-02
 1.00000E-01  2.00000E+01  1.00500E+01
];

DET1002 = [
    1    1    1    1    1    1    1    1    1    1  1.98956E+17 0.00725 
    2    2    1    1    1    1    1    1    1    1  4.22910E+17 0.00496 
    3    3    1    1    1    1    1    1    1    1  2.22235E+17 0.00616 
];


DET1002E = [
 1.00000E-09  6.25000E-07  3.13000E-07
 6.25000E-07  1.00000E-01  5.00003E-02
 1.00000E-01  2.00000E+01  1.00500E+01
];
