
DET1001 = [
    1    1    1    1    1    1    1    1    1    1  4.79721E+18 0.00476 
    2    2    1    1    1    1    1    1    1    1  2.01528E+18 0.00557 
    3    3    1    1    1    1    1    1    1    1  2.08472E+17 0.01141 
];


DET1001E = [
 1.00000E-09  6.25000E-07  3.13000E-07
 6.25000E-07  1.00000E-01  5.00003E-02
 1.00000E-01  2.00000E+01  1.00500E+01
];

DET1002 = [
    1    1    1    1    1    1    1    1    1    1  1.11639E+17 0.00888 
    2    2    1    1    1    1    1    1    1    1  3.81354E+17 0.00521 
    3    3    1    1    1    1    1    1    1    1  1.85194E+17 0.00647 
];


DET1002E = [
 1.00000E-09  6.25000E-07  3.13000E-07
 6.25000E-07  1.00000E-01  5.00003E-02
 1.00000E-01  2.00000E+01  1.00500E+01
];
