
DET1001 = [
    1    1    1    1    1    1    1    1    1    1  4.68663E+18 0.00484 
    2    2    1    1    1    1    1    1    1    1  1.96223E+18 0.00560 
    3    3    1    1    1    1    1    1    1    1  1.97907E+17 0.01118 
];


DET1001E = [
 1.00000E-09  6.25000E-07  3.13000E-07
 6.25000E-07  1.00000E-01  5.00003E-02
 1.00000E-01  2.00000E+01  1.00500E+01
];

DET1002 = [
    1    1    1    1    1    1    1    1    1    1  1.13694E+17 0.00852 
    2    2    1    1    1    1    1    1    1    1  3.62752E+17 0.00487 
    3    3    1    1    1    1    1    1    1    1  1.76242E+17 0.00623 
];


DET1002E = [
 1.00000E-09  6.25000E-07  3.13000E-07
 6.25000E-07  1.00000E-01  5.00003E-02
 1.00000E-01  2.00000E+01  1.00500E+01
];
