
DET1001 = [
    1    1    1    1    1    1    1    1    1    1  4.72337E+18 0.00479 
    2    2    1    1    1    1    1    1    1    1  1.99827E+18 0.00565 
    3    3    1    1    1    1    1    1    1    1  2.04725E+17 0.01113 
];


DET1001E = [
 1.00000E-09  6.25000E-07  3.13000E-07
 6.25000E-07  1.00000E-01  5.00003E-02
 1.00000E-01  2.00000E+01  1.00500E+01
];

DET1002 = [
    1    1    1    1    1    1    1    1    1    1  1.14919E+17 0.00855 
    2    2    1    1    1    1    1    1    1    1  3.76395E+17 0.00483 
    3    3    1    1    1    1    1    1    1    1  1.78254E+17 0.00605 
];


DET1002E = [
 1.00000E-09  6.25000E-07  3.13000E-07
 6.25000E-07  1.00000E-01  5.00003E-02
 1.00000E-01  2.00000E+01  1.00500E+01
];
