
ZAI = [
10030
541350
922350
922380
942380
942390
942400
942410
942420
952410
952440
952450
666
0
];

NAMES = [
'H3              '
'Xe135           '
'U235            '
'U238            '
'Pu238           '
'Pu239           '
'Pu240           '
'Pu241           '
'Pu242           '
'Am241           '
'Am244           '
'Am245           '
'lost            '
'total           '
];

i10030  = 1; iH3               = 1;
i541350 = 2; iXe135            = 2;
i922350 = 3; iU235             = 3;
i922380 = 4; iU238             = 4;
i942380 = 5; iPu238            = 5;
i942390 = 6; iPu239            = 6;
i942400 = 7; iPu240            = 7;
i942410 = 8; iPu241            = 8;
i942420 = 9; iPu242            = 9;
i952410 = 10; iAm241            = 10;
i952440 = 11; iAm244            = 11;
i952450 = 12; iAm245            = 12;
iLOST    = 13;
iTOT     = 14;

MAT_uco_VOLUME = [ 4.06429E+04 4.06429E+04 4.06429E+04 4.06429E+04 ];

MAT_uco_BURNUP = [ 0.00000E+00 2.49631E-01 4.44349E+00 9.13659E+00 ];

MAT_uco_ADENS = [
0.00000E+00 7.63670E-14 1.27081E-12 2.31592E-12 % H3
0.00000E+00 2.83805E-08 2.86751E-08 2.87756E-08 % Xe135
3.74777E-03 3.73963E-03 3.60565E-03 3.46139E-03 % U235
2.12374E-02 2.12351E-02 2.11971E-02 2.11535E-02 % U238
0.00000E+00 6.50860E-14 1.09283E-09 1.00910E-08 % Pu238
0.00000E+00 1.02980E-06 3.44282E-05 6.57781E-05 % Pu239
0.00000E+00 2.34890E-09 1.34510E-06 5.02062E-06 % Pu240
0.00000E+00 8.91691E-12 1.03132E-07 7.93985E-07 % Pu241
0.00000E+00 5.19507E-15 1.18124E-09 1.92725E-08 % Pu242
0.00000E+00 1.32445E-15 2.96174E-10 4.75453E-09 % Am241
0.00000E+00 1.23067E-23 1.20940E-16 4.55433E-15 % Am244
0.00000E+00 1.77669E-27 1.57923E-20 5.96970E-19 % Am245
0.00000E+00 5.27560E-08 9.42931E-07 1.94545E-06 % lost data
7.04339E-02 7.04404E-02 7.05482E-02 7.06687E-02 % total
];

MAT_uco_MDENS = [
0.00000E+00 3.82403E-13 6.36352E-12 1.15969E-11 % H3
0.00000E+00 6.35785E-06 6.42385E-06 6.44636E-06 % Xe135
1.46278E+00 1.45960E+00 1.40731E+00 1.35100E+00 % U235
8.39511E+00 8.39423E+00 8.37917E+00 8.36195E+00 % U238
0.00000E+00 2.57283E-11 4.31993E-07 3.98893E-06 % Pu238
0.00000E+00 4.08792E-04 1.36667E-02 2.61114E-02 % Pu239
0.00000E+00 9.36331E-07 5.36194E-04 2.00135E-03 % Pu240
0.00000E+00 3.56923E-09 4.12814E-05 3.17814E-04 % Pu241
0.00000E+00 2.08818E-12 4.74803E-07 7.74666E-06 % Pu242
0.00000E+00 5.30165E-13 1.18556E-07 1.90319E-06 % Am241
0.00000E+00 4.98775E-21 4.90153E-14 1.84580E-12 % Am244
0.00000E+00 7.23024E-25 6.42668E-18 2.42936E-16 % Am245
0.00000E+00 0.00000E+00 0.00000E+00 0.00000E+00 % lost data
1.10000E+01 1.10000E+01 1.09994E+01 1.09987E+01 % total
];

MAT_uco_A = [
0.00000E+00 5.53352E+06 9.20824E+07 1.67811E+08 % H3
0.00000E+00 2.42986E+16 2.45508E+16 2.46369E+16 % Xe135
4.75233E+09 4.74202E+09 4.57212E+09 4.38920E+09 % U235
4.24321E+09 4.24277E+09 4.23516E+09 4.22645E+09 % U238
0.00000E+00 6.62513E+05 1.11240E+10 1.02716E+11 % Pu238
0.00000E+00 3.81296E+10 1.27474E+12 2.43551E+12 % Pu239
0.00000E+00 3.19596E+08 1.83018E+11 6.83115E+11 % Pu240
0.00000E+00 5.57042E+08 6.44268E+12 4.96005E+13 % Pu241
0.00000E+00 1.23671E+01 2.81200E+06 4.58793E+07 % Pu242
0.00000E+00 2.73310E+03 6.11177E+08 9.81131E+09 % Am241
0.00000E+00 9.53519E+00 9.37037E+07 3.52867E+09 % Am244
0.00000E+00 6.78213E-03 6.02837E+04 2.27880E+06 % Am245
0.00000E+00 0.00000E+00 0.00000E+00 0.00000E+00 % lost data
8.99554E+09 3.40096E+18 3.78429E+18 3.84060E+18 % total
];

MAT_uco_H = [
0.00000E+00 5.04457E-09 8.39459E-08 1.52983E-07 % H3
0.00000E+00 2.19056E+03 2.21330E+03 2.22105E+03 % Xe135
3.51210E-03 3.50448E-03 3.37892E-03 3.24373E-03 % U235
2.90649E-03 2.90619E-03 2.90097E-03 2.89501E-03 % U238
0.00000E+00 5.93205E-07 9.96025E-03 9.19709E-02 % Pu238
0.00000E+00 3.20192E-02 1.07046E+00 2.04521E+00 % Pu239
0.00000E+00 2.68879E-04 1.53975E-01 5.74712E-01 % Pu240
0.00000E+00 4.77933E-07 5.52771E-03 4.25564E-02 % Pu241
0.00000E+00 9.87159E-12 2.24457E-06 3.66213E-05 % Pu242
0.00000E+00 2.45045E-09 5.47970E-04 8.79664E-03 % Am241
0.00000E+00 1.69381E-12 1.66453E-05 6.26823E-04 % Am244
0.00000E+00 3.42181E-16 3.04151E-09 1.14973E-07 % Am245
0.00000E+00 0.00000E+00 0.00000E+00 0.00000E+00 % lost data
6.41859E-03 1.20493E+06 1.24195E+06 1.23760E+06 % total
];

MAT_uco_SF = [
0.00000E+00 0.00000E+00 0.00000E+00 0.00000E+00 % H3
0.00000E+00 0.00000E+00 0.00000E+00 0.00000E+00 % Xe135
3.42168E-01 3.41425E-01 3.29192E-01 3.16022E-01 % U235
2.31679E+05 2.31655E+05 2.31239E+05 2.30764E+05 % U238
0.00000E+00 1.23227E-03 2.06906E+01 1.91052E+02 % Pu238
0.00000E+00 1.18202E-01 3.95171E+00 7.55009E+00 % Pu239
0.00000E+00 1.82170E+01 1.04320E+04 3.89376E+04 % Pu240
0.00000E+00 0.00000E+00 0.00000E+00 0.00000E+00 % Pu241
0.00000E+00 6.80193E-05 1.54660E+01 2.52336E+02 % Pu242
0.00000E+00 1.17523E-08 2.62806E-03 4.21886E-02 % Am241
0.00000E+00 0.00000E+00 0.00000E+00 0.00000E+00 % Am244
0.00000E+00 0.00000E+00 0.00000E+00 0.00000E+00 % Am245
0.00000E+00 0.00000E+00 0.00000E+00 0.00000E+00 % lost data
2.31680E+05 2.31674E+05 2.42459E+05 2.94807E+05 % total
];

MAT_uco_ING_TOX = [
0.00000E+00 2.32408E-04 3.86746E-03 7.04805E-03 % H3
0.00000E+00 5.10271E+09 5.15567E+09 5.17374E+09 % Xe135
2.23360E+02 2.22875E+02 2.14890E+02 2.06292E+02 % U235
1.90944E+02 1.90925E+02 1.90582E+02 1.90190E+02 % U238
0.00000E+00 1.52378E-01 2.55851E+03 2.36248E+04 % Pu238
0.00000E+00 9.53241E+03 3.18686E+05 6.08879E+05 % Pu239
0.00000E+00 7.98989E+01 4.57544E+04 1.70779E+05 % Pu240
0.00000E+00 2.67380E+00 3.09249E+04 2.38082E+05 % Pu241
0.00000E+00 2.96811E-06 6.74880E-01 1.10110E+01 % Pu242
0.00000E+00 5.46620E-04 1.22235E+02 1.96226E+03 % Am241
0.00000E+00 4.38619E-09 4.31037E-02 1.62319E+00 % Am244
0.00000E+00 4.20492E-13 3.73759E-06 1.41286E-04 % Am245
0.00000E+00 0.00000E+00 0.00000E+00 0.00000E+00 % lost data
4.14304E+02 4.62871E+10 6.20440E+10 6.20811E+10 % total
];

MAT_uco_INH_TOX = [
0.00000E+00 1.43871E-03 2.39414E-02 4.36308E-02 % H3
0.00000E+00 2.67285E+09 2.70059E+09 2.71005E+09 % Xe135
4.03948E+04 4.03072E+04 3.88630E+04 3.73082E+04 % U235
3.39457E+04 3.39421E+04 3.38812E+04 3.38116E+04 % U238
0.00000E+00 7.28764E+01 1.22364E+06 1.12988E+07 % Pu238
0.00000E+00 4.57556E+06 1.52969E+08 2.92262E+08 % Pu239
0.00000E+00 3.83515E+04 2.19621E+07 8.19738E+07 % Pu240
0.00000E+00 1.28120E+03 1.48182E+07 1.14081E+08 % Pu241
0.00000E+00 1.36039E-03 3.09320E+02 5.04672E+03 % Pu242
0.00000E+00 2.62378E-01 5.86730E+04 9.41886E+05 % Am241
0.00000E+00 3.52802E-08 3.46704E-01 1.30561E+01 % Am244
0.00000E+00 3.79799E-13 3.37589E-06 1.27613E-04 % Am245
0.00000E+00 0.00000E+00 0.00000E+00 0.00000E+00 % lost data
7.43405E+04 4.47142E+10 5.98906E+10 6.18082E+10 % total
];

TOT_VOLUME = [ 4.06429E+04 4.06429E+04 4.06429E+04 4.06429E+04 ];

TOT_BURNUP = [ 0.00000E+00 2.49631E-01 4.44349E+00 9.13659E+00 ];

TOT_ADENS = [
0.00000E+00 7.63670E-14 1.27081E-12 2.31592E-12 % H3
0.00000E+00 2.83805E-08 2.86751E-08 2.87756E-08 % Xe135
3.74777E-03 3.73963E-03 3.60565E-03 3.46139E-03 % U235
2.12374E-02 2.12351E-02 2.11971E-02 2.11535E-02 % U238
0.00000E+00 6.50860E-14 1.09283E-09 1.00910E-08 % Pu238
0.00000E+00 1.02980E-06 3.44282E-05 6.57781E-05 % Pu239
0.00000E+00 2.34890E-09 1.34510E-06 5.02062E-06 % Pu240
0.00000E+00 8.91691E-12 1.03132E-07 7.93985E-07 % Pu241
0.00000E+00 5.19507E-15 1.18124E-09 1.92725E-08 % Pu242
0.00000E+00 1.32445E-15 2.96174E-10 4.75453E-09 % Am241
0.00000E+00 1.23067E-23 1.20940E-16 4.55433E-15 % Am244
0.00000E+00 1.77669E-27 1.57923E-20 5.96970E-19 % Am245
0.00000E+00 5.27560E-08 9.42931E-07 1.94545E-06 % lost data
7.04339E-02 7.04404E-02 7.05482E-02 7.06687E-02 % total
];

