
DET1001 = [
    1    1    1    1    1    1    1    1    1    1  5.22627E+18 0.00435 
    2    2    1    1    1    1    1    1    1    1  1.88320E+18 0.00565 
    3    3    1    1    1    1    1    1    1    1  1.97393E+17 0.01198 
];


DET1001E = [
 1.00000E-09  6.25000E-07  3.13000E-07
 6.25000E-07  1.00000E-01  5.00003E-02
 1.00000E-01  2.00000E+01  1.00500E+01
];

DET1002 = [
    1    1    1    1    1    1    1    1    1    1  1.81281E+17 0.00727 
    2    2    1    1    1    1    1    1    1    1  4.00646E+17 0.00502 
    3    3    1    1    1    1    1    1    1    1  1.92786E+17 0.00641 
];


DET1002E = [
 1.00000E-09  6.25000E-07  3.13000E-07
 6.25000E-07  1.00000E-01  5.00003E-02
 1.00000E-01  2.00000E+01  1.00500E+01
];
