
ZAI = [
10030
541350
922350
922380
942380
942390
942400
942410
942420
952410
952440
952450
666
0
];

NAMES = [
'H3              '
'Xe135           '
'U235            '
'U238            '
'Pu238           '
'Pu239           '
'Pu240           '
'Pu241           '
'Pu242           '
'Am241           '
'Am244           '
'Am245           '
'lost            '
'total           '
];

i10030  = 1; iH3               = 1;
i541350 = 2; iXe135            = 2;
i922350 = 3; iU235             = 3;
i922380 = 4; iU238             = 4;
i942380 = 5; iPu238            = 5;
i942390 = 6; iPu239            = 6;
i942400 = 7; iPu240            = 7;
i942410 = 8; iPu241            = 8;
i942420 = 9; iPu242            = 9;
i952410 = 10; iAm241            = 10;
i952440 = 11; iAm244            = 11;
i952450 = 12; iAm245            = 12;
iLOST    = 13;
iTOT     = 14;

MAT_uco_VOLUME = [ 1.97179E+04 1.97179E+04 1.97179E+04 1.97179E+04 ];

MAT_uco_BURNUP = [ 0.00000E+00 5.14543E-01 9.15878E+00 1.88324E+01 ];

MAT_uco_ADENS = [
0.00000E+00 1.21825E-13 1.79535E-12 3.01629E-12 % H3
0.00000E+00 3.90284E-08 3.90905E-08 3.84619E-08 % Xe135
3.74777E-03 3.73121E-03 3.46171E-03 3.17762E-03 % U235
2.12374E-02 2.12337E-02 2.11692E-02 2.10943E-02 % U238
0.00000E+00 2.02863E-13 5.29834E-09 5.12959E-08 % Pu238
0.00000E+00 1.71728E-06 5.21798E-05 9.04500E-05 % Pu239
0.00000E+00 7.79433E-09 4.22015E-06 1.41798E-05 % Pu240
0.00000E+00 4.74315E-11 5.20165E-07 3.51427E-06 % Pu241
0.00000E+00 5.69858E-14 1.27409E-08 1.89832E-07 % Pu242
0.00000E+00 6.97179E-15 1.48756E-09 2.07564E-08 % Am241
0.00000E+00 3.24895E-22 3.38744E-15 1.17339E-13 % Am244
0.00000E+00 9.43309E-26 8.90792E-19 3.13771E-17 % Am245
0.00000E+00 1.08713E-07 1.94923E-06 4.02665E-06 % lost data
7.04339E-02 7.04472E-02 7.06696E-02 7.09178E-02 % total
];

MAT_uco_MDENS = [
0.00000E+00 6.10030E-13 8.99010E-12 1.51039E-11 % H3
0.00000E+00 8.74322E-06 8.75714E-06 8.61631E-06 % Xe135
1.46278E+00 1.45631E+00 1.35112E+00 1.24024E+00 % U235
8.39511E+00 8.39364E+00 8.36818E+00 8.33857E+00 % U238
0.00000E+00 8.01910E-11 2.09442E-06 2.02771E-05 % Pu238
0.00000E+00 6.81693E-04 2.07134E-02 3.59052E-02 % Pu239
0.00000E+00 3.10702E-06 1.68226E-03 5.65244E-03 % Pu240
0.00000E+00 1.89858E-08 2.08210E-04 1.40668E-03 % Pu241
0.00000E+00 2.29057E-11 5.12123E-06 7.63035E-05 % Pu242
0.00000E+00 2.79074E-12 5.95458E-07 8.30860E-06 % Am241
0.00000E+00 1.31675E-19 1.37288E-12 4.75558E-11 % Am244
0.00000E+00 3.83878E-23 3.62507E-16 1.27689E-14 % Am245
0.00000E+00 0.00000E+00 0.00000E+00 0.00000E+00 % lost data
1.10000E+01 1.09999E+01 1.09987E+01 1.09973E+01 % total
];

MAT_uco_A = [
0.00000E+00 4.28260E+06 6.31132E+07 1.06034E+08 % H3
0.00000E+00 1.62113E+16 1.62371E+16 1.59760E+16 % Xe135
2.30559E+09 2.29541E+09 2.12961E+09 1.95484E+09 % U235
2.05859E+09 2.05823E+09 2.05199E+09 2.04473E+09 % U238
0.00000E+00 1.00181E+06 2.61651E+10 2.53317E+11 % Pu238
0.00000E+00 3.08479E+10 9.37319E+11 1.62478E+12 % Pu239
0.00000E+00 5.14507E+08 2.78574E+11 9.36016E+11 % Pu240
0.00000E+00 1.43753E+09 1.57649E+13 1.06509E+14 % Pu241
0.00000E+00 6.58144E+01 1.47147E+07 2.19241E+08 % Pu242
0.00000E+00 6.97976E+03 1.48926E+09 2.07801E+10 % Am241
0.00000E+00 1.22125E+02 1.27331E+09 4.41067E+10 % Am244
0.00000E+00 1.74696E-01 1.64970E+06 5.81089E+07 % Am245
0.00000E+00 0.00000E+00 0.00000E+00 0.00000E+00 % lost data
4.36419E+09 3.32187E+18 3.66858E+18 3.70591E+18 % total
];

MAT_uco_H = [
0.00000E+00 3.90418E-09 5.75364E-08 9.66644E-08 % H3
0.00000E+00 1.46148E+03 1.46380E+03 1.44026E+03 % Xe135
1.70389E-03 1.69637E-03 1.57384E-03 1.44468E-03 % U235
1.41008E-03 1.40984E-03 1.40556E-03 1.40059E-03 % U238
0.00000E+00 8.97006E-07 2.34279E-02 2.26817E-01 % Pu238
0.00000E+00 2.59043E-02 7.87108E-01 1.36440E+00 % Pu239
0.00000E+00 4.32860E-04 2.34367E-01 7.87480E-01 % Pu240
0.00000E+00 1.23338E-06 1.35260E-02 9.13825E-02 % Pu241
0.00000E+00 5.25337E-11 1.17455E-05 1.75001E-04 % Pu242
0.00000E+00 6.25792E-09 1.33525E-03 1.86311E-02 % Am241
0.00000E+00 2.16940E-11 2.26187E-04 7.83501E-03 % Am244
0.00000E+00 8.81400E-15 8.32330E-08 2.93179E-06 % Am245
0.00000E+00 0.00000E+00 0.00000E+00 0.00000E+00 % lost data
3.11398E-03 1.19804E+06 1.22068E+06 1.20621E+06 % total
];

MAT_uco_SF = [
0.00000E+00 0.00000E+00 0.00000E+00 0.00000E+00 % H3
0.00000E+00 0.00000E+00 0.00000E+00 0.00000E+00 % Xe135
1.66003E-01 1.65269E-01 1.53332E-01 1.40749E-01 % U235
1.12399E+05 1.12380E+05 1.12039E+05 1.11642E+05 % U238
0.00000E+00 1.86336E-03 4.86670E+01 4.71170E+02 % Pu238
0.00000E+00 9.56284E-02 2.90569E+00 5.03681E+00 % Pu239
0.00000E+00 2.93269E+01 1.58787E+04 5.33529E+04 % Pu240
0.00000E+00 0.00000E+00 0.00000E+00 0.00000E+00 % Pu241
0.00000E+00 3.61979E-04 8.09311E+01 1.20583E+03 % Pu242
0.00000E+00 3.00129E-08 6.40384E-03 8.93545E-02 % Am241
0.00000E+00 0.00000E+00 0.00000E+00 0.00000E+00 % Am244
0.00000E+00 0.00000E+00 0.00000E+00 0.00000E+00 % Am245
0.00000E+00 0.00000E+00 0.00000E+00 0.00000E+00 % lost data
1.12399E+05 1.12409E+05 1.31744E+05 2.78122E+05 % total
];

MAT_uco_ING_TOX = [
0.00000E+00 1.79869E-04 2.65075E-03 4.45342E-03 % H3
0.00000E+00 3.40438E+09 3.40979E+09 3.35496E+09 % Xe135
1.08363E+02 1.07884E+02 1.00092E+02 9.18777E+01 % U235
9.26367E+01 9.26205E+01 9.23395E+01 9.20128E+01 % U238
0.00000E+00 2.30416E-01 6.01797E+03 5.82630E+04 % Pu238
0.00000E+00 7.71197E+03 2.34330E+05 4.06194E+05 % Pu239
0.00000E+00 1.28627E+02 6.96435E+04 2.34004E+05 % Pu240
0.00000E+00 6.90014E+00 7.56714E+04 5.11241E+05 % Pu241
0.00000E+00 1.57954E-05 3.53154E+00 5.26179E+01 % Pu242
0.00000E+00 1.39595E-03 2.97853E+02 4.15602E+03 % Am241
0.00000E+00 5.61775E-08 5.85722E-01 2.02891E+01 % Am244
0.00000E+00 1.08312E-11 1.02282E-04 3.60275E-03 % Am245
0.00000E+00 0.00000E+00 0.00000E+00 0.00000E+00 % lost data
2.01000E+02 4.45221E+10 5.98314E+10 5.94460E+10 % total
];

MAT_uco_INH_TOX = [
0.00000E+00 1.11347E-03 1.64094E-02 2.75688E-02 % H3
0.00000E+00 1.78324E+09 1.78608E+09 1.75736E+09 % Xe135
1.95975E+04 1.95110E+04 1.81017E+04 1.66162E+04 % U235
1.64687E+04 1.64659E+04 1.64159E+04 1.63578E+04 % U238
0.00000E+00 1.10199E+02 2.87816E+06 2.78649E+07 % Pu238
0.00000E+00 3.70175E+06 1.12478E+08 1.94973E+08 % Pu239
0.00000E+00 6.17409E+04 3.34289E+07 1.12322E+08 % Pu240
0.00000E+00 3.30632E+03 3.62592E+07 2.44970E+08 % Pu241
0.00000E+00 7.23958E-03 1.61862E+03 2.41166E+04 % Pu242
0.00000E+00 6.70057E-01 1.42969E+05 1.99489E+06 % Am241
0.00000E+00 4.51862E-07 4.71124E+00 1.63195E+02 % Am244
0.00000E+00 9.78298E-12 9.23834E-05 3.25410E-03 % Am245
0.00000E+00 0.00000E+00 0.00000E+00 0.00000E+00 % lost data
3.60663E+04 4.37384E+10 5.85806E+10 6.02516E+10 % total
];

TOT_VOLUME = [ 1.97179E+04 1.97179E+04 1.97179E+04 1.97179E+04 ];

TOT_BURNUP = [ 0.00000E+00 5.14543E-01 9.15878E+00 1.88324E+01 ];

TOT_ADENS = [
0.00000E+00 1.21825E-13 1.79535E-12 3.01629E-12 % H3
0.00000E+00 3.90284E-08 3.90905E-08 3.84619E-08 % Xe135
3.74777E-03 3.73121E-03 3.46171E-03 3.17762E-03 % U235
2.12374E-02 2.12337E-02 2.11692E-02 2.10943E-02 % U238
0.00000E+00 2.02863E-13 5.29834E-09 5.12959E-08 % Pu238
0.00000E+00 1.71728E-06 5.21798E-05 9.04500E-05 % Pu239
0.00000E+00 7.79433E-09 4.22015E-06 1.41798E-05 % Pu240
0.00000E+00 4.74315E-11 5.20165E-07 3.51427E-06 % Pu241
0.00000E+00 5.69858E-14 1.27409E-08 1.89832E-07 % Pu242
0.00000E+00 6.97179E-15 1.48756E-09 2.07564E-08 % Am241
0.00000E+00 3.24895E-22 3.38744E-15 1.17339E-13 % Am244
0.00000E+00 9.43309E-26 8.90792E-19 3.13771E-17 % Am245
0.00000E+00 1.08713E-07 1.94923E-06 4.02665E-06 % lost data
7.04339E-02 7.04472E-02 7.06696E-02 7.09178E-02 % total
];

