
DET1001 = [
    1    1    1    1    1    1    1    1    1    1  5.37350E+18 0.00475 
    2    2    1    1    1    1    1    1    1    1  1.93731E+18 0.00581 
    3    3    1    1    1    1    1    1    1    1  2.05559E+17 0.01186 
];


DET1001E = [
 1.00000E-09  6.25000E-07  3.13000E-07
 6.25000E-07  1.00000E-01  5.00003E-02
 1.00000E-01  2.00000E+01  1.00500E+01
];

DET1002 = [
    1    1    1    1    1    1    1    1    1    1  1.80252E+17 0.00727 
    2    2    1    1    1    1    1    1    1    1  4.14814E+17 0.00499 
    3    3    1    1    1    1    1    1    1    1  2.00786E+17 0.00646 
];


DET1002E = [
 1.00000E-09  6.25000E-07  3.13000E-07
 6.25000E-07  1.00000E-01  5.00003E-02
 1.00000E-01  2.00000E+01  1.00500E+01
];
