
DET1001 = [
    1    1    1    1    1    1    1    1    1    1  5.00811E+18 0.00454 
    2    2    1    1    1    1    1    1    1    1  1.80178E+18 0.00575 
    3    3    1    1    1    1    1    1    1    1  1.85489E+17 0.01211 
];


DET1001E = [
 1.00000E-09  6.25000E-07  3.13000E-07
 6.25000E-07  1.00000E-01  5.00003E-02
 1.00000E-01  2.00000E+01  1.00500E+01
];

DET1002 = [
    1    1    1    1    1    1    1    1    1    1  1.77652E+17 0.00677 
    2    2    1    1    1    1    1    1    1    1  3.73888E+17 0.00491 
    3    3    1    1    1    1    1    1    1    1  1.77476E+17 0.00617 
];


DET1002E = [
 1.00000E-09  6.25000E-07  3.13000E-07
 6.25000E-07  1.00000E-01  5.00003E-02
 1.00000E-01  2.00000E+01  1.00500E+01
];
