
DET1001 = [
    1    1    1    1    1    1    1    1    1    1  6.13727E+18 0.00425 
    2    2    1    1    1    1    1    1    1    1  2.36952E+18 0.00521 
    3    3    1    1    1    1    1    1    1    1  3.83019E+17 0.00946 
];


DET1001E = [
 1.00000E-09  6.25000E-07  3.13000E-07
 6.25000E-07  1.00000E-01  5.00003E-02
 1.00000E-01  2.00000E+01  1.00500E+01
];

DET1002 = [
    1    1    1    1    1    1    1    1    1    1  1.80360E+17 0.00704 
    2    2    1    1    1    1    1    1    1    1  4.25386E+17 0.00500 
    3    3    1    1    1    1    1    1    1    1  2.23896E+17 0.00624 
];


DET1002E = [
 1.00000E-09  6.25000E-07  3.13000E-07
 6.25000E-07  1.00000E-01  5.00003E-02
 1.00000E-01  2.00000E+01  1.00500E+01
];
