
DET1001 = [
    1    1    1    1    1    1    1    1    1    1  5.88569E+18 0.00419 
    2    2    1    1    1    1    1    1    1    1  2.23569E+18 0.00487 
    3    3    1    1    1    1    1    1    1    1  3.67372E+17 0.00943 
];


DET1001E = [
 1.00000E-09  6.25000E-07  3.13000E-07
 6.25000E-07  1.00000E-01  5.00003E-02
 1.00000E-01  2.00000E+01  1.00500E+01
];

DET1002 = [
    1    1    1    1    1    1    1    1    1    1  1.80679E+17 0.00703 
    2    2    1    1    1    1    1    1    1    1  3.86796E+17 0.00478 
    3    3    1    1    1    1    1    1    1    1  2.01861E+17 0.00616 
];


DET1002E = [
 1.00000E-09  6.25000E-07  3.13000E-07
 6.25000E-07  1.00000E-01  5.00003E-02
 1.00000E-01  2.00000E+01  1.00500E+01
];
