
ZAI = [
10030
541350
922350
922380
942380
942390
942400
942410
942420
952410
952440
952450
666
0
];

NAMES = [
'H3              '
'Xe135           '
'U235            '
'U238            '
'Pu238           '
'Pu239           '
'Pu240           '
'Pu241           '
'Pu242           '
'Am241           '
'Am244           '
'Am245           '
'lost            '
'total           '
];

i10030  = 1; iH3               = 1;
i541350 = 2; iXe135            = 2;
i922350 = 3; iU235             = 3;
i922380 = 4; iU238             = 4;
i942380 = 5; iPu238            = 5;
i942390 = 6; iPu239            = 6;
i942400 = 7; iPu240            = 7;
i942410 = 8; iPu241            = 8;
i942420 = 9; iPu242            = 9;
i952410 = 10; iAm241            = 10;
i952440 = 11; iAm244            = 11;
i952450 = 12; iAm245            = 12;
iLOST    = 13;
iTOT     = 14;

MAT_uco_VOLUME = [ 2.43398E+04 2.43398E+04 2.43398E+04 2.43398E+04 ];

MAT_uco_BURNUP = [ 0.00000E+00 4.16846E-01 7.41976E+00 1.52566E+01 ];

MAT_uco_ADENS = [
0.00000E+00 8.92274E-14 1.40892E-12 2.45629E-12 % H3
0.00000E+00 3.84461E-08 3.85603E-08 3.83078E-08 % Xe135
4.31104E-03 4.29759E-03 4.07680E-03 3.84041E-03 % U235
2.06805E-02 2.06775E-02 2.06268E-02 2.05685E-02 % U238
0.00000E+00 1.03408E-13 2.44376E-09 2.36094E-08 % Pu238
0.00000E+00 1.36705E-06 4.37233E-05 7.95444E-05 % Pu239
0.00000E+00 4.46562E-09 2.55654E-06 9.13142E-06 % Pu240
0.00000E+00 2.03662E-11 2.37157E-07 1.73868E-06 % Pu241
0.00000E+00 1.79420E-14 4.19639E-09 6.65800E-08 % Pu242
0.00000E+00 2.99620E-15 6.79042E-10 1.03160E-08 % Am241
0.00000E+00 5.89348E-23 6.32122E-16 2.29721E-14 % Am244
0.00000E+00 1.27611E-26 1.23816E-19 4.55399E-18 % Am245
0.00000E+00 8.80780E-08 1.57555E-06 3.25153E-06 % lost data
7.04520E-02 7.04627E-02 7.06427E-02 7.08439E-02 % total
];

MAT_uco_MDENS = [
0.00000E+00 4.46801E-13 7.05507E-12 1.22997E-11 % H3
0.00000E+00 8.61276E-06 8.63836E-06 8.58178E-06 % Xe135
1.68262E+00 1.67737E+00 1.59120E+00 1.49894E+00 % U235
8.17497E+00 8.17381E+00 8.15374E+00 8.13071E+00 % U238
0.00000E+00 4.08768E-11 9.66010E-07 9.33274E-06 % Pu238
0.00000E+00 5.42666E-04 1.73565E-02 3.15761E-02 % Pu239
0.00000E+00 1.78011E-06 1.01910E-03 3.64002E-03 % Pu240
0.00000E+00 8.15213E-09 9.49286E-05 6.95952E-04 % Pu241
0.00000E+00 7.21187E-12 1.68675E-06 2.67621E-05 % Pu242
0.00000E+00 1.19935E-12 2.71814E-07 4.12940E-06 % Am241
0.00000E+00 2.38854E-20 2.56190E-13 9.31024E-12 % Am244
0.00000E+00 5.19311E-24 5.03867E-17 1.85324E-15 % Am245
0.00000E+00 0.00000E+00 0.00000E+00 0.00000E+00 % lost data
1.10000E+01 1.09999E+01 1.09989E+01 1.09978E+01 % total
];

MAT_uco_A = [
0.00000E+00 3.87191E+06 6.11382E+07 1.06588E+08 % H3
0.00000E+00 1.97126E+16 1.97712E+16 1.96417E+16 % Xe135
3.27377E+09 3.26355E+09 3.09589E+09 2.91638E+09 % U235
2.47449E+09 2.47414E+09 2.46807E+09 2.46109E+09 % U238
0.00000E+00 6.30364E+05 1.48969E+10 1.43921E+11 % Pu238
0.00000E+00 3.03127E+10 9.69514E+11 1.76380E+12 % Pu239
0.00000E+00 3.63873E+08 2.08315E+11 7.44058E+11 % Pu240
0.00000E+00 7.61931E+08 8.87240E+12 6.50465E+13 % Pu241
0.00000E+00 2.55789E+01 5.98254E+06 9.49192E+07 % Pu242
0.00000E+00 3.70273E+03 8.39167E+08 1.27486E+10 % Am241
0.00000E+00 2.73457E+01 2.93305E+08 1.06590E+10 % Am244
0.00000E+00 2.91724E-02 2.83049E+05 1.04106E+07 % Am245
0.00000E+00 0.00000E+00 0.00000E+00 0.00000E+00 % lost data
5.74826E+09 3.32027E+18 3.67443E+18 3.72065E+18 % total
];

MAT_uco_H = [
0.00000E+00 3.52978E-09 5.57359E-08 9.71695E-08 % H3
0.00000E+00 1.77713E+03 1.78241E+03 1.77073E+03 % Xe135
2.41940E-03 2.41185E-03 2.28794E-03 2.15528E-03 % U235
1.69496E-03 1.69472E-03 1.69056E-03 1.68579E-03 % U238
0.00000E+00 5.64420E-07 1.33385E-02 1.28865E-01 % Pu238
0.00000E+00 2.54549E-02 8.14144E-01 1.48115E+00 % Pu239
0.00000E+00 3.06130E-04 1.75258E-01 6.25984E-01 % Pu240
0.00000E+00 6.53724E-07 7.61237E-03 5.58088E-02 % Pu241
0.00000E+00 2.04173E-11 4.77533E-06 7.57655E-05 % Pu242
0.00000E+00 3.31980E-09 7.52381E-04 1.14302E-02 % Am241
0.00000E+00 4.85762E-12 5.21019E-05 1.89344E-03 % Am244
0.00000E+00 1.47185E-15 1.42807E-08 5.25252E-07 % Am245
0.00000E+00 0.00000E+00 0.00000E+00 0.00000E+00 % lost data
4.11436E-03 1.19830E+06 1.22669E+06 1.21846E+06 % total
];

MAT_uco_SF = [
0.00000E+00 0.00000E+00 0.00000E+00 0.00000E+00 % H3
0.00000E+00 0.00000E+00 0.00000E+00 0.00000E+00 % Xe135
2.35711E-01 2.34976E-01 2.22904E-01 2.09979E-01 % U235
1.35107E+05 1.35088E+05 1.34756E+05 1.34376E+05 % U238
0.00000E+00 1.17248E-03 2.77083E+01 2.67693E+02 % Pu238
0.00000E+00 9.39694E-02 3.00549E+00 5.46779E+00 % Pu239
0.00000E+00 2.07408E+01 1.18740E+04 4.24113E+04 % Pu240
0.00000E+00 0.00000E+00 0.00000E+00 0.00000E+00 % Pu241
0.00000E+00 1.40684E-04 3.29040E+01 5.22056E+02 % Pu242
0.00000E+00 1.59218E-08 3.60842E-03 5.48191E-02 % Am241
0.00000E+00 0.00000E+00 0.00000E+00 0.00000E+00 % Am244
0.00000E+00 0.00000E+00 0.00000E+00 0.00000E+00 % Am245
0.00000E+00 0.00000E+00 0.00000E+00 0.00000E+00 % lost data
1.35108E+05 1.35109E+05 1.48205E+05 2.25846E+05 % total
];

MAT_uco_ING_TOX = [
0.00000E+00 1.62620E-04 2.56780E-03 4.47668E-03 % H3
0.00000E+00 4.13966E+09 4.15196E+09 4.12476E+09 % Xe135
1.53867E+02 1.53387E+02 1.45507E+02 1.37070E+02 % U235
1.11352E+02 1.11336E+02 1.11063E+02 1.10749E+02 % U238
0.00000E+00 1.44984E-01 3.42629E+03 3.31018E+04 % Pu238
0.00000E+00 7.57818E+03 2.42379E+05 4.40951E+05 % Pu239
0.00000E+00 9.09683E+01 5.20787E+04 1.86014E+05 % Pu240
0.00000E+00 3.65727E+00 4.25875E+04 3.12223E+05 % Pu241
0.00000E+00 6.13893E-06 1.43581E+00 2.27806E+01 % Pu242
0.00000E+00 7.40547E-04 1.67833E+02 2.54973E+03 % Am241
0.00000E+00 1.25790E-08 1.34920E-01 4.90316E+00 % Am244
0.00000E+00 1.80869E-12 1.75490E-05 6.45460E-04 % Am245
0.00000E+00 0.00000E+00 0.00000E+00 0.00000E+00 % lost data
2.65219E+02 4.52641E+10 6.06762E+10 6.05146E+10 % total
];

MAT_uco_INH_TOX = [
0.00000E+00 1.00670E-03 1.58959E-02 2.77128E-02 % H3
0.00000E+00 2.16839E+09 2.17484E+09 2.16059E+09 % Xe135
2.78270E+04 2.77402E+04 2.63150E+04 2.47892E+04 % U235
1.97959E+04 1.97931E+04 1.97445E+04 1.96888E+04 % U238
0.00000E+00 6.93401E+01 1.63866E+06 1.58313E+07 % Pu238
0.00000E+00 3.63753E+06 1.16342E+08 2.11657E+08 % Pu239
0.00000E+00 4.36648E+04 2.49978E+07 8.92870E+07 % Pu240
0.00000E+00 1.75244E+03 2.04065E+07 1.49607E+08 % Pu241
0.00000E+00 2.81368E-03 6.58079E+02 1.04411E+04 % Pu242
0.00000E+00 3.55462E-01 8.05600E+04 1.22387E+06 % Am241
0.00000E+00 1.01179E-07 1.08523E+00 3.94384E+01 % Am244
0.00000E+00 1.63366E-12 1.58507E-05 5.82996E-04 % Am245
0.00000E+00 0.00000E+00 0.00000E+00 0.00000E+00 % lost data
4.76230E+04 4.41250E+10 5.89779E+10 6.07256E+10 % total
];

TOT_VOLUME = [ 2.43398E+04 2.43398E+04 2.43398E+04 2.43398E+04 ];

TOT_BURNUP = [ 0.00000E+00 4.16846E-01 7.41976E+00 1.52566E+01 ];

TOT_ADENS = [
0.00000E+00 8.92274E-14 1.40892E-12 2.45629E-12 % H3
0.00000E+00 3.84461E-08 3.85603E-08 3.83078E-08 % Xe135
4.31104E-03 4.29759E-03 4.07680E-03 3.84041E-03 % U235
2.06805E-02 2.06775E-02 2.06268E-02 2.05685E-02 % U238
0.00000E+00 1.03408E-13 2.44376E-09 2.36094E-08 % Pu238
0.00000E+00 1.36705E-06 4.37233E-05 7.95444E-05 % Pu239
0.00000E+00 4.46562E-09 2.55654E-06 9.13142E-06 % Pu240
0.00000E+00 2.03662E-11 2.37157E-07 1.73868E-06 % Pu241
0.00000E+00 1.79420E-14 4.19639E-09 6.65800E-08 % Pu242
0.00000E+00 2.99620E-15 6.79042E-10 1.03160E-08 % Am241
0.00000E+00 5.89348E-23 6.32122E-16 2.29721E-14 % Am244
0.00000E+00 1.27611E-26 1.23816E-19 4.55399E-18 % Am245
0.00000E+00 8.80780E-08 1.57555E-06 3.25153E-06 % lost data
7.04520E-02 7.04627E-02 7.06427E-02 7.08439E-02 % total
];

