
DET1001 = [
    1    1    1    1    1    1    1    1    1    1  5.93515E+18 0.00419 
    2    2    1    1    1    1    1    1    1    1  2.27374E+18 0.00483 
    3    3    1    1    1    1    1    1    1    1  3.75823E+17 0.00985 
];


DET1001E = [
 1.00000E-09  6.25000E-07  3.13000E-07
 6.25000E-07  1.00000E-01  5.00003E-02
 1.00000E-01  2.00000E+01  1.00500E+01
];

DET1002 = [
    1    1    1    1    1    1    1    1    1    1  1.80935E+17 0.00721 
    2    2    1    1    1    1    1    1    1    1  3.97869E+17 0.00493 
    3    3    1    1    1    1    1    1    1    1  2.10544E+17 0.00631 
];


DET1002E = [
 1.00000E-09  6.25000E-07  3.13000E-07
 6.25000E-07  1.00000E-01  5.00003E-02
 1.00000E-01  2.00000E+01  1.00500E+01
];
