
DET1001 = [
    1    1    1    1    1    1    1    1    1    1  6.05186E+18 0.00435 
    2    2    1    1    1    1    1    1    1    1  2.31654E+18 0.00502 
    3    3    1    1    1    1    1    1    1    1  3.76322E+17 0.01047 
];


DET1001E = [
 1.00000E-09  6.25000E-07  3.13000E-07
 6.25000E-07  1.00000E-01  5.00003E-02
 1.00000E-01  2.00000E+01  1.00500E+01
];

DET1002 = [
    1    1    1    1    1    1    1    1    1    1  1.78928E+17 0.00713 
    2    2    1    1    1    1    1    1    1    1  4.07522E+17 0.00470 
    3    3    1    1    1    1    1    1    1    1  2.13791E+17 0.00628 
];


DET1002E = [
 1.00000E-09  6.25000E-07  3.13000E-07
 6.25000E-07  1.00000E-01  5.00003E-02
 1.00000E-01  2.00000E+01  1.00500E+01
];
