
DET1001 = [
    1    1    1    1    1    1    1    1    1    1  4.22887E+18 0.00507 
    2    2    1    1    1    1    1    1    1    1  1.65303E+18 0.00606 
    3    3    1    1    1    1    1    1    1    1  1.50734E+17 0.01193 
];


DET1001E = [
 1.00000E-09  6.25000E-07  3.13000E-07
 6.25000E-07  1.00000E-01  5.00003E-02
 1.00000E-01  2.00000E+01  1.00500E+01
];

DET1002 = [
    1    1    1    1    1    1    1    1    1    1  1.35869E+17 0.00748 
    2    2    1    1    1    1    1    1    1    1  3.55091E+17 0.00483 
    3    3    1    1    1    1    1    1    1    1  1.68983E+17 0.00664 
];


DET1002E = [
 1.00000E-09  6.25000E-07  3.13000E-07
 6.25000E-07  1.00000E-01  5.00003E-02
 1.00000E-01  2.00000E+01  1.00500E+01
];
