
DET1001 = [
    1    1    1    1    1    1    1    1    1    1  4.39496E+18 0.00451 
    2    2    1    1    1    1    1    1    1    1  1.71727E+18 0.00610 
    3    3    1    1    1    1    1    1    1    1  1.56171E+17 0.01245 
];


DET1001E = [
 1.00000E-09  6.25000E-07  3.13000E-07
 6.25000E-07  1.00000E-01  5.00003E-02
 1.00000E-01  2.00000E+01  1.00500E+01
];

DET1002 = [
    1    1    1    1    1    1    1    1    1    1  1.34910E+17 0.00795 
    2    2    1    1    1    1    1    1    1    1  3.80533E+17 0.00508 
    3    3    1    1    1    1    1    1    1    1  1.77903E+17 0.00618 
];


DET1002E = [
 1.00000E-09  6.25000E-07  3.13000E-07
 6.25000E-07  1.00000E-01  5.00003E-02
 1.00000E-01  2.00000E+01  1.00500E+01
];
