
DET1001 = [
    1    1    1    1    1    1    1    1    1    1  5.33390E+18 0.00443 
    2    2    1    1    1    1    1    1    1    1  2.04837E+18 0.00538 
    3    3    1    1    1    1    1    1    1    1  3.46207E+17 0.01000 
];


DET1001E = [
 1.00000E-09  6.25000E-07  3.13000E-07
 6.25000E-07  1.00000E-01  5.00003E-02
 1.00000E-01  2.00000E+01  1.00500E+01
];

DET1002 = [
    1    1    1    1    1    1    1    1    1    1  1.55478E+17 0.00787 
    2    2    1    1    1    1    1    1    1    1  3.67874E+17 0.00481 
    3    3    1    1    1    1    1    1    1    1  2.03025E+17 0.00626 
];


DET1002E = [
 1.00000E-09  6.25000E-07  3.13000E-07
 6.25000E-07  1.00000E-01  5.00003E-02
 1.00000E-01  2.00000E+01  1.00500E+01
];
