
DET1001 = [
    1    1    1    1    1    1    1    1    1    1  5.65425E+18 0.00456 
    2    2    1    1    1    1    1    1    1    1  2.18579E+18 0.00533 
    3    3    1    1    1    1    1    1    1    1  3.62802E+17 0.00989 
];


DET1001E = [
 1.00000E-09  6.25000E-07  3.13000E-07
 6.25000E-07  1.00000E-01  5.00003E-02
 1.00000E-01  2.00000E+01  1.00500E+01
];

DET1002 = [
    1    1    1    1    1    1    1    1    1    1  1.59279E+17 0.00825 
    2    2    1    1    1    1    1    1    1    1  3.98824E+17 0.00514 
    3    3    1    1    1    1    1    1    1    1  2.22652E+17 0.00625 
];


DET1002E = [
 1.00000E-09  6.25000E-07  3.13000E-07
 6.25000E-07  1.00000E-01  5.00003E-02
 1.00000E-01  2.00000E+01  1.00500E+01
];
