
DET1001 = [
    1    1    1    1    1    1    1    1    1    1  5.27208E+18 0.00425 
    2    2    1    1    1    1    1    1    1    1  1.98986E+18 0.00511 
    3    3    1    1    1    1    1    1    1    1  3.30897E+17 0.00923 
];


DET1001E = [
 1.00000E-09  6.25000E-07  3.13000E-07
 6.25000E-07  1.00000E-01  5.00003E-02
 1.00000E-01  2.00000E+01  1.00500E+01
];

DET1002 = [
    1    1    1    1    1    1    1    1    1    1  1.57430E+17 0.00747 
    2    2    1    1    1    1    1    1    1    1  3.59666E+17 0.00522 
    3    3    1    1    1    1    1    1    1    1  2.00814E+17 0.00622 
];


DET1002E = [
 1.00000E-09  6.25000E-07  3.13000E-07
 6.25000E-07  1.00000E-01  5.00003E-02
 1.00000E-01  2.00000E+01  1.00500E+01
];
