
DET1001 = [
    1    1    1    1    1    1    1    1    1    1  5.46528E+18 0.00427 
    2    2    1    1    1    1    1    1    1    1  2.11884E+18 0.00533 
    3    3    1    1    1    1    1    1    1    1  3.53349E+17 0.01004 
];


DET1001E = [
 1.00000E-09  6.25000E-07  3.13000E-07
 6.25000E-07  1.00000E-01  5.00003E-02
 1.00000E-01  2.00000E+01  1.00500E+01
];

DET1002 = [
    1    1    1    1    1    1    1    1    1    1  1.56056E+17 0.00780 
    2    2    1    1    1    1    1    1    1    1  3.82310E+17 0.00513 
    3    3    1    1    1    1    1    1    1    1  2.10747E+17 0.00670 
];


DET1002E = [
 1.00000E-09  6.25000E-07  3.13000E-07
 6.25000E-07  1.00000E-01  5.00003E-02
 1.00000E-01  2.00000E+01  1.00500E+01
];
