
ZAI = [
10030
541350
922350
922380
942380
942390
942400
942410
942420
952410
952440
952450
666
0
];

NAMES = [
'H3              '
'Xe135           '
'U235            '
'U238            '
'Pu238           '
'Pu239           '
'Pu240           '
'Pu241           '
'Pu242           '
'Am241           '
'Am244           '
'Am245           '
'lost            '
'total           '
];

i10030  = 1; iH3               = 1;
i541350 = 2; iXe135            = 2;
i922350 = 3; iU235             = 3;
i922380 = 4; iU238             = 4;
i942380 = 5; iPu238            = 5;
i942390 = 6; iPu239            = 6;
i942400 = 7; iPu240            = 7;
i942410 = 8; iPu241            = 8;
i942420 = 9; iPu242            = 9;
i952410 = 10; iAm241            = 10;
i952440 = 11; iAm244            = 11;
i952450 = 12; iAm245            = 12;
iLOST    = 13;
iTOT     = 14;

MAT_uco_VOLUME = [ 2.20231E+04 2.20231E+04 2.20231E+04 2.20231E+04 ];

MAT_uco_BURNUP = [ 0.00000E+00 4.60685E-01 8.20009E+00 1.68609E+01 ];

MAT_uco_ADENS = [
0.00000E+00 1.25286E-13 1.86588E-12 3.16843E-12 % H3
0.00000E+00 3.76800E-08 3.79008E-08 3.75536E-08 % Xe135
3.74777E-03 3.73291E-03 3.49076E-03 3.23512E-03 % U235
2.12374E-02 2.12338E-02 2.11727E-02 2.11016E-02 % U238
0.00000E+00 1.91749E-13 4.52578E-09 4.33556E-08 % Pu238
0.00000E+00 1.63342E-06 5.04908E-05 8.92349E-05 % Pu239
0.00000E+00 6.78881E-09 3.68353E-06 1.25398E-05 % Pu240
0.00000E+00 4.06240E-11 4.39063E-07 3.00644E-06 % Pu241
0.00000E+00 4.53352E-14 9.90050E-09 1.47953E-07 % Pu242
0.00000E+00 5.98244E-15 1.25644E-09 1.78087E-08 % Am241
0.00000E+00 2.51988E-22 2.50729E-15 8.70134E-14 % Am244
0.00000E+00 6.93528E-26 6.24369E-19 2.18989E-17 % Am245
0.00000E+00 9.73465E-08 1.74502E-06 3.60455E-06 % lost data
7.04339E-02 7.04458E-02 7.06449E-02 7.08672E-02 % total
];

MAT_uco_MDENS = [
0.00000E+00 6.27361E-13 9.34330E-12 1.58657E-11 % H3
0.00000E+00 8.44114E-06 8.49062E-06 8.41282E-06 % Xe135
1.46278E+00 1.45698E+00 1.36246E+00 1.26269E+00 % U235
8.39511E+00 8.39371E+00 8.36953E+00 8.34146E+00 % U238
0.00000E+00 7.57977E-11 1.78903E-06 1.71383E-05 % Pu238
0.00000E+00 6.48405E-04 2.00429E-02 3.54229E-02 % Pu239
0.00000E+00 2.70619E-06 1.46835E-03 4.99867E-03 % Pu240
0.00000E+00 1.62609E-08 1.75747E-04 1.20341E-03 % Pu241
0.00000E+00 1.82227E-11 3.97954E-06 5.94702E-05 % Pu242
0.00000E+00 2.39471E-12 5.02943E-07 7.12865E-06 % Am241
0.00000E+00 1.02127E-19 1.01617E-12 3.52653E-11 % Am244
0.00000E+00 2.82230E-23 2.54086E-16 8.91173E-15 % Am245
0.00000E+00 0.00000E+00 0.00000E+00 0.00000E+00 % lost data
1.10000E+01 1.09999E+01 1.09988E+01 1.09976E+01 % total
];

MAT_uco_A = [
0.00000E+00 4.91917E+06 7.32612E+07 1.24404E+08 % H3
0.00000E+00 1.74810E+16 1.75835E+16 1.74223E+16 % Xe135
2.57514E+09 2.56493E+09 2.39855E+09 2.22289E+09 % U235
2.29926E+09 2.29888E+09 2.29226E+09 2.28457E+09 % U238
0.00000E+00 1.05763E+06 2.49629E+10 2.39136E+11 % Pu238
0.00000E+00 3.27719E+10 1.01301E+12 1.79035E+12 % Pu239
0.00000E+00 5.00524E+08 2.71579E+11 9.24528E+11 % Pu240
0.00000E+00 1.37515E+09 1.48626E+13 1.01770E+14 % Pu241
0.00000E+00 5.84802E+01 1.27711E+07 1.90852E+08 % Pu242
0.00000E+00 6.68948E+03 1.40494E+09 1.99134E+10 % Am241
0.00000E+00 1.05794E+02 1.05265E+09 3.65314E+10 % Am244
0.00000E+00 1.43454E-01 1.29148E+06 4.52970E+07 % Am245
0.00000E+00 0.00000E+00 0.00000E+00 0.00000E+00 % lost data
4.87441E+09 3.34220E+18 3.69927E+18 3.74054E+18 % total
];

MAT_uco_H = [
0.00000E+00 4.48450E-09 6.67878E-08 1.13411E-07 % H3
0.00000E+00 1.57594E+03 1.58518E+03 1.57065E+03 % Xe135
1.90310E-03 1.89555E-03 1.77259E-03 1.64278E-03 % U235
1.57494E-03 1.57467E-03 1.57014E-03 1.56487E-03 % U238
0.00000E+00 9.46987E-07 2.23514E-02 2.14119E-01 % Pu238
0.00000E+00 2.75200E-02 8.50673E-01 1.50344E+00 % Pu239
0.00000E+00 4.21096E-04 2.28482E-01 7.77815E-01 % Pu240
0.00000E+00 1.17986E-06 1.27519E-02 8.73171E-02 % Pu241
0.00000E+00 4.66795E-11 1.01941E-05 1.52340E-04 % Pu242
0.00000E+00 5.99767E-09 1.25964E-03 1.78540E-02 % Am241
0.00000E+00 1.87930E-11 1.86991E-04 6.48934E-03 % Am244
0.00000E+00 7.23771E-15 6.51596E-08 2.28539E-06 % Am245
0.00000E+00 0.00000E+00 0.00000E+00 0.00000E+00 % lost data
3.47803E-03 1.19985E+06 1.22590E+06 1.21289E+06 % total
];

MAT_uco_SF = [
0.00000E+00 0.00000E+00 0.00000E+00 0.00000E+00 % H3
0.00000E+00 0.00000E+00 0.00000E+00 0.00000E+00 % Xe135
1.85410E-01 1.84675E-01 1.72695E-01 1.60048E-01 % U235
1.25540E+05 1.25519E+05 1.25157E+05 1.24738E+05 % U238
0.00000E+00 1.96719E-03 4.64309E+01 4.44794E+02 % Pu238
0.00000E+00 1.01593E-01 3.14034E+00 5.55009E+00 % Pu239
0.00000E+00 2.85299E+01 1.54800E+04 5.26981E+04 % Pu240
0.00000E+00 0.00000E+00 0.00000E+00 0.00000E+00 % Pu241
0.00000E+00 3.21641E-04 7.02413E+01 1.04968E+03 % Pu242
0.00000E+00 2.87648E-08 6.04123E-03 8.56277E-02 % Am241
0.00000E+00 0.00000E+00 0.00000E+00 0.00000E+00 % Am244
0.00000E+00 0.00000E+00 0.00000E+00 0.00000E+00 % Am245
0.00000E+00 0.00000E+00 0.00000E+00 0.00000E+00 % lost data
1.25540E+05 1.25548E+05 1.44014E+05 2.77589E+05 % total
];

MAT_uco_ING_TOX = [
0.00000E+00 2.06605E-04 3.07697E-03 5.22496E-03 % H3
0.00000E+00 3.67101E+09 3.69253E+09 3.65869E+09 % Xe135
1.21032E+02 1.20552E+02 1.12732E+02 1.04476E+02 % U235
1.03467E+02 1.03450E+02 1.03152E+02 1.02806E+02 % U238
0.00000E+00 2.43255E-01 5.74146E+03 5.50014E+04 % Pu238
0.00000E+00 8.19297E+03 2.53254E+05 4.47588E+05 % Pu239
0.00000E+00 1.25131E+02 6.78947E+04 2.31132E+05 % Pu240
0.00000E+00 6.60073E+00 7.13405E+04 4.88497E+05 % Pu241
0.00000E+00 1.40352E-05 3.06507E+00 4.58044E+01 % Pu242
0.00000E+00 1.33790E-03 2.80988E+02 3.98268E+03 % Am241
0.00000E+00 4.86652E-08 4.84221E-01 1.68044E+01 % Am244
0.00000E+00 8.89413E-12 8.00720E-05 2.80842E-03 % Am245
0.00000E+00 0.00000E+00 0.00000E+00 0.00000E+00 % lost data
2.24499E+02 4.48098E+10 6.02666E+10 5.99675E+10 % total
];

MAT_uco_INH_TOX = [
0.00000E+00 1.27898E-03 1.90479E-02 3.23450E-02 % H3
0.00000E+00 1.92291E+09 1.93418E+09 1.91646E+09 % Xe135
2.18887E+04 2.18019E+04 2.03876E+04 1.88946E+04 % U235
1.83941E+04 1.83911E+04 1.83381E+04 1.82766E+04 % U238
0.00000E+00 1.16339E+02 2.74591E+06 2.63050E+07 % Pu238
0.00000E+00 3.93263E+06 1.21562E+08 2.14842E+08 % Pu239
0.00000E+00 6.00629E+04 3.25895E+07 1.10943E+08 % Pu240
0.00000E+00 3.16285E+03 3.41840E+07 2.34071E+08 % Pu241
0.00000E+00 6.43282E-03 1.40483E+03 2.09937E+04 % Pu242
0.00000E+00 6.42190E-01 1.34874E+05 1.91169E+06 % Am241
0.00000E+00 3.91438E-07 3.89482E+00 1.35166E+02 % Am244
0.00000E+00 8.03341E-12 7.23231E-05 2.53663E-03 % Am245
0.00000E+00 0.00000E+00 0.00000E+00 0.00000E+00 % lost data
4.02828E+04 4.39084E+10 5.88865E+10 6.06307E+10 % total
];

TOT_VOLUME = [ 2.20231E+04 2.20231E+04 2.20231E+04 2.20231E+04 ];

TOT_BURNUP = [ 0.00000E+00 4.60685E-01 8.20009E+00 1.68609E+01 ];

TOT_ADENS = [
0.00000E+00 1.25286E-13 1.86588E-12 3.16843E-12 % H3
0.00000E+00 3.76800E-08 3.79008E-08 3.75536E-08 % Xe135
3.74777E-03 3.73291E-03 3.49076E-03 3.23512E-03 % U235
2.12374E-02 2.12338E-02 2.11727E-02 2.11016E-02 % U238
0.00000E+00 1.91749E-13 4.52578E-09 4.33556E-08 % Pu238
0.00000E+00 1.63342E-06 5.04908E-05 8.92349E-05 % Pu239
0.00000E+00 6.78881E-09 3.68353E-06 1.25398E-05 % Pu240
0.00000E+00 4.06240E-11 4.39063E-07 3.00644E-06 % Pu241
0.00000E+00 4.53352E-14 9.90050E-09 1.47953E-07 % Pu242
0.00000E+00 5.98244E-15 1.25644E-09 1.78087E-08 % Am241
0.00000E+00 2.51988E-22 2.50729E-15 8.70134E-14 % Am244
0.00000E+00 6.93528E-26 6.24369E-19 2.18989E-17 % Am245
0.00000E+00 9.73465E-08 1.74502E-06 3.60455E-06 % lost data
7.04339E-02 7.04458E-02 7.06449E-02 7.08672E-02 % total
];

