
DET1001 = [
    1    1    1    1    1    1    1    1    1    1  5.05254E+18 0.00421 
    2    2    1    1    1    1    1    1    1    1  1.76237E+18 0.00615 
    3    3    1    1    1    1    1    1    1    1  1.61037E+17 0.01228 
];


DET1001E = [
 1.00000E-09  6.25000E-07  3.13000E-07
 6.25000E-07  1.00000E-01  5.00003E-02
 1.00000E-01  2.00000E+01  1.00500E+01
];

DET1002 = [
    1    1    1    1    1    1    1    1    1    1  2.13231E+17 0.00660 
    2    2    1    1    1    1    1    1    1    1  4.05325E+17 0.00482 
    3    3    1    1    1    1    1    1    1    1  1.85454E+17 0.00626 
];


DET1002E = [
 1.00000E-09  6.25000E-07  3.13000E-07
 6.25000E-07  1.00000E-01  5.00003E-02
 1.00000E-01  2.00000E+01  1.00500E+01
];
