
ZAI = [
10030
541350
922350
922380
942380
942390
942400
942410
942420
952410
952440
952450
666
0
];

NAMES = [
'H3              '
'Xe135           '
'U235            '
'U238            '
'Pu238           '
'Pu239           '
'Pu240           '
'Pu241           '
'Pu242           '
'Am241           '
'Am244           '
'Am245           '
'lost            '
'total           '
];

i10030  = 1; iH3               = 1;
i541350 = 2; iXe135            = 2;
i922350 = 3; iU235             = 3;
i922380 = 4; iU238             = 4;
i942380 = 5; iPu238            = 5;
i942390 = 6; iPu239            = 6;
i942400 = 7; iPu240            = 7;
i942410 = 8; iPu241            = 8;
i942420 = 9; iPu242            = 9;
i952410 = 10; iAm241            = 10;
i952440 = 11; iAm244            = 11;
i952450 = 12; iAm245            = 12;
iLOST    = 13;
iTOT     = 14;

MAT_uco_VOLUME = [ 1.67860E+04 1.67860E+04 1.67860E+04 1.67860E+04 ];

MAT_uco_BURNUP = [ 0.00000E+00 6.04404E-01 1.07585E+01 2.21214E+01 ];

MAT_uco_ADENS = [
0.00000E+00 1.30194E-13 1.76554E-12 2.84857E-12 % H3
0.00000E+00 4.08249E-08 4.08205E-08 3.98679E-08 % Xe135
3.74777E-03 3.72838E-03 3.41439E-03 3.08629E-03 % U235
2.12374E-02 2.12330E-02 2.11564E-02 2.10672E-02 % U238
0.00000E+00 2.43814E-13 7.01607E-09 6.91836E-08 % Pu238
0.00000E+00 2.03741E-06 6.00020E-05 1.00853E-04 % Pu239
0.00000E+00 1.06832E-08 5.68055E-06 1.85434E-05 % Pu240
0.00000E+00 6.98985E-11 7.50905E-07 4.90756E-06 % Pu241
0.00000E+00 9.74611E-14 2.16269E-08 3.14222E-07 % Pu242
0.00000E+00 1.02477E-14 2.14440E-09 2.88177E-08 % Am241
0.00000E+00 6.54299E-22 6.66246E-15 2.28427E-13 % Am244
0.00000E+00 2.18986E-25 2.02815E-18 7.10582E-17 % Am245
0.00000E+00 1.27685E-07 2.29250E-06 4.73778E-06 % lost data
7.04339E-02 7.04495E-02 7.07108E-02 7.10023E-02 % total
];

MAT_uco_MDENS = [
0.00000E+00 6.51939E-13 8.84083E-12 1.42640E-11 % H3
0.00000E+00 9.14568E-06 9.14468E-06 8.93127E-06 % Xe135
1.46278E+00 1.45521E+00 1.33266E+00 1.20460E+00 % U235
8.39511E+00 8.39337E+00 8.36312E+00 8.32783E+00 % U238
0.00000E+00 9.63788E-11 2.77343E-06 2.73481E-05 % Pu238
0.00000E+00 8.08774E-04 2.38185E-02 4.00350E-02 % Pu239
0.00000E+00 4.25859E-06 2.26441E-03 7.39187E-03 % Pu240
0.00000E+00 2.79788E-08 3.00570E-04 1.96439E-03 % Pu241
0.00000E+00 3.91749E-11 8.69300E-06 1.26303E-04 % Pu242
0.00000E+00 4.10207E-12 8.58382E-07 1.15355E-05 % Am241
0.00000E+00 2.65178E-19 2.70020E-12 9.25783E-11 % Am244
0.00000E+00 8.91161E-23 8.25354E-16 2.89171E-14 % Am245
0.00000E+00 0.00000E+00 0.00000E+00 0.00000E+00 % lost data
1.10000E+01 1.09999E+01 1.09984E+01 1.09968E+01 % total
];

MAT_uco_A = [
0.00000E+00 3.89626E+06 5.28365E+07 8.52478E+07 % H3
0.00000E+00 1.44360E+16 1.44345E+16 1.40976E+16 % Xe135
1.96276E+09 1.95261E+09 1.78817E+09 1.61634E+09 % U235
1.75249E+09 1.75213E+09 1.74581E+09 1.73845E+09 % U238
0.00000E+00 1.02501E+06 2.94959E+10 2.90851E+11 % Pu238
0.00000E+00 3.11565E+10 9.17564E+11 1.54227E+12 % Pu239
0.00000E+00 6.00342E+08 3.19219E+11 1.04205E+12 % Pu240
0.00000E+00 1.80345E+09 1.93740E+13 1.26620E+14 % Pu241
0.00000E+00 9.58233E+01 2.12634E+07 3.08942E+08 % Pu242
0.00000E+00 8.73392E+03 1.82762E+09 2.45607E+10 % Am241
0.00000E+00 2.09375E+02 2.13198E+09 7.30964E+10 % Am244
0.00000E+00 3.45248E-01 3.19753E+06 1.12029E+08 % Am245
0.00000E+00 0.00000E+00 0.00000E+00 0.00000E+00 % lost data
3.71526E+09 3.32252E+18 3.66316E+18 3.69223E+18 % total
];

MAT_uco_H = [
0.00000E+00 3.55198E-09 4.81678E-08 7.77152E-08 % H3
0.00000E+00 1.30143E+03 1.30129E+03 1.27092E+03 % Xe135
1.45054E-03 1.44303E-03 1.32151E-03 1.19452E-03 % U235
1.20041E-03 1.20016E-03 1.19584E-03 1.19079E-03 % U238
0.00000E+00 9.17776E-07 2.64103E-02 2.60424E-01 % Pu238
0.00000E+00 2.61635E-02 7.70519E-01 1.29512E+00 % Pu239
0.00000E+00 5.05074E-04 2.68562E-01 8.76685E-01 % Pu240
0.00000E+00 1.54733E-06 1.66226E-02 1.08638E-01 % Pu241
0.00000E+00 7.64872E-11 1.69727E-05 2.46601E-04 % Pu242
0.00000E+00 7.83067E-09 1.63861E-03 2.20207E-02 % Am241
0.00000E+00 3.71927E-11 3.78719E-04 1.29847E-02 % Am244
0.00000E+00 1.74189E-14 1.61326E-07 5.65222E-06 % Am245
0.00000E+00 0.00000E+00 0.00000E+00 0.00000E+00 % lost data
2.65095E-03 1.19763E+06 1.21651E+06 1.19795E+06 % total
];

MAT_uco_SF = [
0.00000E+00 0.00000E+00 0.00000E+00 0.00000E+00 % H3
0.00000E+00 0.00000E+00 0.00000E+00 0.00000E+00 % Xe135
1.41319E-01 1.40588E-01 1.28748E-01 1.16377E-01 % U235
9.56861E+04 9.56662E+04 9.53215E+04 9.49192E+04 % U238
0.00000E+00 1.90651E-03 5.48624E+01 5.40983E+02 % Pu238
0.00000E+00 9.65853E-02 2.84445E+00 4.78105E+00 % Pu239
0.00000E+00 3.42195E+01 1.81955E+04 5.93967E+04 % Pu240
0.00000E+00 0.00000E+00 0.00000E+00 0.00000E+00 % Pu241
0.00000E+00 5.27028E-04 1.16949E+02 1.69918E+03 % Pu242
0.00000E+00 3.75559E-08 7.85878E-03 1.05611E-01 % Am241
0.00000E+00 0.00000E+00 0.00000E+00 0.00000E+00 % Am244
0.00000E+00 0.00000E+00 0.00000E+00 0.00000E+00 % Am245
0.00000E+00 0.00000E+00 0.00000E+00 0.00000E+00 % lost data
9.56862E+04 9.57007E+04 1.18935E+05 3.11126E+05 % total
];

MAT_uco_ING_TOX = [
0.00000E+00 1.63643E-04 2.21913E-03 3.58041E-03 % H3
0.00000E+00 3.03157E+09 3.03124E+09 2.96050E+09 % Xe135
9.22499E+01 9.17727E+01 8.40440E+01 7.59681E+01 % U235
7.88622E+01 7.88458E+01 7.85617E+01 7.82301E+01 % U238
0.00000E+00 2.35751E-01 6.78406E+03 6.68958E+04 % Pu238
0.00000E+00 7.78913E+03 2.29391E+05 3.85568E+05 % Pu239
0.00000E+00 1.50085E+02 7.98048E+04 2.60512E+05 % Pu240
0.00000E+00 8.65654E+00 9.29954E+04 6.07775E+05 % Pu241
0.00000E+00 2.29976E-05 5.10323E+00 7.41460E+01 % Pu242
0.00000E+00 1.74678E-03 3.65525E+02 4.91214E+03 % Am241
0.00000E+00 9.63123E-08 9.80709E-01 3.36243E+01 % Am244
0.00000E+00 2.14054E-11 1.98247E-04 6.94578E-03 % Am245
0.00000E+00 0.00000E+00 0.00000E+00 0.00000E+00 % lost data
1.71112E+02 4.41355E+10 5.93642E+10 5.88168E+10 % total
];

MAT_uco_INH_TOX = [
0.00000E+00 1.01303E-03 1.37375E-02 2.21644E-02 % H3
0.00000E+00 1.58796E+09 1.58779E+09 1.55074E+09 % Xe135
1.66835E+04 1.65972E+04 1.51995E+04 1.37389E+04 % U235
1.40199E+04 1.40170E+04 1.39665E+04 1.39076E+04 % U238
0.00000E+00 1.12751E+02 3.24455E+06 3.19936E+07 % Pu238
0.00000E+00 3.73878E+06 1.10108E+08 1.85073E+08 % Pu239
0.00000E+00 7.20410E+04 3.83063E+07 1.25046E+08 % Pu240
0.00000E+00 4.14793E+03 4.45603E+07 2.91225E+08 % Pu241
0.00000E+00 1.05406E-02 2.33898E+03 3.39836E+04 % Pu242
0.00000E+00 8.38457E-01 1.75452E+05 2.35783E+06 % Am241
0.00000E+00 7.74686E-07 7.88831E+00 2.70457E+02 % Am244
0.00000E+00 1.93339E-11 1.79062E-04 6.27361E-03 % Am245
0.00000E+00 0.00000E+00 0.00000E+00 0.00000E+00 % lost data
3.07034E+04 4.35247E+10 5.83381E+10 5.99183E+10 % total
];

TOT_VOLUME = [ 1.67860E+04 1.67860E+04 1.67860E+04 1.67860E+04 ];

TOT_BURNUP = [ 0.00000E+00 6.04404E-01 1.07585E+01 2.21214E+01 ];

TOT_ADENS = [
0.00000E+00 1.30194E-13 1.76554E-12 2.84857E-12 % H3
0.00000E+00 4.08249E-08 4.08205E-08 3.98679E-08 % Xe135
3.74777E-03 3.72838E-03 3.41439E-03 3.08629E-03 % U235
2.12374E-02 2.12330E-02 2.11564E-02 2.10672E-02 % U238
0.00000E+00 2.43814E-13 7.01607E-09 6.91836E-08 % Pu238
0.00000E+00 2.03741E-06 6.00020E-05 1.00853E-04 % Pu239
0.00000E+00 1.06832E-08 5.68055E-06 1.85434E-05 % Pu240
0.00000E+00 6.98985E-11 7.50905E-07 4.90756E-06 % Pu241
0.00000E+00 9.74611E-14 2.16269E-08 3.14222E-07 % Pu242
0.00000E+00 1.02477E-14 2.14440E-09 2.88177E-08 % Am241
0.00000E+00 6.54299E-22 6.66246E-15 2.28427E-13 % Am244
0.00000E+00 2.18986E-25 2.02815E-18 7.10582E-17 % Am245
0.00000E+00 1.27685E-07 2.29250E-06 4.73778E-06 % lost data
7.04339E-02 7.04495E-02 7.07108E-02 7.10023E-02 % total
];

