
DET1001 = [
    1    1    1    1    1    1    1    1    1    1  5.14791E+18 0.00470 
    2    2    1    1    1    1    1    1    1    1  1.80215E+18 0.00641 
    3    3    1    1    1    1    1    1    1    1  1.68361E+17 0.01202 
];


DET1001E = [
 1.00000E-09  6.25000E-07  3.13000E-07
 6.25000E-07  1.00000E-01  5.00003E-02
 1.00000E-01  2.00000E+01  1.00500E+01
];

DET1002 = [
    1    1    1    1    1    1    1    1    1    1  2.13758E+17 0.00648 
    2    2    1    1    1    1    1    1    1    1  4.19196E+17 0.00477 
    3    3    1    1    1    1    1    1    1    1  1.94098E+17 0.00647 
];


DET1002E = [
 1.00000E-09  6.25000E-07  3.13000E-07
 6.25000E-07  1.00000E-01  5.00003E-02
 1.00000E-01  2.00000E+01  1.00500E+01
];
