
DET1001 = [
    1    1    1    1    1    1    1    1    1    1  4.93186E+18 0.00457 
    2    2    1    1    1    1    1    1    1    1  1.71814E+18 0.00611 
    3    3    1    1    1    1    1    1    1    1  1.54798E+17 0.01232 
];


DET1001E = [
 1.00000E-09  6.25000E-07  3.13000E-07
 6.25000E-07  1.00000E-01  5.00003E-02
 1.00000E-01  2.00000E+01  1.00500E+01
];

DET1002 = [
    1    1    1    1    1    1    1    1    1    1  2.13119E+17 0.00586 
    2    2    1    1    1    1    1    1    1    1  3.92342E+17 0.00485 
    3    3    1    1    1    1    1    1    1    1  1.80734E+17 0.00650 
];


DET1002E = [
 1.00000E-09  6.25000E-07  3.13000E-07
 6.25000E-07  1.00000E-01  5.00003E-02
 1.00000E-01  2.00000E+01  1.00500E+01
];
