
DET1001 = [
    1    1    1    1    1    1    1    1    1    1  5.30225E+18 0.00464 
    2    2    1    1    1    1    1    1    1    1  1.84586E+18 0.00619 
    3    3    1    1    1    1    1    1    1    1  1.68080E+17 0.01188 
];


DET1001E = [
 1.00000E-09  6.25000E-07  3.13000E-07
 6.25000E-07  1.00000E-01  5.00003E-02
 1.00000E-01  2.00000E+01  1.00500E+01
];

DET1002 = [
    1    1    1    1    1    1    1    1    1    1  2.21628E+17 0.00662 
    2    2    1    1    1    1    1    1    1    1  4.41912E+17 0.00504 
    3    3    1    1    1    1    1    1    1    1  2.03161E+17 0.00621 
];


DET1002E = [
 1.00000E-09  6.25000E-07  3.13000E-07
 6.25000E-07  1.00000E-01  5.00003E-02
 1.00000E-01  2.00000E+01  1.00500E+01
];
