
DET1001 = [
    1    1    1    1    1    1    1    1    1    1  5.36940E+18 0.00436 
    2    2    1    1    1    1    1    1    1    1  2.26212E+18 0.00510 
    3    3    1    1    1    1    1    1    1    1  3.74526E+17 0.00985 
];


DET1001E = [
 1.00000E-09  6.25000E-07  3.13000E-07
 6.25000E-07  1.00000E-01  5.00003E-02
 1.00000E-01  2.00000E+01  1.00500E+01
];

DET1002 = [
    1    1    1    1    1    1    1    1    1    1  1.29443E+17 0.00837 
    2    2    1    1    1    1    1    1    1    1  3.77892E+17 0.00527 
    3    3    1    1    1    1    1    1    1    1  2.03532E+17 0.00610 
];


DET1002E = [
 1.00000E-09  6.25000E-07  3.13000E-07
 6.25000E-07  1.00000E-01  5.00003E-02
 1.00000E-01  2.00000E+01  1.00500E+01
];
