
DET1001 = [
    1    1    1    1    1    1    1    1    1    1  5.44499E+18 0.00443 
    2    2    1    1    1    1    1    1    1    1  2.30495E+18 0.00509 
    3    3    1    1    1    1    1    1    1    1  3.82811E+17 0.00962 
];


DET1001E = [
 1.00000E-09  6.25000E-07  3.13000E-07
 6.25000E-07  1.00000E-01  5.00003E-02
 1.00000E-01  2.00000E+01  1.00500E+01
];

DET1002 = [
    1    1    1    1    1    1    1    1    1    1  1.29320E+17 0.00805 
    2    2    1    1    1    1    1    1    1    1  3.87045E+17 0.00489 
    3    3    1    1    1    1    1    1    1    1  2.10824E+17 0.00596 
];


DET1002E = [
 1.00000E-09  6.25000E-07  3.13000E-07
 6.25000E-07  1.00000E-01  5.00003E-02
 1.00000E-01  2.00000E+01  1.00500E+01
];
