
DET1001 = [
    1    1    1    1    1    1    1    1    1    1  5.51683E+18 0.00453 
    2    2    1    1    1    1    1    1    1    1  2.33283E+18 0.00539 
    3    3    1    1    1    1    1    1    1    1  3.84335E+17 0.01012 
];


DET1001E = [
 1.00000E-09  6.25000E-07  3.13000E-07
 6.25000E-07  1.00000E-01  5.00003E-02
 1.00000E-01  2.00000E+01  1.00500E+01
];

DET1002 = [
    1    1    1    1    1    1    1    1    1    1  1.29932E+17 0.00871 
    2    2    1    1    1    1    1    1    1    1  3.98733E+17 0.00550 
    3    3    1    1    1    1    1    1    1    1  2.14364E+17 0.00651 
];


DET1002E = [
 1.00000E-09  6.25000E-07  3.13000E-07
 6.25000E-07  1.00000E-01  5.00003E-02
 1.00000E-01  2.00000E+01  1.00500E+01
];
