
ZAI = [
10030
541350
922350
922380
942380
942390
942400
942410
942420
952410
952440
952450
666
0
];

NAMES = [
'H3              '
'Xe135           '
'U235            '
'U238            '
'Pu238           '
'Pu239           '
'Pu240           '
'Pu241           '
'Pu242           '
'Am241           '
'Am244           '
'Am245           '
'lost            '
'total           '
];

i10030  = 1; iH3               = 1;
i541350 = 2; iXe135            = 2;
i922350 = 3; iU235             = 3;
i922380 = 4; iU238             = 4;
i942380 = 5; iPu238            = 5;
i942390 = 6; iPu239            = 6;
i942400 = 7; iPu240            = 7;
i942410 = 8; iPu241            = 8;
i942420 = 9; iPu242            = 9;
i952410 = 10; iAm241            = 10;
i952440 = 11; iAm244            = 11;
i952450 = 12; iAm245            = 12;
iLOST    = 13;
iTOT     = 14;

MAT_uco_VOLUME = [ 1.22080E+04 1.22080E+04 1.22080E+04 1.22080E+04 ];

MAT_uco_BURNUP = [ 0.00000E+00 8.31064E-01 1.47927E+01 3.04168E+01 ];

MAT_uco_ADENS = [
0.00000E+00 1.42483E-13 1.84183E-12 2.74545E-12 % H3
0.00000E+00 4.37502E-08 4.28851E-08 4.05392E-08 % Xe135
3.74777E-03 3.72127E-03 3.29508E-03 2.85448E-03 % U235
2.12374E-02 2.12320E-02 2.11389E-02 2.10284E-02 % U238
0.00000E+00 3.57872E-13 1.30683E-08 1.30966E-07 % Pu238
0.00000E+00 2.45452E-06 6.66478E-05 1.03405E-04 % Pu239
0.00000E+00 1.74323E-08 8.85969E-06 2.71192E-05 % Pu240
0.00000E+00 1.33391E-10 1.33560E-06 8.09335E-06 % Pu241
0.00000E+00 2.59213E-13 5.51264E-08 7.75523E-07 % Pu242
0.00000E+00 1.94371E-14 3.79470E-09 4.63886E-08 % Am241
0.00000E+00 2.26608E-21 2.24333E-14 7.55406E-13 % Am244
0.00000E+00 1.05141E-24 9.46534E-18 3.35345E-16 % Am245
0.00000E+00 1.75546E-07 3.15688E-06 6.52292E-06 % lost data
7.04339E-02 7.04553E-02 7.08147E-02 7.12149E-02 % total
];

MAT_uco_MDENS = [
0.00000E+00 7.13474E-13 9.22286E-12 1.37477E-11 % H3
0.00000E+00 9.80100E-06 9.60719E-06 9.08167E-06 % Xe135
1.46278E+00 1.45244E+00 1.28609E+00 1.11412E+00 % U235
8.39511E+00 8.39300E+00 8.35618E+00 8.31251E+00 % U238
0.00000E+00 1.41466E-10 5.16587E-06 5.17706E-05 % Pu238
0.00000E+00 9.74351E-04 2.64566E-02 4.10480E-02 % Pu239
0.00000E+00 6.94896E-06 3.53170E-03 1.08104E-02 % Pu240
0.00000E+00 5.33932E-08 5.34610E-04 3.23958E-03 % Pu241
0.00000E+00 1.04192E-10 2.21583E-05 3.11725E-04 % Pu242
0.00000E+00 7.78048E-12 1.51898E-06 1.85689E-05 % Am241
0.00000E+00 9.18410E-19 9.09189E-12 3.06155E-10 % Am244
0.00000E+00 4.27870E-22 3.85191E-15 1.36468E-13 % Am245
0.00000E+00 0.00000E+00 0.00000E+00 0.00000E+00 % lost data
1.10000E+01 1.09999E+01 1.09978E+01 1.09956E+01 % total
];

MAT_uco_A = [
0.00000E+00 3.10112E+06 4.00873E+07 5.97545E+07 % H3
0.00000E+00 1.12513E+16 1.10288E+16 1.04255E+16 % Xe135
1.42747E+09 1.41738E+09 1.25505E+09 1.08723E+09 % U235
1.27455E+09 1.27423E+09 1.26864E+09 1.26201E+09 % U238
0.00000E+00 1.09420E+06 3.99565E+10 4.00430E+11 % Pu238
0.00000E+00 2.72984E+10 7.41235E+11 1.15004E+12 % Pu239
0.00000E+00 7.12446E+08 3.62090E+11 1.10834E+12 % Pu240
0.00000E+00 2.50299E+09 2.50617E+13 1.51867E+14 % Pu241
0.00000E+00 1.85352E+02 3.94184E+07 5.54541E+08 % Pu242
0.00000E+00 1.20479E+04 2.35212E+09 2.87536E+10 % Am241
0.00000E+00 5.27379E+02 5.22084E+09 1.75803E+11 % Am244
0.00000E+00 1.20555E+00 1.08530E+07 3.84509E+08 % Am245
0.00000E+00 0.00000E+00 0.00000E+00 0.00000E+00 % lost data
2.70202E+09 3.28093E+18 3.57866E+18 3.58753E+18 % total
];

MAT_uco_H = [
0.00000E+00 2.82710E-09 3.65451E-08 5.44745E-08 % H3
0.00000E+00 1.01432E+03 9.94264E+02 9.39877E+02 % Xe135
1.05494E-03 1.04748E-03 9.27516E-04 8.03493E-04 % U235
8.73031E-04 8.72812E-04 8.68983E-04 8.64441E-04 % U238
0.00000E+00 9.79728E-07 3.57765E-02 3.58540E-01 % Pu238
0.00000E+00 2.29237E-02 6.22448E-01 9.65741E-01 % Pu239
0.00000E+00 5.99388E-04 3.04630E-01 9.32460E-01 % Pu240
0.00000E+00 2.14753E-06 2.15025E-02 1.30299E-01 % Pu241
0.00000E+00 1.47950E-10 3.14642E-05 4.42641E-04 % Pu242
0.00000E+00 1.08019E-08 2.10886E-03 2.57800E-02 % Am241
0.00000E+00 9.36822E-11 9.27416E-04 3.12293E-02 % Am244
0.00000E+00 6.08241E-14 5.47571E-07 1.93998E-05 % Am245
0.00000E+00 0.00000E+00 0.00000E+00 0.00000E+00 % lost data
1.92797E-03 1.19372E+06 1.19638E+06 1.16890E+06 % total
];

MAT_uco_SF = [
0.00000E+00 0.00000E+00 0.00000E+00 0.00000E+00 % H3
0.00000E+00 0.00000E+00 0.00000E+00 0.00000E+00 % Xe135
1.02778E-01 1.02052E-01 9.03637E-02 7.82807E-02 % U235
6.95902E+04 6.95728E+04 6.92675E+04 6.89055E+04 % U238
0.00000E+00 2.03520E-03 7.43192E+01 7.44801E+02 % Pu238
0.00000E+00 8.46249E-02 2.29783E+00 3.56513E+00 % Pu239
0.00000E+00 4.06094E+01 2.06391E+04 6.31755E+04 % Pu240
0.00000E+00 0.00000E+00 0.00000E+00 0.00000E+00 % Pu241
0.00000E+00 1.01943E-03 2.16801E+02 3.04998E+03 % Pu242
0.00000E+00 5.18060E-08 1.01141E-02 1.23641E-01 % Am241
0.00000E+00 0.00000E+00 0.00000E+00 0.00000E+00 % Am244
0.00000E+00 0.00000E+00 0.00000E+00 0.00000E+00 % Am245
0.00000E+00 0.00000E+00 0.00000E+00 0.00000E+00 % lost data
6.95903E+04 6.96136E+04 9.95855E+04 4.00650E+05 % total
];

MAT_uco_ING_TOX = [
0.00000E+00 1.30247E-04 1.68366E-03 2.50969E-03 % H3
0.00000E+00 2.36277E+09 2.31605E+09 2.18936E+09 % Xe135
6.70912E+01 6.66170E+01 5.89874E+01 5.10999E+01 % U235
5.73546E+01 5.73402E+01 5.70886E+01 5.67902E+01 % U238
0.00000E+00 2.51665E-01 9.19000E+03 9.20990E+04 % Pu238
0.00000E+00 6.82459E+03 1.85309E+05 2.87510E+05 % Pu239
0.00000E+00 1.78112E+02 9.05224E+04 2.77086E+05 % Pu240
0.00000E+00 1.20144E+01 1.20296E+05 7.28961E+05 % Pu241
0.00000E+00 4.44844E-05 9.46041E+00 1.33090E+02 % Pu242
0.00000E+00 2.40958E-03 4.70423E+02 5.75072E+03 % Am241
0.00000E+00 2.42594E-07 2.40159E+00 8.08696E+01 % Am244
0.00000E+00 7.47442E-11 6.72887E-04 2.38396E-02 % Am245
0.00000E+00 0.00000E+00 0.00000E+00 0.00000E+00 % lost data
1.24446E+02 4.34217E+10 5.79823E+10 5.69581E+10 % total
];

MAT_uco_INH_TOX = [
0.00000E+00 8.06291E-04 1.04227E-02 1.55362E-02 % H3
0.00000E+00 1.23764E+09 1.21317E+09 1.14681E+09 % Xe135
1.21335E+04 1.20477E+04 1.06679E+04 9.24147E+03 % U235
1.01964E+04 1.01938E+04 1.01491E+04 1.00960E+04 % U238
0.00000E+00 1.20362E+02 4.39522E+06 4.40473E+07 % Pu238
0.00000E+00 3.27580E+06 8.89482E+07 1.38005E+08 % Pu239
0.00000E+00 8.54935E+04 4.34508E+07 1.33001E+08 % Pu240
0.00000E+00 5.75689E+03 5.76420E+07 3.49294E+08 % Pu241
0.00000E+00 2.03887E-02 4.33602E+03 6.09996E+04 % Pu242
0.00000E+00 1.15660E+00 2.25803E+05 2.76035E+06 % Am241
0.00000E+00 1.95130E-06 1.93171E+01 6.50473E+02 % Am244
0.00000E+00 6.75109E-11 6.07769E-04 2.15325E-02 % Am245
0.00000E+00 0.00000E+00 0.00000E+00 0.00000E+00 % lost data
2.23299E+04 4.31192E+10 5.73373E+10 5.85254E+10 % total
];

TOT_VOLUME = [ 1.22080E+04 1.22080E+04 1.22080E+04 1.22080E+04 ];

TOT_BURNUP = [ 0.00000E+00 8.31064E-01 1.47927E+01 3.04168E+01 ];

TOT_ADENS = [
0.00000E+00 1.42483E-13 1.84183E-12 2.74545E-12 % H3
0.00000E+00 4.37502E-08 4.28851E-08 4.05392E-08 % Xe135
3.74777E-03 3.72127E-03 3.29508E-03 2.85448E-03 % U235
2.12374E-02 2.12320E-02 2.11389E-02 2.10284E-02 % U238
0.00000E+00 3.57872E-13 1.30683E-08 1.30966E-07 % Pu238
0.00000E+00 2.45452E-06 6.66478E-05 1.03405E-04 % Pu239
0.00000E+00 1.74323E-08 8.85969E-06 2.71192E-05 % Pu240
0.00000E+00 1.33391E-10 1.33560E-06 8.09335E-06 % Pu241
0.00000E+00 2.59213E-13 5.51264E-08 7.75523E-07 % Pu242
0.00000E+00 1.94371E-14 3.79470E-09 4.63886E-08 % Am241
0.00000E+00 2.26608E-21 2.24333E-14 7.55406E-13 % Am244
0.00000E+00 1.05141E-24 9.46534E-18 3.35345E-16 % Am245
0.00000E+00 1.75546E-07 3.15688E-06 6.52292E-06 % lost data
7.04339E-02 7.04553E-02 7.08147E-02 7.12149E-02 % total
];

