
DET1001 = [
    1    1    1    1    1    1    1    1    1    1  6.62420E+18 0.00424 
    2    2    1    1    1    1    1    1    1    1  2.03502E+18 0.00607 
    3    3    1    1    1    1    1    1    1    1  2.10335E+17 0.01227 
];


DET1001E = [
 1.00000E-09  6.25000E-07  3.13000E-07
 6.25000E-07  1.00000E-01  5.00003E-02
 1.00000E-01  2.00000E+01  1.00500E+01
];

DET1002 = [
    1    1    1    1    1    1    1    1    1    1  3.09245E+17 0.00580 
    2    2    1    1    1    1    1    1    1    1  4.60183E+17 0.00485 
    3    3    1    1    1    1    1    1    1    1  2.14221E+17 0.00697 
];


DET1002E = [
 1.00000E-09  6.25000E-07  3.13000E-07
 6.25000E-07  1.00000E-01  5.00003E-02
 1.00000E-01  2.00000E+01  1.00500E+01
];
