
DET1001 = [
    1    1    1    1    1    1    1    1    1    1  6.26359E+18 0.00396 
    2    2    1    1    1    1    1    1    1    1  1.89288E+18 0.00586 
    3    3    1    1    1    1    1    1    1    1  1.91465E+17 0.01187 
];


DET1001E = [
 1.00000E-09  6.25000E-07  3.13000E-07
 6.25000E-07  1.00000E-01  5.00003E-02
 1.00000E-01  2.00000E+01  1.00500E+01
];

DET1002 = [
    1    1    1    1    1    1    1    1    1    1  3.02598E+17 0.00553 
    2    2    1    1    1    1    1    1    1    1  4.20236E+17 0.00495 
    3    3    1    1    1    1    1    1    1    1  1.93352E+17 0.00618 
];


DET1002E = [
 1.00000E-09  6.25000E-07  3.13000E-07
 6.25000E-07  1.00000E-01  5.00003E-02
 1.00000E-01  2.00000E+01  1.00500E+01
];
