
DET1001 = [
    1    1    1    1    1    1    1    1    1    1  4.13214E+18 0.00505 
    2    2    1    1    1    1    1    1    1    1  1.87235E+18 0.00558 
    3    3    1    1    1    1    1    1    1    1  1.73962E+17 0.01122 
];


DET1001E = [
 1.00000E-09  6.25000E-07  3.13000E-07
 6.25000E-07  1.00000E-01  5.00003E-02
 1.00000E-01  2.00000E+01  1.00500E+01
];

DET1002 = [
    1    1    1    1    1    1    1    1    1    1  8.71539E+16 0.00936 
    2    2    1    1    1    1    1    1    1    1  3.72984E+17 0.00466 
    3    3    1    1    1    1    1    1    1    1  1.78170E+17 0.00623 
];


DET1002E = [
 1.00000E-09  6.25000E-07  3.13000E-07
 6.25000E-07  1.00000E-01  5.00003E-02
 1.00000E-01  2.00000E+01  1.00500E+01
];
