
DET1001 = [
    1    1    1    1    1    1    1    1    1    1  4.01896E+18 0.00496 
    2    2    1    1    1    1    1    1    1    1  1.80389E+18 0.00581 
    3    3    1    1    1    1    1    1    1    1  1.67002E+17 0.01177 
];


DET1001E = [
 1.00000E-09  6.25000E-07  3.13000E-07
 6.25000E-07  1.00000E-01  5.00003E-02
 1.00000E-01  2.00000E+01  1.00500E+01
];

DET1002 = [
    1    1    1    1    1    1    1    1    1    1  8.91674E+16 0.00949 
    2    2    1    1    1    1    1    1    1    1  3.52030E+17 0.00499 
    3    3    1    1    1    1    1    1    1    1  1.66334E+17 0.00641 
];


DET1002E = [
 1.00000E-09  6.25000E-07  3.13000E-07
 6.25000E-07  1.00000E-01  5.00003E-02
 1.00000E-01  2.00000E+01  1.00500E+01
];
