
ZAI = [
10030
541350
922350
922380
942380
942390
942400
942410
942420
952410
952440
952450
666
0
];

NAMES = [
'H3              '
'Xe135           '
'U235            '
'U238            '
'Pu238           '
'Pu239           '
'Pu240           '
'Pu241           '
'Pu242           '
'Am241           '
'Am244           '
'Am245           '
'lost            '
'total           '
];

i10030  = 1; iH3               = 1;
i541350 = 2; iXe135            = 2;
i922350 = 3; iU235             = 3;
i922380 = 4; iU238             = 4;
i942380 = 5; iPu238            = 5;
i942390 = 6; iPu239            = 6;
i942400 = 7; iPu240            = 7;
i942410 = 8; iPu241            = 8;
i942420 = 9; iPu242            = 9;
i952410 = 10; iAm241            = 10;
i952440 = 11; iAm244            = 11;
i952450 = 12; iAm245            = 12;
iLOST    = 13;
iTOT     = 14;

MAT_uco_VOLUME = [ 5.00346E+04 5.00346E+04 5.00346E+04 5.00346E+04 ];

MAT_uco_BURNUP = [ 0.00000E+00 2.02777E-01 3.60943E+00 7.42154E+00 ];

MAT_uco_ADENS = [
0.00000E+00 7.31476E-14 1.20790E-12 2.26134E-12 % H3
0.00000E+00 2.54110E-08 2.56940E-08 2.58058E-08 % Xe135
3.74777E-03 3.74112E-03 3.63122E-03 3.51228E-03 % U235
2.12374E-02 2.12355E-02 2.12028E-02 2.11656E-02 % U238
0.00000E+00 5.11464E-14 7.75809E-10 6.95242E-09 % Pu238
0.00000E+00 8.83791E-07 3.00631E-05 5.85451E-05 % Pu239
0.00000E+00 1.65884E-09 9.42983E-07 3.58540E-06 % Pu240
0.00000E+00 5.74172E-12 6.52066E-08 5.09867E-07 % Pu241
0.00000E+00 2.67639E-15 5.92013E-10 9.74999E-09 % Pu242
0.00000E+00 8.58072E-16 1.87517E-10 3.06610E-09 % Am241
0.00000E+00 5.21856E-24 5.10348E-17 1.89534E-15 % Am244
0.00000E+00 6.09671E-28 5.38900E-21 1.99610E-19 % Am245
0.00000E+00 4.28613E-08 7.65576E-07 1.57882E-06 % lost data
7.04339E-02 7.04392E-02 7.05267E-02 7.06246E-02 % total
];

MAT_uco_MDENS = [
0.00000E+00 3.66282E-13 6.04847E-12 1.13235E-11 % H3
0.00000E+00 5.69261E-06 5.75601E-06 5.78106E-06 % Xe135
1.46278E+00 1.46018E+00 1.41729E+00 1.37086E+00 % U235
8.39511E+00 8.39436E+00 8.38145E+00 8.36673E+00 % U238
0.00000E+00 2.02180E-11 3.06675E-07 2.74827E-06 % Pu238
0.00000E+00 3.50831E-04 1.19339E-02 2.32402E-02 % Pu239
0.00000E+00 6.61254E-07 3.75897E-04 1.42923E-03 % Pu240
0.00000E+00 2.29828E-09 2.61007E-05 2.04088E-04 % Pu241
0.00000E+00 1.07578E-12 2.37962E-07 3.91905E-06 % Pu242
0.00000E+00 3.43478E-13 7.50612E-08 1.22733E-06 % Am241
0.00000E+00 2.11501E-21 2.06837E-14 7.68153E-13 % Am244
0.00000E+00 2.48105E-25 2.19305E-18 8.12311E-17 % Am245
0.00000E+00 0.00000E+00 0.00000E+00 0.00000E+00 % lost data
1.10000E+01 1.10000E+01 1.09995E+01 1.09989E+01 % total
];

MAT_uco_A = [
0.00000E+00 6.52501E+06 1.07748E+08 2.01719E+08 % H3
0.00000E+00 2.67836E+16 2.70818E+16 2.71997E+16 % Xe135
5.85049E+09 5.84011E+09 5.66856E+09 5.48288E+09 % U235
5.22372E+09 5.22325E+09 5.21522E+09 5.20606E+09 % U238
0.00000E+00 6.40924E+05 9.72181E+09 8.71220E+10 % Pu238
0.00000E+00 4.02851E+10 1.37034E+12 2.66861E+12 % Pu239
0.00000E+00 2.77860E+08 1.57952E+11 6.00565E+11 % Pu240
0.00000E+00 4.41572E+08 5.01477E+12 3.92117E+13 % Pu241
0.00000E+00 7.84355E+00 1.73498E+06 2.85738E+07 % Pu242
0.00000E+00 2.17986E+03 4.76371E+08 7.78918E+09 % Am241
0.00000E+00 4.97763E+00 4.86786E+07 1.80783E+09 % Am244
0.00000E+00 2.86507E-03 2.53249E+04 9.38040E+05 % Am245
0.00000E+00 0.00000E+00 0.00000E+00 0.00000E+00 % lost data
1.10742E+10 3.42460E+18 3.81362E+18 3.87316E+18 % total
];

MAT_uco_H = [
0.00000E+00 5.94845E-09 9.82275E-08 1.83895E-07 % H3
0.00000E+00 2.41458E+03 2.44147E+03 2.45210E+03 % Xe135
4.32367E-03 4.31599E-03 4.18922E-03 4.05199E-03 % U235
3.57812E-03 3.57780E-03 3.57229E-03 3.56602E-03 % U238
0.00000E+00 5.73875E-07 8.70477E-03 7.80079E-02 % Pu238
0.00000E+00 3.38292E-02 1.15074E+00 2.24095E+00 % Pu239
0.00000E+00 2.33766E-04 1.32887E-01 5.05262E-01 % Pu240
0.00000E+00 3.78861E-07 4.30259E-03 3.36430E-02 % Pu241
0.00000E+00 6.26081E-12 1.38488E-06 2.28079E-05 % Pu242
0.00000E+00 1.95443E-09 4.27106E-04 6.98364E-03 % Am241
0.00000E+00 8.84213E-13 8.64715E-06 3.21139E-04 % Am244
0.00000E+00 1.44552E-16 1.27772E-09 4.73272E-08 % Am245
0.00000E+00 0.00000E+00 0.00000E+00 0.00000E+00 % lost data
7.90178E-03 1.20704E+06 1.24619E+06 1.24384E+06 % total
];

MAT_uco_SF = [
0.00000E+00 0.00000E+00 0.00000E+00 0.00000E+00 % H3
0.00000E+00 0.00000E+00 0.00000E+00 0.00000E+00 % Xe135
4.21235E-01 4.20488E-01 4.08136E-01 3.94767E-01 % U235
2.85215E+05 2.85190E+05 2.84751E+05 2.84251E+05 % U238
0.00000E+00 1.19212E-03 1.80826E+01 1.62047E+02 % Pu238
0.00000E+00 1.24884E-01 4.24805E+00 8.27270E+00 % Pu239
0.00000E+00 1.58380E+01 9.00329E+03 3.42322E+04 % Pu240
0.00000E+00 0.00000E+00 0.00000E+00 0.00000E+00 % Pu241
0.00000E+00 4.31395E-05 9.54240E+00 1.57156E+02 % Pu242
0.00000E+00 9.37342E-09 2.04840E-03 3.34935E-02 % Am241
0.00000E+00 0.00000E+00 0.00000E+00 0.00000E+00 % Am244
0.00000E+00 0.00000E+00 0.00000E+00 0.00000E+00 % Am245
0.00000E+00 0.00000E+00 0.00000E+00 0.00000E+00 % lost data
2.85216E+05 2.85206E+05 2.94263E+05 3.34680E+05 % total
];

MAT_uco_ING_TOX = [
0.00000E+00 2.74050E-04 4.52543E-03 8.47220E-03 % H3
0.00000E+00 5.62455E+09 5.68718E+09 5.71193E+09 % Xe135
2.74973E+02 2.74485E+02 2.66422E+02 2.57695E+02 % U235
2.35068E+02 2.35046E+02 2.34685E+02 2.34273E+02 % U238
0.00000E+00 1.47413E-01 2.23602E+03 2.00381E+04 % Pu238
0.00000E+00 1.00713E+04 3.42585E+05 6.67153E+05 % Pu239
0.00000E+00 6.94649E+01 3.94881E+04 1.50141E+05 % Pu240
0.00000E+00 2.11954E+00 2.40709E+04 1.88216E+05 % Pu241
0.00000E+00 1.88245E-06 4.16396E-01 6.85771E+00 % Pu242
0.00000E+00 4.35973E-04 9.52742E+01 1.55784E+03 % Am241
0.00000E+00 2.28971E-09 2.23922E-02 8.31603E-01 % Am244
0.00000E+00 1.77634E-13 1.57014E-06 5.81585E-05 % Am245
0.00000E+00 0.00000E+00 0.00000E+00 0.00000E+00 % lost data
5.10041E+02 4.68331E+10 6.26322E+10 6.27212E+10 % total
];

MAT_uco_INH_TOX = [
0.00000E+00 1.69650E-03 2.80146E-02 5.24469E-02 % H3
0.00000E+00 2.94619E+09 2.97900E+09 2.99197E+09 % Xe135
4.97292E+04 4.96409E+04 4.81828E+04 4.66045E+04 % U235
4.17898E+04 4.17860E+04 4.17218E+04 4.16485E+04 % U238
0.00000E+00 7.05017E+01 1.06940E+06 9.58343E+06 % Pu238
0.00000E+00 4.83421E+06 1.64441E+08 3.20233E+08 % Pu239
0.00000E+00 3.33432E+04 1.89543E+07 7.20678E+07 % Pu240
0.00000E+00 1.01561E+03 1.15340E+07 9.01870E+07 % Pu241
0.00000E+00 8.62791E-04 1.90848E+02 3.14312E+03 % Pu242
0.00000E+00 2.09267E-01 4.57316E+04 7.47761E+05 % Am241
0.00000E+00 1.84172E-08 1.80111E-01 6.68898E+00 % Am244
0.00000E+00 1.60444E-13 1.41819E-06 5.25302E-05 % Am245
0.00000E+00 0.00000E+00 0.00000E+00 0.00000E+00 % lost data
9.15190E+04 4.50239E+10 6.02193E+10 6.21578E+10 % total
];

TOT_VOLUME = [ 5.00346E+04 5.00346E+04 5.00346E+04 5.00346E+04 ];

TOT_BURNUP = [ 0.00000E+00 2.02777E-01 3.60943E+00 7.42154E+00 ];

TOT_ADENS = [
0.00000E+00 7.31476E-14 1.20790E-12 2.26134E-12 % H3
0.00000E+00 2.54110E-08 2.56940E-08 2.58058E-08 % Xe135
3.74777E-03 3.74112E-03 3.63122E-03 3.51228E-03 % U235
2.12374E-02 2.12355E-02 2.12028E-02 2.11656E-02 % U238
0.00000E+00 5.11464E-14 7.75809E-10 6.95242E-09 % Pu238
0.00000E+00 8.83791E-07 3.00631E-05 5.85451E-05 % Pu239
0.00000E+00 1.65884E-09 9.42983E-07 3.58540E-06 % Pu240
0.00000E+00 5.74172E-12 6.52066E-08 5.09867E-07 % Pu241
0.00000E+00 2.67639E-15 5.92013E-10 9.74999E-09 % Pu242
0.00000E+00 8.58072E-16 1.87517E-10 3.06610E-09 % Am241
0.00000E+00 5.21856E-24 5.10348E-17 1.89534E-15 % Am244
0.00000E+00 6.09671E-28 5.38900E-21 1.99610E-19 % Am245
0.00000E+00 4.28613E-08 7.65576E-07 1.57882E-06 % lost data
7.04339E-02 7.04392E-02 7.05267E-02 7.06246E-02 % total
];

