
ZAI = [
10030
541350
922350
922380
942380
942390
942400
942410
942420
952410
952440
952450
666
0
];

NAMES = [
'H3              '
'Xe135           '
'U235            '
'U238            '
'Pu238           '
'Pu239           '
'Pu240           '
'Pu241           '
'Pu242           '
'Am241           '
'Am244           '
'Am245           '
'lost            '
'total           '
];

i10030  = 1; iH3               = 1;
i541350 = 2; iXe135            = 2;
i922350 = 3; iU235             = 3;
i922380 = 4; iU238             = 4;
i942380 = 5; iPu238            = 5;
i942390 = 6; iPu239            = 6;
i942400 = 7; iPu240            = 7;
i942410 = 8; iPu241            = 8;
i942420 = 9; iPu242            = 9;
i952410 = 10; iAm241            = 10;
i952440 = 11; iAm244            = 11;
i952450 = 12; iAm245            = 12;
iLOST    = 13;
iTOT     = 14;

MAT_uco_VOLUME = [ 2.05629E+04 2.05629E+04 2.05629E+04 2.05629E+04 ];

MAT_uco_BURNUP = [ 0.00000E+00 4.93412E-01 8.78294E+00 1.80592E+01 ];

MAT_uco_ADENS = [
0.00000E+00 9.27590E-14 1.47381E-12 2.54346E-12 % H3
0.00000E+00 4.49376E-08 4.49190E-08 4.44841E-08 % Xe135
4.87458E-03 4.85863E-03 4.59628E-03 4.31490E-03 % U235
2.01233E-02 2.01201E-02 2.00645E-02 2.00003E-02 % U238
0.00000E+00 1.16035E-13 3.14607E-09 3.10633E-08 % Pu238
0.00000E+00 1.49600E-06 4.77391E-05 8.66404E-05 % Pu239
0.00000E+00 5.04598E-09 2.85851E-06 1.01864E-05 % Pu240
0.00000E+00 2.46682E-11 2.81641E-07 2.06071E-06 % Pu241
0.00000E+00 2.16274E-14 4.98109E-09 7.90323E-08 % Pu242
0.00000E+00 3.63726E-15 8.06976E-10 1.22207E-08 % Am241
0.00000E+00 8.07167E-23 8.40012E-16 2.98922E-14 % Am244
0.00000E+00 1.71258E-26 1.62359E-19 5.85325E-18 % Am245
0.00000E+00 1.04257E-07 1.86444E-06 3.84705E-06 % lost data
7.04699E-02 7.04825E-02 7.06956E-02 7.09337E-02 % total
];

MAT_uco_MDENS = [
0.00000E+00 4.64485E-13 7.38000E-12 1.27362E-11 % H3
0.00000E+00 1.00670E-05 1.00628E-05 9.96540E-06 % Xe135
1.90258E+00 1.89635E+00 1.79396E+00 1.68413E+00 % U235
7.95473E+00 7.95345E+00 7.93147E+00 7.90611E+00 % U238
0.00000E+00 4.58681E-11 1.24363E-06 1.22792E-05 % Pu238
0.00000E+00 5.93854E-04 1.89506E-02 3.43929E-02 % Pu239
0.00000E+00 2.01146E-06 1.13948E-03 4.06055E-03 % Pu240
0.00000E+00 9.87414E-09 1.12735E-04 8.24854E-04 % Pu241
0.00000E+00 8.69323E-12 2.00217E-06 3.17673E-05 % Pu242
0.00000E+00 1.45596E-12 3.23025E-07 4.89182E-06 % Am241
0.00000E+00 3.27133E-20 3.40445E-13 1.21149E-11 % Am244
0.00000E+00 6.96935E-24 6.60720E-17 2.38197E-15 % Am245
0.00000E+00 0.00000E+00 0.00000E+00 0.00000E+00 % lost data
1.10000E+01 1.09999E+01 1.09987E+01 1.09974E+01 % total
];

MAT_uco_A = [
0.00000E+00 3.40057E+06 5.40302E+07 9.32439E+07 % H3
0.00000E+00 1.94658E+16 1.94577E+16 1.92693E+16 % Xe135
3.12732E+09 3.11708E+09 2.94877E+09 2.76825E+09 % U235
2.03420E+09 2.03387E+09 2.02825E+09 2.02177E+09 % U238
0.00000E+00 5.97577E+05 1.62022E+10 1.59976E+11 % Pu238
0.00000E+00 2.80247E+10 8.94301E+11 1.62304E+12 % Pu239
0.00000E+00 3.47362E+08 1.96778E+11 7.01223E+11 % Pu240
0.00000E+00 7.79673E+08 8.90165E+12 6.51313E+13 % Pu241
0.00000E+00 2.60485E+01 5.99933E+06 9.51882E+07 % Pu242
0.00000E+00 3.79748E+03 8.42521E+08 1.27590E+10 % Am241
0.00000E+00 3.16410E+01 3.29285E+08 1.17178E+10 % Am244
0.00000E+00 3.30755E-02 3.13568E+05 1.13045E+07 % Am245
0.00000E+00 0.00000E+00 0.00000E+00 0.00000E+00 % lost data
5.16152E+09 3.29766E+18 3.64393E+18 3.69201E+18 % total
];

MAT_uco_H = [
0.00000E+00 3.10009E-09 4.92560E-08 8.50048E-08 % H3
0.00000E+00 1.75487E+03 1.75414E+03 1.73716E+03 % Xe135
2.31117E-03 2.30360E-03 2.17922E-03 2.04581E-03 % U235
1.39337E-03 1.39315E-03 1.38930E-03 1.38486E-03 % U238
0.00000E+00 5.35063E-07 1.45073E-02 1.43240E-01 % Pu238
0.00000E+00 2.35336E-02 7.50985E-01 1.36294E+00 % Pu239
0.00000E+00 2.92239E-04 1.65552E-01 5.89947E-01 % Pu240
0.00000E+00 6.68946E-07 7.63746E-03 5.58816E-02 % Pu241
0.00000E+00 2.07922E-11 4.78873E-06 7.59803E-05 % Pu242
0.00000E+00 3.40475E-09 7.55389E-04 1.14394E-02 % Am241
0.00000E+00 5.62062E-12 5.84933E-05 2.08151E-03 % Am244
0.00000E+00 1.66877E-15 1.58205E-08 5.70349E-07 % Am245
0.00000E+00 0.00000E+00 0.00000E+00 0.00000E+00 % lost data
3.70455E-03 1.19650E+06 1.22304E+06 1.21531E+06 % total
];

MAT_uco_SF = [
0.00000E+00 0.00000E+00 0.00000E+00 0.00000E+00 % H3
0.00000E+00 0.00000E+00 0.00000E+00 0.00000E+00 % Xe135
2.25167E-01 2.24430E-01 2.12311E-01 1.99314E-01 % U235
1.11067E+05 1.11050E+05 1.10743E+05 1.10388E+05 % U238
0.00000E+00 1.11149E-03 3.01362E+01 2.97555E+02 % Pu238
0.00000E+00 8.68764E-02 2.77233E+00 5.03143E+00 % Pu239
0.00000E+00 1.97996E+01 1.12164E+04 3.99697E+04 % Pu240
0.00000E+00 0.00000E+00 0.00000E+00 0.00000E+00 % Pu241
0.00000E+00 1.43267E-04 3.29963E+01 5.23535E+02 % Pu242
0.00000E+00 1.63291E-08 3.62284E-03 5.48635E-02 % Am241
0.00000E+00 0.00000E+00 0.00000E+00 0.00000E+00 % Am244
0.00000E+00 0.00000E+00 0.00000E+00 0.00000E+00 % Am245
0.00000E+00 0.00000E+00 0.00000E+00 0.00000E+00 % lost data
1.11068E+05 1.11070E+05 1.23553E+05 2.00149E+05 % total
];

MAT_uco_ING_TOX = [
0.00000E+00 1.42824E-04 2.26927E-03 3.91625E-03 % H3
0.00000E+00 4.08781E+09 4.08611E+09 4.04655E+09 % Xe135
1.46984E+02 1.46503E+02 1.38592E+02 1.30108E+02 % U235
9.15390E+01 9.15243E+01 9.12714E+01 9.09795E+01 % U238
0.00000E+00 1.37443E-01 3.72652E+03 3.67945E+04 % Pu238
0.00000E+00 7.00616E+03 2.23575E+05 4.05761E+05 % Pu239
0.00000E+00 8.68405E+01 4.91946E+04 1.75306E+05 % Pu240
0.00000E+00 3.74243E+00 4.27279E+04 3.12630E+05 % Pu241
0.00000E+00 6.25165E-06 1.43984E+00 2.28452E+01 % Pu242
0.00000E+00 7.59495E-04 1.68504E+02 2.55179E+03 % Am241
0.00000E+00 1.45548E-08 1.51471E-01 5.39017E+00 % Am244
0.00000E+00 2.05068E-12 1.94412E-05 7.00878E-04 % Am245
0.00000E+00 0.00000E+00 0.00000E+00 0.00000E+00 % lost data
2.38523E+02 4.51971E+10 6.04936E+10 6.03199E+10 % total
];

MAT_uco_INH_TOX = [
0.00000E+00 8.84148E-04 1.40478E-02 2.42434E-02 % H3
0.00000E+00 2.14123E+09 2.14035E+09 2.11962E+09 % Xe135
2.65822E+04 2.64952E+04 2.50645E+04 2.35301E+04 % U235
1.62736E+04 1.62710E+04 1.62260E+04 1.61741E+04 % U238
0.00000E+00 6.57335E+01 1.78225E+06 1.75973E+07 % Pu238
0.00000E+00 3.36296E+06 1.07316E+08 1.94765E+08 % Pu239
0.00000E+00 4.16835E+04 2.36134E+07 8.41468E+07 % Pu240
0.00000E+00 1.79325E+03 2.04738E+07 1.49802E+08 % Pu241
0.00000E+00 2.86534E-03 6.59927E+02 1.04707E+04 % Pu242
0.00000E+00 3.64558E-01 8.08821E+04 1.22486E+06 % Am241
0.00000E+00 1.17072E-07 1.21835E+00 4.33557E+01 % Am244
0.00000E+00 1.85223E-12 1.75598E-05 6.33051E-04 % Am245
0.00000E+00 0.00000E+00 0.00000E+00 0.00000E+00 % lost data
4.28558E+04 4.40757E+10 5.88032E+10 6.05308E+10 % total
];

TOT_VOLUME = [ 2.05629E+04 2.05629E+04 2.05629E+04 2.05629E+04 ];

TOT_BURNUP = [ 0.00000E+00 4.93412E-01 8.78294E+00 1.80592E+01 ];

TOT_ADENS = [
0.00000E+00 9.27590E-14 1.47381E-12 2.54346E-12 % H3
0.00000E+00 4.49376E-08 4.49190E-08 4.44841E-08 % Xe135
4.87458E-03 4.85863E-03 4.59628E-03 4.31490E-03 % U235
2.01233E-02 2.01201E-02 2.00645E-02 2.00003E-02 % U238
0.00000E+00 1.16035E-13 3.14607E-09 3.10633E-08 % Pu238
0.00000E+00 1.49600E-06 4.77391E-05 8.66404E-05 % Pu239
0.00000E+00 5.04598E-09 2.85851E-06 1.01864E-05 % Pu240
0.00000E+00 2.46682E-11 2.81641E-07 2.06071E-06 % Pu241
0.00000E+00 2.16274E-14 4.98109E-09 7.90323E-08 % Pu242
0.00000E+00 3.63726E-15 8.06976E-10 1.22207E-08 % Am241
0.00000E+00 8.07167E-23 8.40012E-16 2.98922E-14 % Am244
0.00000E+00 1.71258E-26 1.62359E-19 5.85325E-18 % Am245
0.00000E+00 1.04257E-07 1.86444E-06 3.84705E-06 % lost data
7.04699E-02 7.04825E-02 7.06956E-02 7.09337E-02 % total
];

