
DET1001 = [
    1    1    1    1    1    1    1    1    1    1  4.73119E+18 0.00475 
    2    2    1    1    1    1    1    1    1    1  1.81036E+18 0.00592 
    3    3    1    1    1    1    1    1    1    1  1.67508E+17 0.01161 
];


DET1001E = [
 1.00000E-09  6.25000E-07  3.13000E-07
 6.25000E-07  1.00000E-01  5.00003E-02
 1.00000E-01  2.00000E+01  1.00500E+01
];

DET1002 = [
    1    1    1    1    1    1    1    1    1    1  1.60620E+17 0.00776 
    2    2    1    1    1    1    1    1    1    1  4.05426E+17 0.00478 
    3    3    1    1    1    1    1    1    1    1  1.85416E+17 0.00644 
];


DET1002E = [
 1.00000E-09  6.25000E-07  3.13000E-07
 6.25000E-07  1.00000E-01  5.00003E-02
 1.00000E-01  2.00000E+01  1.00500E+01
];
