
DET1001 = [
    1    1    1    1    1    1    1    1    1    1  4.61463E+18 0.00477 
    2    2    1    1    1    1    1    1    1    1  1.73848E+18 0.00618 
    3    3    1    1    1    1    1    1    1    1  1.59758E+17 0.01231 
];


DET1001E = [
 1.00000E-09  6.25000E-07  3.13000E-07
 6.25000E-07  1.00000E-01  5.00003E-02
 1.00000E-01  2.00000E+01  1.00500E+01
];

DET1002 = [
    1    1    1    1    1    1    1    1    1    1  1.57557E+17 0.00686 
    2    2    1    1    1    1    1    1    1    1  3.93694E+17 0.00487 
    3    3    1    1    1    1    1    1    1    1  1.80152E+17 0.00651 
];


DET1002E = [
 1.00000E-09  6.25000E-07  3.13000E-07
 6.25000E-07  1.00000E-01  5.00003E-02
 1.00000E-01  2.00000E+01  1.00500E+01
];
