
DET1001 = [
    1    1    1    1    1    1    1    1    1    1  4.56519E+18 0.00451 
    2    2    1    1    1    1    1    1    1    1  1.73538E+18 0.00624 
    3    3    1    1    1    1    1    1    1    1  1.55607E+17 0.01179 
];


DET1001E = [
 1.00000E-09  6.25000E-07  3.13000E-07
 6.25000E-07  1.00000E-01  5.00003E-02
 1.00000E-01  2.00000E+01  1.00500E+01
];

DET1002 = [
    1    1    1    1    1    1    1    1    1    1  1.58148E+17 0.00703 
    2    2    1    1    1    1    1    1    1    1  3.78684E+17 0.00475 
    3    3    1    1    1    1    1    1    1    1  1.74779E+17 0.00610 
];


DET1002E = [
 1.00000E-09  6.25000E-07  3.13000E-07
 6.25000E-07  1.00000E-01  5.00003E-02
 1.00000E-01  2.00000E+01  1.00500E+01
];
