
DET1001 = [
    1    1    1    1    1    1    1    1    1    1  4.46366E+18 0.00440 
    2    2    1    1    1    1    1    1    1    1  1.66820E+18 0.00591 
    3    3    1    1    1    1    1    1    1    1  1.53086E+17 0.01116 
];


DET1001E = [
 1.00000E-09  6.25000E-07  3.13000E-07
 6.25000E-07  1.00000E-01  5.00003E-02
 1.00000E-01  2.00000E+01  1.00500E+01
];

DET1002 = [
    1    1    1    1    1    1    1    1    1    1  1.57116E+17 0.00688 
    2    2    1    1    1    1    1    1    1    1  3.69084E+17 0.00477 
    3    3    1    1    1    1    1    1    1    1  1.67582E+17 0.00638 
];


DET1002E = [
 1.00000E-09  6.25000E-07  3.13000E-07
 6.25000E-07  1.00000E-01  5.00003E-02
 1.00000E-01  2.00000E+01  1.00500E+01
];
