
DET1001 = [
    1    1    1    1    1    1    1    1    1    1  6.11288E+18 0.00405 
    2    2    1    1    1    1    1    1    1    1  2.10085E+18 0.00542 
    3    3    1    1    1    1    1    1    1    1  3.50625E+17 0.01017 
];


DET1001E = [
 1.00000E-09  6.25000E-07  3.13000E-07
 6.25000E-07  1.00000E-01  5.00003E-02
 1.00000E-01  2.00000E+01  1.00500E+01
];

DET1002 = [
    1    1    1    1    1    1    1    1    1    1  2.23361E+17 0.00639 
    2    2    1    1    1    1    1    1    1    1  3.94987E+17 0.00508 
    3    3    1    1    1    1    1    1    1    1  2.10943E+17 0.00626 
];


DET1002E = [
 1.00000E-09  6.25000E-07  3.13000E-07
 6.25000E-07  1.00000E-01  5.00003E-02
 1.00000E-01  2.00000E+01  1.00500E+01
];
