
DET1001 = [
    1    1    1    1    1    1    1    1    1    1  6.54533E+18 0.00431 
    2    2    1    1    1    1    1    1    1    1  2.19984E+18 0.00539 
    3    3    1    1    1    1    1    1    1    1  3.60506E+17 0.01039 
];


DET1001E = [
 1.00000E-09  6.25000E-07  3.13000E-07
 6.25000E-07  1.00000E-01  5.00003E-02
 1.00000E-01  2.00000E+01  1.00500E+01
];

DET1002 = [
    1    1    1    1    1    1    1    1    1    1  2.40762E+17 0.00668 
    2    2    1    1    1    1    1    1    1    1  4.36086E+17 0.00473 
    3    3    1    1    1    1    1    1    1    1  2.36534E+17 0.00625 
];


DET1002E = [
 1.00000E-09  6.25000E-07  3.13000E-07
 6.25000E-07  1.00000E-01  5.00003E-02
 1.00000E-01  2.00000E+01  1.00500E+01
];
