
ZAI = [
10030
541350
922350
922380
942380
942390
942400
942410
942420
952410
952440
952450
666
0
];

NAMES = [
'H3              '
'Xe135           '
'U235            '
'U238            '
'Pu238           '
'Pu239           '
'Pu240           '
'Pu241           '
'Pu242           '
'Am241           '
'Am244           '
'Am245           '
'lost            '
'total           '
];

i10030  = 1; iH3               = 1;
i541350 = 2; iXe135            = 2;
i922350 = 3; iU235             = 3;
i922380 = 4; iU238             = 4;
i942380 = 5; iPu238            = 5;
i942390 = 6; iPu239            = 6;
i942400 = 7; iPu240            = 7;
i942410 = 8; iPu241            = 8;
i942420 = 9; iPu242            = 9;
i952410 = 10; iAm241            = 10;
i952440 = 11; iAm244            = 11;
i952450 = 12; iAm245            = 12;
iLOST    = 13;
iTOT     = 14;

MAT_uco_VOLUME = [ 1.60170E+04 1.60170E+04 1.60170E+04 1.60170E+04 ];

MAT_uco_BURNUP = [ 0.00000E+00 6.33433E-01 1.12750E+01 2.31835E+01 ];

MAT_uco_ADENS = [
0.00000E+00 1.39848E-13 1.90544E-12 3.04603E-12 % H3
0.00000E+00 4.12177E-08 4.09643E-08 3.97346E-08 % Xe135
3.74777E-03 3.72748E-03 3.39886E-03 3.05520E-03 % U235
2.12374E-02 2.12331E-02 2.11582E-02 2.10707E-02 % U238
0.00000E+00 2.76001E-13 8.03146E-09 7.83563E-08 % Pu238
0.00000E+00 1.97946E-06 5.75963E-05 9.53032E-05 % Pu239
0.00000E+00 1.10646E-08 5.84714E-06 1.88438E-05 % Pu240
0.00000E+00 7.46693E-11 8.04478E-07 5.11779E-06 % Pu241
0.00000E+00 1.14432E-13 2.56724E-08 3.66720E-07 % Pu242
0.00000E+00 1.09220E-14 2.29356E-09 2.99071E-08 % Am241
0.00000E+00 8.11761E-22 8.60738E-15 2.89468E-13 % Am244
0.00000E+00 3.01997E-25 2.91845E-18 1.01163E-16 % Am245
0.00000E+00 1.33823E-07 2.40268E-06 4.96382E-06 % lost data
7.04339E-02 7.04502E-02 7.07241E-02 7.10295E-02 % total
];

MAT_uco_MDENS = [
0.00000E+00 7.00280E-13 9.54138E-12 1.52528E-11 % H3
0.00000E+00 9.23366E-06 9.17691E-06 8.90141E-06 % Xe135
1.46278E+00 1.45486E+00 1.32659E+00 1.19246E+00 % U235
8.39511E+00 8.39341E+00 8.36382E+00 8.32924E+00 % U238
0.00000E+00 1.09102E-10 3.17481E-06 3.09740E-05 % Pu238
0.00000E+00 7.85772E-04 2.28635E-02 3.78317E-02 % Pu239
0.00000E+00 4.41065E-06 2.33082E-03 7.51164E-03 % Pu240
0.00000E+00 2.98884E-08 3.22014E-04 2.04854E-03 % Pu241
0.00000E+00 4.59964E-11 1.03191E-05 1.47405E-04 % Pu242
0.00000E+00 4.37197E-12 9.18090E-07 1.19715E-05 % Am241
0.00000E+00 3.28995E-19 3.48845E-12 1.17317E-10 % Am244
0.00000E+00 1.22897E-22 1.18766E-15 4.11684E-14 % Am245
0.00000E+00 0.00000E+00 0.00000E+00 0.00000E+00 % lost data
1.10000E+01 1.09999E+01 1.09983E+01 1.09966E+01 % total
];

MAT_uco_A = [
0.00000E+00 3.99344E+06 5.44110E+07 8.69811E+07 % H3
0.00000E+00 1.39072E+16 1.38218E+16 1.34068E+16 % Xe135
1.87285E+09 1.86271E+09 1.69849E+09 1.52676E+09 % U235
1.67221E+09 1.67187E+09 1.66598E+09 1.65909E+09 % U238
0.00000E+00 1.10717E+06 3.22179E+10 3.14323E+11 % Pu238
0.00000E+00 2.88837E+10 8.40426E+11 1.39063E+12 % Pu239
0.00000E+00 5.93294E+08 3.13528E+11 1.01042E+12 % Pu240
0.00000E+00 1.83828E+09 1.98054E+13 1.25995E+14 % Pu241
0.00000E+00 1.07355E+02 2.40847E+07 3.44040E+08 % Pu242
0.00000E+00 8.88215E+03 1.86520E+09 2.43215E+10 % Am241
0.00000E+00 2.47862E+02 2.62817E+09 8.83859E+10 % Am244
0.00000E+00 4.54310E-01 4.39038E+06 1.52185E+08 % Am245
0.00000E+00 0.00000E+00 0.00000E+00 0.00000E+00 % lost data
3.54506E+09 3.30007E+18 3.62773E+18 3.65214E+18 % total
];

MAT_uco_H = [
0.00000E+00 3.64058E-09 4.96032E-08 7.92954E-08 % H3
0.00000E+00 1.25376E+03 1.24605E+03 1.20865E+03 % Xe135
1.38409E-03 1.37659E-03 1.25523E-03 1.12831E-03 % U235
1.14542E-03 1.14519E-03 1.14115E-03 1.13643E-03 % U238
0.00000E+00 9.91341E-07 2.88475E-02 2.81441E-01 % Pu238
0.00000E+00 2.42549E-02 7.05743E-01 1.16778E+00 % Pu239
0.00000E+00 4.99145E-04 2.63775E-01 8.50077E-01 % Pu240
0.00000E+00 1.57721E-06 1.69927E-02 1.08101E-01 % Pu241
0.00000E+00 8.56918E-11 1.92247E-05 2.74616E-04 % Pu242
0.00000E+00 7.96357E-09 1.67231E-03 2.18062E-02 % Am241
0.00000E+00 4.40296E-11 4.66861E-04 1.57006E-02 % Am244
0.00000E+00 2.29214E-14 2.21509E-07 7.67826E-06 % Am245
0.00000E+00 0.00000E+00 0.00000E+00 0.00000E+00 % lost data
2.52951E-03 1.19595E+06 1.21070E+06 1.19083E+06 % total
];

MAT_uco_SF = [
0.00000E+00 0.00000E+00 0.00000E+00 0.00000E+00 % H3
0.00000E+00 0.00000E+00 0.00000E+00 0.00000E+00 % Xe135
1.34845E-01 1.34115E-01 1.22291E-01 1.09927E-01 % U235
9.13027E+04 9.12842E+04 9.09623E+04 9.05863E+04 % U238
0.00000E+00 2.05933E-03 5.99253E+01 5.84642E+02 % Pu238
0.00000E+00 8.95395E-02 2.60532E+00 4.31096E+00 % Pu239
0.00000E+00 3.38178E+01 1.78711E+04 5.75939E+04 % Pu240
0.00000E+00 0.00000E+00 0.00000E+00 0.00000E+00 % Pu241
0.00000E+00 5.90452E-04 1.32466E+02 1.89222E+03 % Pu242
0.00000E+00 3.81932E-08 8.02037E-03 1.04582E-01 % Am241
0.00000E+00 0.00000E+00 0.00000E+00 0.00000E+00 % Am244
0.00000E+00 0.00000E+00 0.00000E+00 0.00000E+00 % Am245
0.00000E+00 0.00000E+00 0.00000E+00 0.00000E+00 % lost data
9.13028E+04 9.13183E+04 1.14931E+05 3.21022E+05 % total
];

MAT_uco_ING_TOX = [
0.00000E+00 1.67725E-04 2.28526E-03 3.65321E-03 % H3
0.00000E+00 2.92052E+09 2.90257E+09 2.81543E+09 % Xe135
8.80239E+01 8.75475E+01 7.98291E+01 7.17576E+01 % U235
7.52494E+01 7.52342E+01 7.49690E+01 7.46590E+01 % U238
0.00000E+00 2.54648E-01 7.41011E+03 7.22944E+04 % Pu238
0.00000E+00 7.22093E+03 2.10107E+05 3.47658E+05 % Pu239
0.00000E+00 1.48324E+02 7.83821E+04 2.52605E+05 % Pu240
0.00000E+00 8.82375E+00 9.50660E+04 6.04775E+05 % Pu241
0.00000E+00 2.57652E-05 5.78032E+00 8.25696E+01 % Pu242
0.00000E+00 1.77643E-03 3.73040E+02 4.86430E+03 % Am241
0.00000E+00 1.14017E-07 1.20896E+00 4.06575E+01 % Am244
0.00000E+00 2.81672E-11 2.72204E-04 9.43550E-03 % Am245
0.00000E+00 0.00000E+00 0.00000E+00 0.00000E+00 % lost data
1.63273E+02 4.40142E+10 5.90302E+10 5.83808E+10 % total
];

MAT_uco_INH_TOX = [
0.00000E+00 1.03830E-03 1.41469E-02 2.26151E-02 % H3
0.00000E+00 1.52980E+09 1.52039E+09 1.47475E+09 % Xe135
1.59192E+04 1.58331E+04 1.44372E+04 1.29774E+04 % U235
1.33777E+04 1.33750E+04 1.33278E+04 1.32727E+04 % U238
0.00000E+00 1.21788E+02 3.54397E+06 3.45756E+07 % Pu238
0.00000E+00 3.46604E+06 1.00851E+08 1.66876E+08 % Pu239
0.00000E+00 7.11953E+04 3.76234E+07 1.21250E+08 % Pu240
0.00000E+00 4.22805E+03 4.55525E+07 2.89788E+08 % Pu241
0.00000E+00 1.18090E-02 2.64931E+03 3.78444E+04 % Pu242
0.00000E+00 8.52686E-01 1.79059E+05 2.33486E+06 % Am241
0.00000E+00 9.17091E-07 9.72423E+00 3.27028E+02 % Am244
0.00000E+00 2.54413E-11 2.45861E-04 8.52239E-03 % Am245
0.00000E+00 0.00000E+00 0.00000E+00 0.00000E+00 % lost data
2.92969E+04 4.34556E+10 5.80560E+10 5.95264E+10 % total
];

TOT_VOLUME = [ 1.60170E+04 1.60170E+04 1.60170E+04 1.60170E+04 ];

TOT_BURNUP = [ 0.00000E+00 6.33433E-01 1.12750E+01 2.31835E+01 ];

TOT_ADENS = [
0.00000E+00 1.39848E-13 1.90544E-12 3.04603E-12 % H3
0.00000E+00 4.12177E-08 4.09643E-08 3.97346E-08 % Xe135
3.74777E-03 3.72748E-03 3.39886E-03 3.05520E-03 % U235
2.12374E-02 2.12331E-02 2.11582E-02 2.10707E-02 % U238
0.00000E+00 2.76001E-13 8.03146E-09 7.83563E-08 % Pu238
0.00000E+00 1.97946E-06 5.75963E-05 9.53032E-05 % Pu239
0.00000E+00 1.10646E-08 5.84714E-06 1.88438E-05 % Pu240
0.00000E+00 7.46693E-11 8.04478E-07 5.11779E-06 % Pu241
0.00000E+00 1.14432E-13 2.56724E-08 3.66720E-07 % Pu242
0.00000E+00 1.09220E-14 2.29356E-09 2.99071E-08 % Am241
0.00000E+00 8.11761E-22 8.60738E-15 2.89468E-13 % Am244
0.00000E+00 3.01997E-25 2.91845E-18 1.01163E-16 % Am245
0.00000E+00 1.33823E-07 2.40268E-06 4.96382E-06 % lost data
7.04339E-02 7.04502E-02 7.07241E-02 7.10295E-02 % total
];

