
DET1001 = [
    1    1    1    1    1    1    1    1    1    1  6.26274E+18 0.00409 
    2    2    1    1    1    1    1    1    1    1  2.15199E+18 0.00540 
    3    3    1    1    1    1    1    1    1    1  3.53826E+17 0.00975 
];


DET1001E = [
 1.00000E-09  6.25000E-07  3.13000E-07
 6.25000E-07  1.00000E-01  5.00003E-02
 1.00000E-01  2.00000E+01  1.00500E+01
];

DET1002 = [
    1    1    1    1    1    1    1    1    1    1  2.29346E+17 0.00667 
    2    2    1    1    1    1    1    1    1    1  4.14206E+17 0.00484 
    3    3    1    1    1    1    1    1    1    1  2.23355E+17 0.00618 
];


DET1002E = [
 1.00000E-09  6.25000E-07  3.13000E-07
 6.25000E-07  1.00000E-01  5.00003E-02
 1.00000E-01  2.00000E+01  1.00500E+01
];
