
DET1001 = [
    1    1    1    1    1    1    1    1    1    1  5.34258E+18 0.00440 
    2    2    1    1    1    1    1    1    1    1  2.10064E+18 0.00523 
    3    3    1    1    1    1    1    1    1    1  3.47172E+17 0.00984 
];


DET1001E = [
 1.00000E-09  6.25000E-07  3.13000E-07
 6.25000E-07  1.00000E-01  5.00003E-02
 1.00000E-01  2.00000E+01  1.00500E+01
];

DET1002 = [
    1    1    1    1    1    1    1    1    1    1  1.50450E+17 0.00688 
    2    2    1    1    1    1    1    1    1    1  3.64458E+17 0.00510 
    3    3    1    1    1    1    1    1    1    1  1.96880E+17 0.00649 
];


DET1002E = [
 1.00000E-09  6.25000E-07  3.13000E-07
 6.25000E-07  1.00000E-01  5.00003E-02
 1.00000E-01  2.00000E+01  1.00500E+01
];
