
DET1001 = [
    1    1    1    1    1    1    1    1    1    1  5.39692E+18 0.00428 
    2    2    1    1    1    1    1    1    1    1  2.11591E+18 0.00506 
    3    3    1    1    1    1    1    1    1    1  3.52017E+17 0.01026 
];


DET1001E = [
 1.00000E-09  6.25000E-07  3.13000E-07
 6.25000E-07  1.00000E-01  5.00003E-02
 1.00000E-01  2.00000E+01  1.00500E+01
];

DET1002 = [
    1    1    1    1    1    1    1    1    1    1  1.50986E+17 0.00793 
    2    2    1    1    1    1    1    1    1    1  3.75168E+17 0.00487 
    3    3    1    1    1    1    1    1    1    1  2.01021E+17 0.00616 
];


DET1002E = [
 1.00000E-09  6.25000E-07  3.13000E-07
 6.25000E-07  1.00000E-01  5.00003E-02
 1.00000E-01  2.00000E+01  1.00500E+01
];
