
DET1001 = [
    1    1    1    1    1    1    1    1    1    1  5.51338E+18 0.00455 
    2    2    1    1    1    1    1    1    1    1  2.19062E+18 0.00519 
    3    3    1    1    1    1    1    1    1    1  3.58549E+17 0.00980 
];


DET1001E = [
 1.00000E-09  6.25000E-07  3.13000E-07
 6.25000E-07  1.00000E-01  5.00003E-02
 1.00000E-01  2.00000E+01  1.00500E+01
];

DET1002 = [
    1    1    1    1    1    1    1    1    1    1  1.50571E+17 0.00774 
    2    2    1    1    1    1    1    1    1    1  3.86429E+17 0.00512 
    3    3    1    1    1    1    1    1    1    1  2.08234E+17 0.00627 
];


DET1002E = [
 1.00000E-09  6.25000E-07  3.13000E-07
 6.25000E-07  1.00000E-01  5.00003E-02
 1.00000E-01  2.00000E+01  1.00500E+01
];
