
ZAI = [
10030
541350
922350
922380
942380
942390
942400
942410
942420
952410
952440
952450
666
0
];

NAMES = [
'H3              '
'Xe135           '
'U235            '
'U238            '
'Pu238           '
'Pu239           '
'Pu240           '
'Pu241           '
'Pu242           '
'Am241           '
'Am244           '
'Am245           '
'lost            '
'total           '
];

i10030  = 1; iH3               = 1;
i541350 = 2; iXe135            = 2;
i922350 = 3; iU235             = 3;
i922380 = 4; iU238             = 4;
i942380 = 5; iPu238            = 5;
i942390 = 6; iPu239            = 6;
i942400 = 7; iPu240            = 7;
i942410 = 8; iPu241            = 8;
i942420 = 9; iPu242            = 9;
i952410 = 10; iAm241            = 10;
i952440 = 11; iAm244            = 11;
i952450 = 12; iAm245            = 12;
iLOST    = 13;
iTOT     = 14;

MAT_uco_VOLUME = [ 2.41547E+04 2.41547E+04 2.41547E+04 2.41547E+04 ];

MAT_uco_BURNUP = [ 0.00000E+00 4.20030E-01 7.47661E+00 1.53733E+01 ];

MAT_uco_ADENS = [
0.00000E+00 1.04481E-13 1.58043E-12 2.79003E-12 % H3
0.00000E+00 3.91242E-08 3.92240E-08 3.89397E-08 % Xe135
4.31104E-03 4.29745E-03 4.07428E-03 3.83519E-03 % U235
2.06805E-02 2.06776E-02 2.06273E-02 2.05694E-02 % U238
0.00000E+00 1.24348E-13 2.86622E-09 2.75446E-08 % Pu238
0.00000E+00 1.34692E-06 4.31093E-05 7.85937E-05 % Pu239
0.00000E+00 4.47444E-09 2.52123E-06 8.95800E-06 % Pu240
0.00000E+00 2.21013E-11 2.51385E-07 1.82727E-06 % Pu241
0.00000E+00 1.96031E-14 4.48170E-09 7.04933E-08 % Pu242
0.00000E+00 3.26014E-15 7.20123E-10 1.08457E-08 % Am241
0.00000E+00 7.59929E-23 8.11747E-16 2.84733E-14 % Am244
0.00000E+00 1.66819E-26 1.61793E-19 5.74405E-18 % Am245
0.00000E+00 8.87608E-08 1.58760E-06 3.27631E-06 % lost data
7.04520E-02 7.04628E-02 7.06442E-02 7.08469E-02 % total
];

MAT_uco_MDENS = [
0.00000E+00 5.23184E-13 7.91390E-12 1.39709E-11 % H3
0.00000E+00 8.76468E-06 8.78704E-06 8.72334E-06 % Xe135
1.68262E+00 1.67732E+00 1.59022E+00 1.49690E+00 % U235
8.17497E+00 8.17382E+00 8.15397E+00 8.13108E+00 % U238
0.00000E+00 4.91545E-11 1.13301E-06 1.08883E-05 % Pu238
0.00000E+00 5.34674E-04 1.71128E-02 3.11987E-02 % Pu239
0.00000E+00 1.78363E-06 1.00503E-03 3.57089E-03 % Pu240
0.00000E+00 8.84666E-09 1.00624E-04 7.31415E-04 % Pu241
0.00000E+00 7.87954E-12 1.80144E-06 2.83351E-05 % Pu242
0.00000E+00 1.30500E-12 2.88259E-07 4.34142E-06 % Am241
0.00000E+00 3.07988E-20 3.28989E-13 1.15398E-11 % Am244
0.00000E+00 6.78869E-24 6.58415E-17 2.33754E-15 % Am245
0.00000E+00 0.00000E+00 0.00000E+00 0.00000E+00 % lost data
1.10000E+01 1.09999E+01 1.09989E+01 1.09978E+01 % total
];

MAT_uco_A = [
0.00000E+00 4.49936E+06 6.80593E+07 1.20149E+08 % H3
0.00000E+00 1.99078E+16 1.99586E+16 1.98139E+16 % Xe135
3.24887E+09 3.23864E+09 3.07045E+09 2.89027E+09 % U235
2.45568E+09 2.45533E+09 2.44937E+09 2.44249E+09 % U238
0.00000E+00 7.52251E+05 1.73393E+10 1.66633E+11 % Pu238
0.00000E+00 2.96392E+10 9.48632E+11 1.72947E+12 % Pu239
0.00000E+00 3.61820E+08 2.03876E+11 7.24377E+11 % Pu240
0.00000E+00 8.20557E+08 9.33319E+12 6.78412E+13 % Pu241
0.00000E+00 2.77345E+01 6.34071E+06 9.97340E+07 % Pu242
0.00000E+00 3.99828E+03 8.83169E+08 1.33013E+10 % Am241
0.00000E+00 3.49926E+01 3.73786E+08 1.31111E+10 % Am244
0.00000E+00 3.78457E-02 3.67054E+05 1.30313E+07 % Am245
0.00000E+00 0.00000E+00 0.00000E+00 0.00000E+00 % lost data
5.70455E+09 3.31422E+18 3.66630E+18 3.71488E+18 % total
];

MAT_uco_H = [
0.00000E+00 4.10179E-09 6.20454E-08 1.09533E-07 % H3
0.00000E+00 1.79472E+03 1.79930E+03 1.78626E+03 % Xe135
2.40100E-03 2.39344E-03 2.26914E-03 2.13598E-03 % U235
1.68208E-03 1.68184E-03 1.67776E-03 1.67304E-03 % U238
0.00000E+00 6.73556E-07 1.55254E-02 1.49201E-01 % Pu238
0.00000E+00 2.48893E-02 7.96608E-01 1.45232E+00 % Pu239
0.00000E+00 3.04403E-04 1.71523E-01 6.09426E-01 % Pu240
0.00000E+00 7.04024E-07 8.00772E-03 5.82066E-02 % Pu241
0.00000E+00 2.21380E-11 5.06123E-06 7.96088E-05 % Pu242
0.00000E+00 3.58479E-09 7.91833E-04 1.19257E-02 % Am241
0.00000E+00 6.21599E-12 6.63985E-05 2.32903E-03 % Am244
0.00000E+00 1.90944E-15 1.85191E-08 6.57474E-07 % Am245
0.00000E+00 0.00000E+00 0.00000E+00 0.00000E+00 % lost data
4.08308E-03 1.19798E+06 1.22577E+06 1.21796E+06 % total
];

MAT_uco_SF = [
0.00000E+00 0.00000E+00 0.00000E+00 0.00000E+00 % H3
0.00000E+00 0.00000E+00 0.00000E+00 0.00000E+00 % Xe135
2.33919E-01 2.33182E-01 2.21072E-01 2.08099E-01 % U235
1.34080E+05 1.34061E+05 1.33736E+05 1.33360E+05 % U238
0.00000E+00 1.39919E-03 3.22512E+01 3.09937E+02 % Pu238
0.00000E+00 9.18815E-02 2.94076E+00 5.36137E+00 % Pu239
0.00000E+00 2.06237E+01 1.16209E+04 4.12895E+04 % Pu240
0.00000E+00 0.00000E+00 0.00000E+00 0.00000E+00 % Pu241
0.00000E+00 1.52540E-04 3.48739E+01 5.48537E+02 % Pu242
0.00000E+00 1.71926E-08 3.79763E-03 5.71955E-02 % Am241
0.00000E+00 0.00000E+00 0.00000E+00 0.00000E+00 % Am244
0.00000E+00 0.00000E+00 0.00000E+00 0.00000E+00 % Am245
0.00000E+00 0.00000E+00 0.00000E+00 0.00000E+00 % lost data
1.34080E+05 1.34082E+05 1.47060E+05 2.27242E+05 % total
];

MAT_uco_ING_TOX = [
0.00000E+00 1.88973E-04 2.85849E-03 5.04626E-03 % H3
0.00000E+00 4.18065E+09 4.19131E+09 4.16092E+09 % Xe135
1.52697E+02 1.52216E+02 1.44311E+02 1.35842E+02 % U235
1.10505E+02 1.10490E+02 1.10222E+02 1.09912E+02 % U238
0.00000E+00 1.73018E-01 3.98805E+03 3.83255E+04 % Pu238
0.00000E+00 7.40980E+03 2.37158E+05 4.32368E+05 % Pu239
0.00000E+00 9.04550E+01 5.09691E+04 1.81094E+05 % Pu240
0.00000E+00 3.93867E+00 4.47993E+04 3.25638E+05 % Pu241
0.00000E+00 6.65628E-06 1.52177E+00 2.39362E+01 % Pu242
0.00000E+00 7.99657E-04 1.76634E+02 2.66025E+03 % Am241
0.00000E+00 1.60966E-08 1.71942E-01 6.03112E+00 % Am244
0.00000E+00 2.34643E-12 2.27574E-05 8.07943E-04 % Am245
0.00000E+00 0.00000E+00 0.00000E+00 0.00000E+00 % lost data
2.63203E+02 4.53085E+10 6.06835E+10 6.05274E+10 % total
];

MAT_uco_INH_TOX = [
0.00000E+00 1.16983E-03 1.76954E-02 3.12388E-02 % H3
0.00000E+00 2.18986E+09 2.19545E+09 2.17953E+09 % Xe135
2.76154E+04 2.75284E+04 2.60988E+04 2.45673E+04 % U235
1.96454E+04 1.96427E+04 1.95950E+04 1.95399E+04 % U238
0.00000E+00 8.27476E+01 1.90733E+06 1.83296E+07 % Pu238
0.00000E+00 3.55670E+06 1.13836E+08 2.07537E+08 % Pu239
0.00000E+00 4.34184E+04 2.44652E+07 8.69253E+07 % Pu240
0.00000E+00 1.88728E+03 2.14663E+07 1.56035E+08 % Pu241
0.00000E+00 3.05079E-03 6.97479E+02 1.09707E+04 % Pu242
0.00000E+00 3.83835E-01 8.47842E+04 1.27692E+06 % Am241
0.00000E+00 1.29473E-07 1.38301E+00 4.85112E+01 % Am244
0.00000E+00 2.11936E-12 2.05550E-05 7.29755E-04 % Am245
0.00000E+00 0.00000E+00 0.00000E+00 0.00000E+00 % lost data
4.72609E+04 4.41551E+10 5.89676E+10 6.07263E+10 % total
];

TOT_VOLUME = [ 2.41547E+04 2.41547E+04 2.41547E+04 2.41547E+04 ];

TOT_BURNUP = [ 0.00000E+00 4.20030E-01 7.47661E+00 1.53733E+01 ];

TOT_ADENS = [
0.00000E+00 1.04481E-13 1.58043E-12 2.79003E-12 % H3
0.00000E+00 3.91242E-08 3.92240E-08 3.89397E-08 % Xe135
4.31104E-03 4.29745E-03 4.07428E-03 3.83519E-03 % U235
2.06805E-02 2.06776E-02 2.06273E-02 2.05694E-02 % U238
0.00000E+00 1.24348E-13 2.86622E-09 2.75446E-08 % Pu238
0.00000E+00 1.34692E-06 4.31093E-05 7.85937E-05 % Pu239
0.00000E+00 4.47444E-09 2.52123E-06 8.95800E-06 % Pu240
0.00000E+00 2.21013E-11 2.51385E-07 1.82727E-06 % Pu241
0.00000E+00 1.96031E-14 4.48170E-09 7.04933E-08 % Pu242
0.00000E+00 3.26014E-15 7.20123E-10 1.08457E-08 % Am241
0.00000E+00 7.59929E-23 8.11747E-16 2.84733E-14 % Am244
0.00000E+00 1.66819E-26 1.61793E-19 5.74405E-18 % Am245
0.00000E+00 8.87608E-08 1.58760E-06 3.27631E-06 % lost data
7.04520E-02 7.04628E-02 7.06442E-02 7.08469E-02 % total
];

