
DET1001 = [
    1    1    1    1    1    1    1    1    1    1  5.61876E+18 0.00445 
    2    2    1    1    1    1    1    1    1    1  2.21204E+18 0.00522 
    3    3    1    1    1    1    1    1    1    1  3.69196E+17 0.00960 
];


DET1001E = [
 1.00000E-09  6.25000E-07  3.13000E-07
 6.25000E-07  1.00000E-01  5.00003E-02
 1.00000E-01  2.00000E+01  1.00500E+01
];

DET1002 = [
    1    1    1    1    1    1    1    1    1    1  1.53120E+17 0.00786 
    2    2    1    1    1    1    1    1    1    1  3.98671E+17 0.00530 
    3    3    1    1    1    1    1    1    1    1  2.16379E+17 0.00621 
];


DET1002E = [
 1.00000E-09  6.25000E-07  3.13000E-07
 6.25000E-07  1.00000E-01  5.00003E-02
 1.00000E-01  2.00000E+01  1.00500E+01
];
