
ZAI = [
10030
541350
922350
922380
942380
942390
942400
942410
942420
952410
952440
952450
666
0
];

NAMES = [
'H3              '
'Xe135           '
'U235            '
'U238            '
'Pu238           '
'Pu239           '
'Pu240           '
'Pu241           '
'Pu242           '
'Am241           '
'Am244           '
'Am245           '
'lost            '
'total           '
];

i10030  = 1; iH3               = 1;
i541350 = 2; iXe135            = 2;
i922350 = 3; iU235             = 3;
i922380 = 4; iU238             = 4;
i942380 = 5; iPu238            = 5;
i942390 = 6; iPu239            = 6;
i942400 = 7; iPu240            = 7;
i942410 = 8; iPu241            = 8;
i942420 = 9; iPu242            = 9;
i952410 = 10; iAm241            = 10;
i952440 = 11; iAm244            = 11;
i952450 = 12; iAm245            = 12;
iLOST    = 13;
iTOT     = 14;

MAT_uco_VOLUME = [ 1.60170E+04 1.60170E+04 1.60170E+04 1.60170E+04 ];

MAT_uco_BURNUP = [ 0.00000E+00 6.33439E-01 1.12753E+01 2.31840E+01 ];

MAT_uco_ADENS = [
0.00000E+00 1.23074E-13 1.78550E-12 2.92370E-12 % H3
0.00000E+00 4.57051E-08 4.54305E-08 4.42850E-08 % Xe135
4.31104E-03 4.29067E-03 3.95873E-03 3.60787E-03 % U235
2.06805E-02 2.06764E-02 2.06059E-02 2.05238E-02 % U238
0.00000E+00 2.20735E-13 6.76042E-09 6.67464E-08 % Pu238
0.00000E+00 1.88000E-06 5.63494E-05 9.59710E-05 % Pu239
0.00000E+00 9.09462E-09 4.90759E-06 1.63510E-05 % Pu240
0.00000E+00 5.73752E-11 6.25258E-07 4.16790E-06 % Pu241
0.00000E+00 7.39886E-14 1.65883E-08 2.46606E-07 % Pu242
0.00000E+00 8.42068E-15 1.78660E-09 2.45085E-08 % Am241
0.00000E+00 4.58239E-22 4.84674E-15 1.63134E-13 % Am244
0.00000E+00 1.42735E-25 1.37508E-18 4.73292E-17 % Am245
0.00000E+00 1.33832E-07 2.39839E-06 4.95264E-06 % lost data
7.04520E-02 7.04682E-02 7.07419E-02 7.10474E-02 % total
];

MAT_uco_MDENS = [
0.00000E+00 6.16286E-13 8.94077E-12 1.46402E-11 % H3
0.00000E+00 1.02390E-05 1.01774E-05 9.92081E-06 % Xe135
1.68262E+00 1.67467E+00 1.54511E+00 1.40817E+00 % U235
8.17497E+00 8.17336E+00 8.14548E+00 8.11303E+00 % U238
0.00000E+00 8.72558E-11 2.67237E-06 2.63846E-05 % Pu238
0.00000E+00 7.46290E-04 2.23686E-02 3.80968E-02 % Pu239
0.00000E+00 3.62535E-06 1.95629E-03 6.51791E-03 % Pu240
0.00000E+00 2.29660E-08 2.50277E-04 1.66831E-03 % Pu241
0.00000E+00 2.97400E-11 6.66773E-06 9.91241E-05 % Pu242
0.00000E+00 3.37072E-12 7.15158E-07 9.81053E-06 % Am241
0.00000E+00 1.85718E-19 1.96431E-12 6.61159E-11 % Am244
0.00000E+00 5.80859E-23 5.59587E-16 1.92606E-14 % Am245
0.00000E+00 0.00000E+00 0.00000E+00 0.00000E+00 % lost data
1.10000E+01 1.09999E+01 1.09983E+01 1.09966E+01 % total
];

MAT_uco_A = [
0.00000E+00 3.51445E+06 5.09860E+07 8.34880E+07 % H3
0.00000E+00 1.54214E+16 1.53287E+16 1.49422E+16 % Xe135
2.15433E+09 2.14415E+09 1.97827E+09 1.80294E+09 % U235
1.62836E+09 1.62804E+09 1.62249E+09 1.61602E+09 % U238
0.00000E+00 8.85470E+05 2.71192E+10 2.67751E+11 % Pu238
0.00000E+00 2.74324E+10 8.22233E+11 1.40038E+12 % Pu239
0.00000E+00 4.87660E+08 2.63148E+11 8.76751E+11 % Pu240
0.00000E+00 1.41252E+09 1.53932E+13 1.02609E+14 % Pu241
0.00000E+00 6.94127E+01 1.55624E+07 2.31354E+08 % Pu242
0.00000E+00 6.84799E+03 1.45292E+09 1.99312E+10 % Am241
0.00000E+00 1.39918E+02 1.47990E+09 4.98112E+10 % Am244
0.00000E+00 2.14724E-01 2.06860E+06 7.11998E+07 % Am245
0.00000E+00 0.00000E+00 0.00000E+00 0.00000E+00 % lost data
3.78269E+09 3.28750E+18 3.61594E+18 3.64950E+18 % total
];

MAT_uco_H = [
0.00000E+00 3.20391E-09 4.64808E-08 7.61108E-08 % H3
0.00000E+00 1.39026E+03 1.38191E+03 1.34706E+03 % Xe135
1.59211E-03 1.58459E-03 1.46200E-03 1.33242E-03 % U235
1.11539E-03 1.11517E-03 1.11136E-03 1.10693E-03 % U238
0.00000E+00 7.92838E-07 2.42821E-02 2.39740E-01 % Pu238
0.00000E+00 2.30362E-02 6.90466E-01 1.17596E+00 % Pu239
0.00000E+00 4.10274E-04 2.21390E-01 7.37620E-01 % Pu240
0.00000E+00 1.21192E-06 1.32071E-02 8.80370E-02 % Pu241
0.00000E+00 5.54060E-11 1.24221E-05 1.84669E-04 % Pu242
0.00000E+00 6.13978E-09 1.30266E-03 1.78699E-02 % Am241
0.00000E+00 2.48547E-11 2.62885E-04 8.84833E-03 % Am244
0.00000E+00 1.08335E-14 1.04368E-07 3.59226E-06 % Am245
0.00000E+00 0.00000E+00 0.00000E+00 0.00000E+00 % lost data
2.70749E-03 1.19523E+06 1.21287E+06 1.19780E+06 % total
];

MAT_uco_SF = [
0.00000E+00 0.00000E+00 0.00000E+00 0.00000E+00 % H3
0.00000E+00 0.00000E+00 0.00000E+00 0.00000E+00 % Xe135
1.55112E-01 1.54379E-01 1.42436E-01 1.29812E-01 % U235
8.89085E+04 8.88910E+04 8.85877E+04 8.82349E+04 % U238
0.00000E+00 1.64697E-03 5.04416E+01 4.98016E+02 % Pu238
0.00000E+00 8.50405E-02 2.54892E+00 4.34117E+00 % Pu239
0.00000E+00 2.77966E+01 1.49995E+04 4.99748E+04 % Pu240
0.00000E+00 0.00000E+00 0.00000E+00 0.00000E+00 % Pu241
0.00000E+00 3.81770E-04 8.55931E+01 1.27245E+03 % Pu242
0.00000E+00 2.94464E-08 6.24757E-03 8.57041E-02 % Am241
0.00000E+00 0.00000E+00 0.00000E+00 0.00000E+00 % Am244
0.00000E+00 0.00000E+00 0.00000E+00 0.00000E+00 % Am245
0.00000E+00 0.00000E+00 0.00000E+00 0.00000E+00 % lost data
8.89086E+04 8.89191E+04 1.07604E+05 2.56352E+05 % total
];

MAT_uco_ING_TOX = [
0.00000E+00 1.47607E-04 2.14141E-03 3.50649E-03 % H3
0.00000E+00 3.23848E+09 3.21903E+09 3.13786E+09 % Xe135
1.01253E+02 1.00775E+02 9.29788E+01 8.47381E+01 % U235
7.32762E+01 7.32618E+01 7.30118E+01 7.27210E+01 % U238
0.00000E+00 2.03658E-01 6.23741E+03 6.15826E+04 % Pu238
0.00000E+00 6.85810E+03 2.05558E+05 3.50094E+05 % Pu239
0.00000E+00 1.21915E+02 6.57871E+04 2.19188E+05 % Pu240
0.00000E+00 6.78008E+00 7.38874E+04 4.92525E+05 % Pu241
0.00000E+00 1.66591E-05 3.73497E+00 5.55250E+01 % Pu242
0.00000E+00 1.36960E-03 2.90584E+02 3.98624E+03 % Am241
0.00000E+00 6.43623E-08 6.80753E-01 2.29131E+01 % Am244
0.00000E+00 1.33129E-11 1.28253E-04 4.41439E-03 % Am245
0.00000E+00 0.00000E+00 0.00000E+00 0.00000E+00 % lost data
1.74530E+02 4.43301E+10 5.93660E+10 5.88912E+10 % total
];

MAT_uco_INH_TOX = [
0.00000E+00 9.13758E-04 1.32564E-02 2.17069E-02 % H3
0.00000E+00 1.69635E+09 1.68616E+09 1.64364E+09 % Xe135
1.83118E+04 1.82253E+04 1.68153E+04 1.53250E+04 % U235
1.30269E+04 1.30243E+04 1.29799E+04 1.29282E+04 % U238
0.00000E+00 9.74017E+01 2.98311E+06 2.94526E+07 % Pu238
0.00000E+00 3.29189E+06 9.86679E+07 1.68045E+08 % Pu239
0.00000E+00 5.85192E+04 3.15778E+07 1.05210E+08 % Pu240
0.00000E+00 3.24879E+03 3.54044E+07 2.36001E+08 % Pu241
0.00000E+00 7.63540E-03 1.71186E+03 2.54490E+04 % Pu242
0.00000E+00 6.57407E-01 1.39481E+05 1.91339E+06 % Am241
0.00000E+00 5.17697E-07 5.47562E+00 1.84301E+02 % Am244
0.00000E+00 1.20245E-11 1.15842E-04 3.98719E-03 % Am245
0.00000E+00 0.00000E+00 0.00000E+00 0.00000E+00 % lost data
3.13387E+04 4.36142E+10 5.81709E+10 5.97320E+10 % total
];

TOT_VOLUME = [ 1.60170E+04 1.60170E+04 1.60170E+04 1.60170E+04 ];

TOT_BURNUP = [ 0.00000E+00 6.33439E-01 1.12753E+01 2.31840E+01 ];

TOT_ADENS = [
0.00000E+00 1.23074E-13 1.78550E-12 2.92370E-12 % H3
0.00000E+00 4.57051E-08 4.54305E-08 4.42850E-08 % Xe135
4.31104E-03 4.29067E-03 3.95873E-03 3.60787E-03 % U235
2.06805E-02 2.06764E-02 2.06059E-02 2.05238E-02 % U238
0.00000E+00 2.20735E-13 6.76042E-09 6.67464E-08 % Pu238
0.00000E+00 1.88000E-06 5.63494E-05 9.59710E-05 % Pu239
0.00000E+00 9.09462E-09 4.90759E-06 1.63510E-05 % Pu240
0.00000E+00 5.73752E-11 6.25258E-07 4.16790E-06 % Pu241
0.00000E+00 7.39886E-14 1.65883E-08 2.46606E-07 % Pu242
0.00000E+00 8.42068E-15 1.78660E-09 2.45085E-08 % Am241
0.00000E+00 4.58239E-22 4.84674E-15 1.63134E-13 % Am244
0.00000E+00 1.42735E-25 1.37508E-18 4.73292E-17 % Am245
0.00000E+00 1.33832E-07 2.39839E-06 4.95264E-06 % lost data
7.04520E-02 7.04682E-02 7.07419E-02 7.10474E-02 % total
];

