
DET1001 = [
    1    1    1    1    1    1    1    1    1    1  5.31923E+18 0.00465 
    2    2    1    1    1    1    1    1    1    1  1.89429E+18 0.00598 
    3    3    1    1    1    1    1    1    1    1  1.95760E+17 0.01237 
];


DET1001E = [
 1.00000E-09  6.25000E-07  3.13000E-07
 6.25000E-07  1.00000E-01  5.00003E-02
 1.00000E-01  2.00000E+01  1.00500E+01
];

DET1002 = [
    1    1    1    1    1    1    1    1    1    1  1.97784E+17 0.00695 
    2    2    1    1    1    1    1    1    1    1  3.98965E+17 0.00532 
    3    3    1    1    1    1    1    1    1    1  1.93807E+17 0.00630 
];


DET1002E = [
 1.00000E-09  6.25000E-07  3.13000E-07
 6.25000E-07  1.00000E-01  5.00003E-02
 1.00000E-01  2.00000E+01  1.00500E+01
];
