
DET1001 = [
    1    1    1    1    1    1    1    1    1    1  5.24558E+18 0.00470 
    2    2    1    1    1    1    1    1    1    1  1.84284E+18 0.00576 
    3    3    1    1    1    1    1    1    1    1  1.91140E+17 0.01180 
];


DET1001E = [
 1.00000E-09  6.25000E-07  3.13000E-07
 6.25000E-07  1.00000E-01  5.00003E-02
 1.00000E-01  2.00000E+01  1.00500E+01
];

DET1002 = [
    1    1    1    1    1    1    1    1    1    1  1.91160E+17 0.00686 
    2    2    1    1    1    1    1    1    1    1  3.88472E+17 0.00468 
    3    3    1    1    1    1    1    1    1    1  1.82116E+17 0.00646 
];


DET1002E = [
 1.00000E-09  6.25000E-07  3.13000E-07
 6.25000E-07  1.00000E-01  5.00003E-02
 1.00000E-01  2.00000E+01  1.00500E+01
];
