
DET1001 = [
    1    1    1    1    1    1    1    1    1    1  5.54472E+18 0.00450 
    2    2    1    1    1    1    1    1    1    1  1.93912E+18 0.00582 
    3    3    1    1    1    1    1    1    1    1  1.98514E+17 0.01220 
];


DET1001E = [
 1.00000E-09  6.25000E-07  3.13000E-07
 6.25000E-07  1.00000E-01  5.00003E-02
 1.00000E-01  2.00000E+01  1.00500E+01
];

DET1002 = [
    1    1    1    1    1    1    1    1    1    1  2.02440E+17 0.00659 
    2    2    1    1    1    1    1    1    1    1  4.21559E+17 0.00477 
    3    3    1    1    1    1    1    1    1    1  2.03889E+17 0.00645 
];


DET1002E = [
 1.00000E-09  6.25000E-07  3.13000E-07
 6.25000E-07  1.00000E-01  5.00003E-02
 1.00000E-01  2.00000E+01  1.00500E+01
];
