
DET1001 = [
    1    1    1    1    1    1    1    1    1    1  5.14148E+18 0.00439 
    2    2    1    1    1    1    1    1    1    1  1.77999E+18 0.00566 
    3    3    1    1    1    1    1    1    1    1  1.88280E+17 0.01138 
];


DET1001E = [
 1.00000E-09  6.25000E-07  3.13000E-07
 6.25000E-07  1.00000E-01  5.00003E-02
 1.00000E-01  2.00000E+01  1.00500E+01
];

DET1002 = [
    1    1    1    1    1    1    1    1    1    1  1.91681E+17 0.00667 
    2    2    1    1    1    1    1    1    1    1  3.75157E+17 0.00480 
    3    3    1    1    1    1    1    1    1    1  1.78791E+17 0.00633 
];


DET1002E = [
 1.00000E-09  6.25000E-07  3.13000E-07
 6.25000E-07  1.00000E-01  5.00003E-02
 1.00000E-01  2.00000E+01  1.00500E+01
];
