
DET1001 = [
    1    1    1    1    1    1    1    1    1    1  4.11555E+18 0.00508 
    2    2    1    1    1    1    1    1    1    1  1.98633E+18 0.00578 
    3    3    1    1    1    1    1    1    1    1  2.04971E+17 0.01167 
];


DET1001E = [
 1.00000E-09  6.25000E-07  3.13000E-07
 6.25000E-07  1.00000E-01  5.00003E-02
 1.00000E-01  2.00000E+01  1.00500E+01
];

DET1002 = [
    1    1    1    1    1    1    1    1    1    1  6.21144E+16 0.01119 
    2    2    1    1    1    1    1    1    1    1  3.44215E+17 0.00515 
    3    3    1    1    1    1    1    1    1    1  1.74287E+17 0.00667 
];


DET1002E = [
 1.00000E-09  6.25000E-07  3.13000E-07
 6.25000E-07  1.00000E-01  5.00003E-02
 1.00000E-01  2.00000E+01  1.00500E+01
];
