
DET1001 = [
    1    1    1    1    1    1    1    1    1    1  4.10054E+18 0.00483 
    2    2    1    1    1    1    1    1    1    1  1.97061E+18 0.00556 
    3    3    1    1    1    1    1    1    1    1  2.07929E+17 0.01065 
];


DET1001E = [
 1.00000E-09  6.25000E-07  3.13000E-07
 6.25000E-07  1.00000E-01  5.00003E-02
 1.00000E-01  2.00000E+01  1.00500E+01
];

DET1002 = [
    1    1    1    1    1    1    1    1    1    1  6.51363E+16 0.01042 
    2    2    1    1    1    1    1    1    1    1  3.44383E+17 0.00512 
    3    3    1    1    1    1    1    1    1    1  1.71766E+17 0.00623 
];


DET1002E = [
 1.00000E-09  6.25000E-07  3.13000E-07
 6.25000E-07  1.00000E-01  5.00003E-02
 1.00000E-01  2.00000E+01  1.00500E+01
];
