
ZAI = [
10030
541350
922350
922380
942380
942390
942400
942410
942420
952410
952440
952450
666
0
];

NAMES = [
'H3              '
'Xe135           '
'U235            '
'U238            '
'Pu238           '
'Pu239           '
'Pu240           '
'Pu241           '
'Pu242           '
'Am241           '
'Am244           '
'Am245           '
'lost            '
'total           '
];

i10030  = 1; iH3               = 1;
i541350 = 2; iXe135            = 2;
i922350 = 3; iU235             = 3;
i922380 = 4; iU238             = 4;
i942380 = 5; iPu238            = 5;
i942390 = 6; iPu239            = 6;
i942400 = 7; iPu240            = 7;
i942410 = 8; iPu241            = 8;
i942420 = 9; iPu242            = 9;
i952410 = 10; iAm241            = 10;
i952440 = 11; iAm244            = 11;
i952450 = 12; iAm245            = 12;
iLOST    = 13;
iTOT     = 14;

MAT_uco_VOLUME = [ 5.00346E+04 5.00346E+04 5.00346E+04 5.00346E+04 ];

MAT_uco_BURNUP = [ 0.00000E+00 2.02786E-01 3.60961E+00 7.42198E+00 ];

MAT_uco_ADENS = [
0.00000E+00 6.97717E-14 1.18116E-12 2.25991E-12 % H3
0.00000E+00 2.81629E-08 2.83356E-08 2.84137E-08 % Xe135
4.87458E-03 4.86786E-03 4.75613E-03 4.63393E-03 % U235
2.01233E-02 2.01216E-02 2.00926E-02 2.00596E-02 % U238
0.00000E+00 4.06944E-14 6.29663E-10 5.69339E-09 % Pu238
0.00000E+00 7.84424E-07 2.72238E-05 5.39228E-05 % Pu239
0.00000E+00 1.16294E-09 6.51674E-07 2.53556E-06 % Pu240
0.00000E+00 3.60514E-12 4.00758E-08 3.23156E-07 % Pu241
0.00000E+00 1.29670E-15 2.79248E-10 4.73884E-09 % Pu242
0.00000E+00 5.43038E-16 1.15414E-10 1.94243E-09 % Am241
0.00000E+00 2.13510E-24 1.97870E-17 7.40216E-16 % Am244
0.00000E+00 1.97135E-28 1.66270E-21 6.24886E-20 % Am245
0.00000E+00 4.28782E-08 7.64933E-07 1.57613E-06 % lost data
7.04699E-02 7.04751E-02 7.05626E-02 7.06605E-02 % total
];

MAT_uco_MDENS = [
0.00000E+00 3.49378E-13 5.91460E-12 1.13164E-11 % H3
0.00000E+00 6.30911E-06 6.34779E-06 6.36529E-06 % Xe135
1.90258E+00 1.89995E+00 1.85635E+00 1.80865E+00 % U235
7.95473E+00 7.95406E+00 7.94259E+00 7.92956E+00 % U238
0.00000E+00 1.60864E-11 2.48904E-07 2.25058E-06 % Pu238
0.00000E+00 3.11386E-04 1.08068E-02 2.14053E-02 % Pu239
0.00000E+00 4.63580E-07 2.59774E-04 1.01074E-03 % Pu240
0.00000E+00 1.44306E-09 1.60414E-05 1.29352E-04 % Pu241
0.00000E+00 5.21212E-13 1.12245E-07 1.90479E-06 % Pu242
0.00000E+00 2.17373E-13 4.61990E-08 7.77535E-07 % Am241
0.00000E+00 8.65325E-22 8.01940E-15 2.99999E-13 % Am244
0.00000E+00 8.02238E-26 6.76635E-19 2.54297E-17 % Am245
0.00000E+00 0.00000E+00 0.00000E+00 0.00000E+00 % lost data
1.10000E+01 1.10000E+01 1.09995E+01 1.09989E+01 % total
];

MAT_uco_A = [
0.00000E+00 6.22387E+06 1.05364E+08 2.01592E+08 % H3
0.00000E+00 2.96842E+16 2.98661E+16 2.99485E+16 % Xe135
7.60952E+09 7.59902E+09 7.42461E+09 7.23384E+09 % U235
4.94970E+09 4.94928E+09 4.94215E+09 4.93404E+09 % U238
0.00000E+00 5.09949E+05 7.89042E+09 7.13448E+10 % Pu238
0.00000E+00 3.57557E+10 1.24092E+12 2.45792E+12 % Pu239
0.00000E+00 1.94797E+08 1.09157E+11 4.24714E+11 % Pu240
0.00000E+00 2.77257E+08 3.08206E+12 2.48526E+13 % Pu241
0.00000E+00 3.80016E+00 8.18377E+05 1.38879E+07 % Pu242
0.00000E+00 1.37955E+03 2.93199E+08 4.93458E+09 % Am241
0.00000E+00 2.03652E+00 1.88735E+07 7.06042E+08 % Am244
0.00000E+00 9.26409E-04 7.81365E+03 2.93657E+05 % Am245
0.00000E+00 0.00000E+00 0.00000E+00 0.00000E+00 % lost data
1.25592E+10 3.38387E+18 3.76314E+18 3.82507E+18 % total
];

MAT_uco_H = [
0.00000E+00 5.67392E-09 9.60535E-08 1.83779E-07 % H3
0.00000E+00 2.67608E+03 2.69248E+03 2.69990E+03 % Xe135
5.62364E-03 5.61588E-03 5.48698E-03 5.34600E-03 % U235
3.39042E-03 3.39013E-03 3.38524E-03 3.37969E-03 % U238
0.00000E+00 4.56601E-07 7.06498E-03 6.38812E-02 % Pu238
0.00000E+00 3.00257E-02 1.04206E+00 2.06402E+00 % Pu239
0.00000E+00 1.63884E-04 9.18352E-02 3.57317E-01 % Pu240
0.00000E+00 2.37882E-07 2.64436E-03 2.13231E-02 % Pu241
0.00000E+00 3.03333E-12 6.53237E-07 1.10855E-05 % Pu242
0.00000E+00 1.23688E-09 2.62877E-04 4.42425E-03 % Am241
0.00000E+00 3.61763E-13 3.35264E-06 1.25419E-04 % Am244
0.00000E+00 4.67404E-17 3.94224E-10 1.48160E-08 % Am245
0.00000E+00 0.00000E+00 0.00000E+00 0.00000E+00 % lost data
9.01405E-03 1.20419E+06 1.24280E+06 1.24326E+06 % total
];

MAT_uco_SF = [
0.00000E+00 0.00000E+00 0.00000E+00 0.00000E+00 % H3
0.00000E+00 0.00000E+00 0.00000E+00 0.00000E+00 % Xe135
5.47886E-01 5.47130E-01 5.34572E-01 5.20837E-01 % U235
2.70254E+05 2.70231E+05 2.69841E+05 2.69399E+05 % U238
0.00000E+00 9.48504E-04 1.46762E+01 1.32701E+02 % Pu238
0.00000E+00 1.10843E-01 3.84686E+00 7.61955E+00 % Pu239
0.00000E+00 1.11034E+01 6.22197E+03 2.42087E+04 % Pu240
0.00000E+00 0.00000E+00 0.00000E+00 0.00000E+00 % Pu241
0.00000E+00 2.09009E-05 4.50107E+00 7.63833E+01 % Pu242
0.00000E+00 5.93205E-09 1.26076E-03 2.12187E-02 % Am241
0.00000E+00 0.00000E+00 0.00000E+00 0.00000E+00 % Am244
0.00000E+00 0.00000E+00 0.00000E+00 0.00000E+00 % Am245
0.00000E+00 0.00000E+00 0.00000E+00 0.00000E+00 % lost data
2.70254E+05 2.70243E+05 2.76321E+05 3.01839E+05 % total
];

MAT_uco_ING_TOX = [
0.00000E+00 2.61402E-04 4.42527E-03 8.46685E-03 % H3
0.00000E+00 6.23367E+09 6.27189E+09 6.28918E+09 % Xe135
3.57647E+02 3.57154E+02 3.48957E+02 3.39991E+02 % U235
2.22737E+02 2.22718E+02 2.22397E+02 2.22032E+02 % U238
0.00000E+00 1.17288E-01 1.81480E+03 1.64093E+04 % Pu238
0.00000E+00 8.93893E+03 3.10230E+05 6.14480E+05 % Pu239
0.00000E+00 4.86991E+01 2.72893E+04 1.06179E+05 % Pu240
0.00000E+00 1.33083E+00 1.47939E+04 1.19292E+05 % Pu241
0.00000E+00 9.12038E-07 1.96410E-01 3.33309E+00 % Pu242
0.00000E+00 2.75909E-04 5.86399E+01 9.86916E+02 % Am241
0.00000E+00 9.36801E-10 8.68181E-03 3.24779E-01 % Am244
0.00000E+00 5.74373E-14 4.84446E-07 1.82067E-05 % Am245
0.00000E+00 0.00000E+00 0.00000E+00 0.00000E+00 % lost data
5.80384E+02 4.74313E+10 6.30835E+10 6.31958E+10 % total
];

MAT_uco_INH_TOX = [
0.00000E+00 1.61821E-03 2.73945E-02 5.24139E-02 % H3
0.00000E+00 3.26526E+09 3.28527E+09 3.29433E+09 % Xe135
6.46809E+04 6.45917E+04 6.31092E+04 6.14877E+04 % U235
3.95976E+04 3.95943E+04 3.95372E+04 3.94723E+04 % U238
0.00000E+00 5.60943E+01 8.67947E+05 7.84793E+06 % Pu238
0.00000E+00 4.29069E+06 1.48911E+08 2.94950E+08 % Pu239
0.00000E+00 2.33756E+04 1.30989E+07 5.09657E+07 % Pu240
0.00000E+00 6.37690E+02 7.08875E+06 5.71609E+07 % Pu241
0.00000E+00 4.18018E-04 9.00215E+01 1.52767E+03 % Pu242
0.00000E+00 1.32436E-01 2.81471E+04 4.73719E+05 % Am241
0.00000E+00 7.53514E-09 6.98320E-02 2.61235E+00 % Am244
0.00000E+00 5.18789E-14 4.37564E-07 1.64448E-05 % Am245
0.00000E+00 0.00000E+00 0.00000E+00 0.00000E+00 % lost data
1.04279E+05 4.53284E+10 6.03230E+10 6.22025E+10 % total
];

TOT_VOLUME = [ 5.00346E+04 5.00346E+04 5.00346E+04 5.00346E+04 ];

TOT_BURNUP = [ 0.00000E+00 2.02786E-01 3.60961E+00 7.42198E+00 ];

TOT_ADENS = [
0.00000E+00 6.97717E-14 1.18116E-12 2.25991E-12 % H3
0.00000E+00 2.81629E-08 2.83356E-08 2.84137E-08 % Xe135
4.87458E-03 4.86786E-03 4.75613E-03 4.63393E-03 % U235
2.01233E-02 2.01216E-02 2.00926E-02 2.00596E-02 % U238
0.00000E+00 4.06944E-14 6.29663E-10 5.69339E-09 % Pu238
0.00000E+00 7.84424E-07 2.72238E-05 5.39228E-05 % Pu239
0.00000E+00 1.16294E-09 6.51674E-07 2.53556E-06 % Pu240
0.00000E+00 3.60514E-12 4.00758E-08 3.23156E-07 % Pu241
0.00000E+00 1.29670E-15 2.79248E-10 4.73884E-09 % Pu242
0.00000E+00 5.43038E-16 1.15414E-10 1.94243E-09 % Am241
0.00000E+00 2.13510E-24 1.97870E-17 7.40216E-16 % Am244
0.00000E+00 1.97135E-28 1.66270E-21 6.24886E-20 % Am245
0.00000E+00 4.28782E-08 7.64933E-07 1.57613E-06 % lost data
7.04699E-02 7.04751E-02 7.05626E-02 7.06605E-02 % total
];

