
DET1001 = [
    1    1    1    1    1    1    1    1    1    1  4.03186E+18 0.00484 
    2    2    1    1    1    1    1    1    1    1  1.90535E+18 0.00555 
    3    3    1    1    1    1    1    1    1    1  1.97243E+17 0.01134 
];


DET1001E = [
 1.00000E-09  6.25000E-07  3.13000E-07
 6.25000E-07  1.00000E-01  5.00003E-02
 1.00000E-01  2.00000E+01  1.00500E+01
];

DET1002 = [
    1    1    1    1    1    1    1    1    1    1  6.39828E+16 0.01105 
    2    2    1    1    1    1    1    1    1    1  3.27557E+17 0.00503 
    3    3    1    1    1    1    1    1    1    1  1.63810E+17 0.00633 
];


DET1002E = [
 1.00000E-09  6.25000E-07  3.13000E-07
 6.25000E-07  1.00000E-01  5.00003E-02
 1.00000E-01  2.00000E+01  1.00500E+01
];
