
DET1001 = [
    1    1    1    1    1    1    1    1    1    1  4.58782E+18 0.00458 
    2    2    1    1    1    1    1    1    1    1  1.86022E+18 0.00563 
    3    3    1    1    1    1    1    1    1    1  1.91752E+17 0.01131 
];


DET1001E = [
 1.00000E-09  6.25000E-07  3.13000E-07
 6.25000E-07  1.00000E-01  5.00003E-02
 1.00000E-01  2.00000E+01  1.00500E+01
];

DET1002 = [
    1    1    1    1    1    1    1    1    1    1  1.18558E+17 0.00887 
    2    2    1    1    1    1    1    1    1    1  3.72815E+17 0.00494 
    3    3    1    1    1    1    1    1    1    1  1.83662E+17 0.00654 
];


DET1002E = [
 1.00000E-09  6.25000E-07  3.13000E-07
 6.25000E-07  1.00000E-01  5.00003E-02
 1.00000E-01  2.00000E+01  1.00500E+01
];
