
DET1001 = [
    1    1    1    1    1    1    1    1    1    1  4.51164E+18 0.00479 
    2    2    1    1    1    1    1    1    1    1  1.81658E+18 0.00592 
    3    3    1    1    1    1    1    1    1    1  1.91664E+17 0.01163 
];


DET1001E = [
 1.00000E-09  6.25000E-07  3.13000E-07
 6.25000E-07  1.00000E-01  5.00003E-02
 1.00000E-01  2.00000E+01  1.00500E+01
];

DET1002 = [
    1    1    1    1    1    1    1    1    1    1  1.16214E+17 0.00892 
    2    2    1    1    1    1    1    1    1    1  3.60153E+17 0.00531 
    3    3    1    1    1    1    1    1    1    1  1.77849E+17 0.00687 
];


DET1002E = [
 1.00000E-09  6.25000E-07  3.13000E-07
 6.25000E-07  1.00000E-01  5.00003E-02
 1.00000E-01  2.00000E+01  1.00500E+01
];
