
DET1001 = [
    1    1    1    1    1    1    1    1    1    1  4.33994E+18 0.00476 
    2    2    1    1    1    1    1    1    1    1  1.77375E+18 0.00603 
    3    3    1    1    1    1    1    1    1    1  1.85174E+17 0.01191 
];


DET1001E = [
 1.00000E-09  6.25000E-07  3.13000E-07
 6.25000E-07  1.00000E-01  5.00003E-02
 1.00000E-01  2.00000E+01  1.00500E+01
];

DET1002 = [
    1    1    1    1    1    1    1    1    1    1  1.15191E+17 0.00875 
    2    2    1    1    1    1    1    1    1    1  3.49895E+17 0.00506 
    3    3    1    1    1    1    1    1    1    1  1.72355E+17 0.00652 
];


DET1002E = [
 1.00000E-09  6.25000E-07  3.13000E-07
 6.25000E-07  1.00000E-01  5.00003E-02
 1.00000E-01  2.00000E+01  1.00500E+01
];
