
ZAI = [
10030
541350
922350
922380
942380
942390
942400
942410
942420
952410
952440
952450
666
0
];

NAMES = [
'H3              '
'Xe135           '
'U235            '
'U238            '
'Pu238           '
'Pu239           '
'Pu240           '
'Pu241           '
'Pu242           '
'Am241           '
'Am244           '
'Am245           '
'lost            '
'total           '
];

i10030  = 1; iH3               = 1;
i541350 = 2; iXe135            = 2;
i922350 = 3; iU235             = 3;
i922380 = 4; iU238             = 4;
i942380 = 5; iPu238            = 5;
i942390 = 6; iPu239            = 6;
i942400 = 7; iPu240            = 7;
i942410 = 8; iPu241            = 8;
i942420 = 9; iPu242            = 9;
i952410 = 10; iAm241            = 10;
i952440 = 11; iAm244            = 11;
i952450 = 12; iAm245            = 12;
iLOST    = 13;
iTOT     = 14;

MAT_uco_VOLUME = [ 2.20231E+04 2.20231E+04 2.20231E+04 2.20231E+04 ];

MAT_uco_BURNUP = [ 0.00000E+00 4.60709E-01 8.20047E+00 1.68618E+01 ];

MAT_uco_ADENS = [
0.00000E+00 1.08853E-13 1.69211E-12 2.99444E-12 % H3
0.00000E+00 4.45857E-08 4.46731E-08 4.43761E-08 % Xe135
4.87458E-03 4.85959E-03 4.61301E-03 4.34826E-03 % U235
2.01233E-02 2.01201E-02 2.00657E-02 2.00027E-02 % U238
0.00000E+00 1.36718E-13 3.44504E-09 3.32069E-08 % Pu238
0.00000E+00 1.46452E-06 4.71199E-05 8.66362E-05 % Pu239
0.00000E+00 4.71918E-09 2.60776E-06 9.29646E-06 % Pu240
0.00000E+00 2.44163E-11 2.72449E-07 1.97751E-06 % Pu241
0.00000E+00 2.01811E-14 4.50274E-09 7.06101E-08 % Pu242
0.00000E+00 3.61990E-15 7.81650E-10 1.17795E-08 % Am241
0.00000E+00 8.78249E-23 8.72966E-16 3.13447E-14 % Am244
0.00000E+00 1.78834E-26 1.61253E-19 5.85656E-18 % Am245
0.00000E+00 9.73652E-08 1.74087E-06 3.59222E-06 % lost data
7.04699E-02 7.04817E-02 7.06806E-02 7.09030E-02 % total
];

MAT_uco_MDENS = [
0.00000E+00 5.45075E-13 8.47311E-12 1.49945E-11 % H3
0.00000E+00 9.98816E-06 1.00077E-05 9.94122E-06 % Xe135
1.90258E+00 1.89673E+00 1.80048E+00 1.69715E+00 % U235
7.95473E+00 7.95348E+00 7.93195E+00 7.90706E+00 % U238
0.00000E+00 5.40444E-11 1.36181E-06 1.31266E-05 % Pu238
0.00000E+00 5.81360E-04 1.87048E-02 3.43913E-02 % Pu239
0.00000E+00 1.88119E-06 1.03952E-03 3.70581E-03 % Pu240
0.00000E+00 9.77328E-09 1.09055E-04 7.91553E-04 % Pu241
0.00000E+00 8.11187E-12 1.80990E-06 2.83820E-05 % Pu242
0.00000E+00 1.44901E-12 3.12887E-07 4.71523E-06 % Am241
0.00000E+00 3.55942E-20 3.53800E-13 1.27035E-11 % Am244
0.00000E+00 7.27764E-24 6.56216E-17 2.38332E-15 % Am245
0.00000E+00 0.00000E+00 0.00000E+00 0.00000E+00 % lost data
1.10000E+01 1.09999E+01 1.09988E+01 1.09975E+01 % total
];

MAT_uco_A = [
0.00000E+00 4.27396E+06 6.64381E+07 1.17572E+08 % H3
0.00000E+00 2.06848E+16 2.07253E+16 2.05876E+16 % Xe135
3.34939E+09 3.33909E+09 3.16966E+09 2.98775E+09 % U235
2.17865E+09 2.17831E+09 2.17241E+09 2.16560E+09 % U238
0.00000E+00 7.54098E+05 1.90018E+10 1.83159E+11 % Pu238
0.00000E+00 2.93833E+10 9.45383E+11 1.73821E+12 % Pu239
0.00000E+00 3.47935E+08 1.92265E+11 6.85407E+11 % Pu240
0.00000E+00 8.26509E+08 9.22259E+12 6.69402E+13 % Pu241
0.00000E+00 2.60326E+01 5.80831E+06 9.10834E+07 % Pu242
0.00000E+00 4.04773E+03 8.74031E+08 1.31717E+10 % Am241
0.00000E+00 3.68721E+01 3.66503E+08 1.31597E+10 % Am244
0.00000E+00 3.69912E-02 3.33545E+05 1.21141E+07 % Am245
0.00000E+00 0.00000E+00 0.00000E+00 0.00000E+00 % lost data
5.52804E+09 3.31247E+18 3.66403E+18 3.71615E+18 % total
];

MAT_uco_H = [
0.00000E+00 3.89631E-09 6.05675E-08 1.07183E-07 % H3
0.00000E+00 1.86477E+03 1.86842E+03 1.85600E+03 % Xe135
2.47529E-03 2.46768E-03 2.34246E-03 2.20802E-03 % U235
1.49232E-03 1.49209E-03 1.48805E-03 1.48338E-03 % U238
0.00000E+00 6.75209E-07 1.70140E-02 1.63999E-01 % Pu238
0.00000E+00 2.46744E-02 7.93880E-01 1.45966E+00 % Pu239
0.00000E+00 2.92721E-04 1.61754E-01 5.76641E-01 % Pu240
0.00000E+00 7.09131E-07 7.91282E-03 5.74336E-02 % Pu241
0.00000E+00 2.07795E-11 4.63626E-06 7.27038E-05 % Pu242
0.00000E+00 3.62912E-09 7.83640E-04 1.18095E-02 % Am241
0.00000E+00 6.54987E-12 6.51046E-05 2.33765E-03 % Am244
0.00000E+00 1.86633E-15 1.68285E-08 6.11196E-07 % Am245
0.00000E+00 0.00000E+00 0.00000E+00 0.00000E+00 % lost data
3.96761E-03 1.19787E+06 1.22601E+06 1.21936E+06 % total
];

MAT_uco_SF = [
0.00000E+00 0.00000E+00 0.00000E+00 0.00000E+00 % H3
0.00000E+00 0.00000E+00 0.00000E+00 0.00000E+00 % Xe135
2.41156E-01 2.40415E-01 2.28216E-01 2.15118E-01 % U235
1.18954E+05 1.18936E+05 1.18614E+05 1.18242E+05 % U238
0.00000E+00 1.40262E-03 3.53434E+01 3.40677E+02 % Pu238
0.00000E+00 9.10881E-02 2.93069E+00 5.38846E+00 % Pu239
0.00000E+00 1.98323E+01 1.09591E+04 3.90682E+04 % Pu240
0.00000E+00 0.00000E+00 0.00000E+00 0.00000E+00 % Pu241
0.00000E+00 1.43179E-04 3.19457E+01 5.00959E+02 % Pu242
0.00000E+00 1.74052E-08 3.75833E-03 5.66383E-02 % Am241
0.00000E+00 0.00000E+00 0.00000E+00 0.00000E+00 % Am244
0.00000E+00 0.00000E+00 0.00000E+00 0.00000E+00 % Am245
0.00000E+00 0.00000E+00 0.00000E+00 0.00000E+00 % lost data
1.18955E+05 1.18956E+05 1.31176E+05 2.06863E+05 % total
];

MAT_uco_ING_TOX = [
0.00000E+00 1.79506E-04 2.79040E-03 4.93804E-03 % H3
0.00000E+00 4.34380E+09 4.35232E+09 4.32339E+09 % Xe135
1.57421E+02 1.56937E+02 1.48974E+02 1.40424E+02 % U235
9.80393E+01 9.80239E+01 9.77586E+01 9.74519E+01 % U238
0.00000E+00 1.73443E-01 4.37042E+03 4.21267E+04 % Pu238
0.00000E+00 7.34582E+03 2.36346E+05 4.34553E+05 % Pu239
0.00000E+00 8.69837E+01 4.80661E+04 1.71352E+05 % Pu240
0.00000E+00 3.96724E+00 4.42684E+04 3.21313E+05 % Pu241
0.00000E+00 6.24782E-06 1.39399E+00 2.18600E+01 % Pu242
0.00000E+00 8.09546E-04 1.74806E+02 2.63434E+03 % Am241
0.00000E+00 1.69612E-08 1.68591E-01 6.05344E+00 % Am244
0.00000E+00 2.29345E-12 2.06798E-05 7.51074E-04 % Am245
0.00000E+00 0.00000E+00 0.00000E+00 0.00000E+00 % lost data
2.55461E+02 4.54728E+10 6.08386E+10 6.07191E+10 % total
];

MAT_uco_INH_TOX = [
0.00000E+00 1.11123E-03 1.72739E-02 3.05688E-02 % H3
0.00000E+00 2.27533E+09 2.27978E+09 2.26463E+09 % Xe135
2.84698E+04 2.83823E+04 2.69421E+04 2.53959E+04 % U235
1.74292E+04 1.74265E+04 1.73793E+04 1.73248E+04 % U238
0.00000E+00 8.29508E+01 2.09020E+06 2.01475E+07 % Pu238
0.00000E+00 3.52599E+06 1.13446E+08 2.08586E+08 % Pu239
0.00000E+00 4.17522E+04 2.30717E+07 8.22489E+07 % Pu240
0.00000E+00 1.90097E+03 2.12119E+07 1.53962E+08 % Pu241
0.00000E+00 2.86359E-03 6.38914E+02 1.00192E+04 % Pu242
0.00000E+00 3.88582E-01 8.39070E+04 1.26448E+06 % Am241
0.00000E+00 1.36427E-07 1.35606E+00 4.86907E+01 % Am244
0.00000E+00 2.07151E-12 1.86785E-05 6.78389E-04 % Am245
0.00000E+00 0.00000E+00 0.00000E+00 0.00000E+00 % lost data
4.58991E+04 4.42414E+10 5.90349E+10 6.08226E+10 % total
];

TOT_VOLUME = [ 2.20231E+04 2.20231E+04 2.20231E+04 2.20231E+04 ];

TOT_BURNUP = [ 0.00000E+00 4.60709E-01 8.20047E+00 1.68618E+01 ];

TOT_ADENS = [
0.00000E+00 1.08853E-13 1.69211E-12 2.99444E-12 % H3
0.00000E+00 4.45857E-08 4.46731E-08 4.43761E-08 % Xe135
4.87458E-03 4.85959E-03 4.61301E-03 4.34826E-03 % U235
2.01233E-02 2.01201E-02 2.00657E-02 2.00027E-02 % U238
0.00000E+00 1.36718E-13 3.44504E-09 3.32069E-08 % Pu238
0.00000E+00 1.46452E-06 4.71199E-05 8.66362E-05 % Pu239
0.00000E+00 4.71918E-09 2.60776E-06 9.29646E-06 % Pu240
0.00000E+00 2.44163E-11 2.72449E-07 1.97751E-06 % Pu241
0.00000E+00 2.01811E-14 4.50274E-09 7.06101E-08 % Pu242
0.00000E+00 3.61990E-15 7.81650E-10 1.17795E-08 % Am241
0.00000E+00 8.78249E-23 8.72966E-16 3.13447E-14 % Am244
0.00000E+00 1.78834E-26 1.61253E-19 5.85656E-18 % Am245
0.00000E+00 9.73652E-08 1.74087E-06 3.59222E-06 % lost data
7.04699E-02 7.04817E-02 7.06806E-02 7.09030E-02 % total
];

