
DET1001 = [
    1    1    1    1    1    1    1    1    1    1  4.32112E+18 0.00495 
    2    2    1    1    1    1    1    1    1    1  1.98268E+18 0.00498 
    3    3    1    1    1    1    1    1    1    1  3.36410E+17 0.00969 
];


DET1001E = [
 1.00000E-09  6.25000E-07  3.13000E-07
 6.25000E-07  1.00000E-01  5.00003E-02
 1.00000E-01  2.00000E+01  1.00500E+01
];

DET1002 = [
    1    1    1    1    1    1    1    1    1    1  7.81703E+16 0.00990 
    2    2    1    1    1    1    1    1    1    1  3.24593E+17 0.00505 
    3    3    1    1    1    1    1    1    1    1  1.90344E+17 0.00656 
];


DET1002E = [
 1.00000E-09  6.25000E-07  3.13000E-07
 6.25000E-07  1.00000E-01  5.00003E-02
 1.00000E-01  2.00000E+01  1.00500E+01
];
