
ZAI = [
10030
541350
922350
922380
942380
942390
942400
942410
942420
952410
952440
952450
666
0
];

NAMES = [
'H3              '
'Xe135           '
'U235            '
'U238            '
'Pu238           '
'Pu239           '
'Pu240           '
'Pu241           '
'Pu242           '
'Am241           '
'Am244           '
'Am245           '
'lost            '
'total           '
];

i10030  = 1; iH3               = 1;
i541350 = 2; iXe135            = 2;
i922350 = 3; iU235             = 3;
i922380 = 4; iU238             = 4;
i942380 = 5; iPu238            = 5;
i942390 = 6; iPu239            = 6;
i942400 = 7; iPu240            = 7;
i942410 = 8; iPu241            = 8;
i942420 = 9; iPu242            = 9;
i952410 = 10; iAm241            = 10;
i952440 = 11; iAm244            = 11;
i952450 = 12; iAm245            = 12;
iLOST    = 13;
iTOT     = 14;

MAT_uco_VOLUME = [ 3.45065E+04 3.45065E+04 3.45065E+04 3.45065E+04 ];

MAT_uco_BURNUP = [ 0.00000E+00 2.94042E-01 5.23386E+00 1.07617E+01 ];

MAT_uco_ADENS = [
0.00000E+00 1.11333E-13 1.79559E-12 3.31461E-12 % H3
0.00000E+00 3.40765E-08 3.43834E-08 3.44519E-08 % Xe135
4.31104E-03 4.30138E-03 4.14207E-03 3.97021E-03 % U235
2.06805E-02 2.06780E-02 2.06359E-02 2.05875E-02 % U238
0.00000E+00 1.10876E-13 1.88548E-09 1.73508E-08 % Pu238
0.00000E+00 1.13398E-06 3.78072E-05 7.22200E-05 % Pu239
0.00000E+00 2.74921E-09 1.50296E-06 5.50447E-06 % Pu240
0.00000E+00 1.25759E-11 1.36878E-07 1.03420E-06 % Pu241
0.00000E+00 7.75921E-15 1.65821E-09 2.65226E-08 % Pu242
0.00000E+00 1.88100E-15 3.93602E-10 6.19982E-09 % Am241
0.00000E+00 2.73911E-23 2.65530E-16 9.45608E-15 % Am244
0.00000E+00 4.31781E-27 3.81888E-20 1.36148E-18 % Am245
0.00000E+00 6.21682E-08 1.11097E-06 2.29172E-06 % lost data
7.04520E-02 7.04595E-02 7.05865E-02 7.07284E-02 % total
];

MAT_uco_MDENS = [
0.00000E+00 5.57494E-13 8.99129E-12 1.65977E-11 % H3
0.00000E+00 7.63389E-06 7.70263E-06 7.71797E-06 % Xe135
1.68262E+00 1.67885E+00 1.61667E+00 1.54960E+00 % U235
8.17497E+00 8.17400E+00 8.15734E+00 8.13821E+00 % U238
0.00000E+00 4.38290E-11 7.45322E-07 6.85871E-06 % Pu238
0.00000E+00 4.50149E-04 1.50080E-02 2.86686E-02 % Pu239
0.00000E+00 1.09591E-06 5.99119E-04 2.19422E-03 % Pu240
0.00000E+00 5.03385E-09 5.47890E-05 4.13966E-04 % Pu241
0.00000E+00 3.11884E-12 6.66524E-07 1.06609E-05 % Pu242
0.00000E+00 7.52945E-13 1.57555E-07 2.48173E-06 % Am241
0.00000E+00 1.11012E-20 1.07615E-13 3.83241E-12 % Am244
0.00000E+00 1.75713E-24 1.55409E-17 5.54054E-16 % Am245
0.00000E+00 0.00000E+00 0.00000E+00 0.00000E+00 % lost data
1.10000E+01 1.10000E+01 1.09992E+01 1.09985E+01 % total
];

MAT_uco_A = [
0.00000E+00 6.84914E+06 1.10463E+08 2.03913E+08 % H3
0.00000E+00 2.47704E+16 2.49935E+16 2.50432E+16 % Xe135
4.64122E+09 4.63082E+09 4.45931E+09 4.27429E+09 % U235
3.50809E+09 3.50767E+09 3.50052E+09 3.49231E+09 % U238
0.00000E+00 9.58210E+05 1.62946E+10 1.49948E+11 % Pu238
0.00000E+00 3.56478E+10 1.18850E+12 2.27030E+12 % Pu239
0.00000E+00 3.17586E+08 1.73621E+11 6.35871E+11 % Pu240
0.00000E+00 6.67006E+08 7.25977E+12 5.48522E+13 % Pu241
0.00000E+00 1.56824E+01 3.35146E+06 5.36057E+07 % Pu242
0.00000E+00 3.29552E+03 6.89594E+08 1.08621E+10 % Am241
0.00000E+00 1.80182E+01 1.74669E+08 6.22033E+09 % Am244
0.00000E+00 1.39937E-02 1.23767E+05 4.41247E+06 % Am245
0.00000E+00 0.00000E+00 0.00000E+00 0.00000E+00 % lost data
8.14931E+09 3.37837E+18 3.75333E+18 3.81107E+18 % total
];

MAT_uco_H = [
0.00000E+00 6.24394E-09 1.00703E-07 1.85895E-07 % H3
0.00000E+00 2.23309E+03 2.25320E+03 2.25769E+03 % Xe135
3.42998E-03 3.42230E-03 3.29555E-03 3.15881E-03 % U235
2.40295E-03 2.40267E-03 2.39777E-03 2.39215E-03 % U238
0.00000E+00 8.57968E-07 1.45900E-02 1.34262E-01 % Pu238
0.00000E+00 2.99350E-02 9.98038E-01 1.90647E+00 % Pu239
0.00000E+00 2.67189E-04 1.46069E-01 5.34965E-01 % Pu240
0.00000E+00 5.72280E-07 6.22876E-03 4.70623E-02 % Pu241
0.00000E+00 1.25178E-11 2.67517E-06 4.27886E-05 % Pu242
0.00000E+00 2.95470E-09 6.18277E-04 9.73879E-03 % Am241
0.00000E+00 3.20071E-12 3.10277E-05 1.10496E-03 % Am244
0.00000E+00 7.06030E-16 6.24446E-09 2.22624E-07 % Am245
0.00000E+00 0.00000E+00 0.00000E+00 0.00000E+00 % lost data
5.83294E-03 1.20364E+06 1.23871E+06 1.23477E+06 % total
];

MAT_uco_SF = [
0.00000E+00 0.00000E+00 0.00000E+00 0.00000E+00 % H3
0.00000E+00 0.00000E+00 0.00000E+00 0.00000E+00 % Xe135
3.34168E-01 3.33419E-01 3.21070E-01 3.07749E-01 % U235
1.91542E+05 1.91519E+05 1.91128E+05 1.90680E+05 % U238
0.00000E+00 1.78227E-03 3.03079E+01 2.78904E+02 % Pu238
0.00000E+00 1.10508E-01 3.68436E+00 7.03792E+00 % Pu239
0.00000E+00 1.81024E+01 9.89637E+03 3.62446E+04 % Pu240
0.00000E+00 0.00000E+00 0.00000E+00 0.00000E+00 % Pu241
0.00000E+00 8.62531E-05 1.84330E+01 2.94831E+02 % Pu242
0.00000E+00 1.41707E-08 2.96525E-03 4.67072E-02 % Am241
0.00000E+00 0.00000E+00 0.00000E+00 0.00000E+00 % Am244
0.00000E+00 0.00000E+00 0.00000E+00 0.00000E+00 % Am245
0.00000E+00 0.00000E+00 0.00000E+00 0.00000E+00 % lost data
1.91542E+05 1.91538E+05 2.02006E+05 2.57606E+05 % total
];

MAT_uco_ING_TOX = [
0.00000E+00 2.87664E-04 4.63946E-03 8.56433E-03 % H3
0.00000E+00 5.20178E+09 5.24862E+09 5.25908E+09 % Xe135
2.18137E+02 2.17649E+02 2.09587E+02 2.00892E+02 % U235
1.57864E+02 1.57845E+02 1.57523E+02 1.57154E+02 % U238
0.00000E+00 2.20388E-01 3.74776E+03 3.44881E+04 % Pu238
0.00000E+00 8.91195E+03 2.97125E+05 5.67575E+05 % Pu239
0.00000E+00 7.93965E+01 4.34051E+04 1.58968E+05 % Pu240
0.00000E+00 3.20163E+00 3.48469E+04 2.63291E+05 % Pu241
0.00000E+00 3.76377E-06 8.04350E-01 1.28654E+01 % Pu242
0.00000E+00 6.59104E-04 1.37919E+02 2.17243E+03 % Am241
0.00000E+00 8.28837E-09 8.03476E-02 2.86135E+00 % Am244
0.00000E+00 8.67611E-13 7.67356E-06 2.73573E-04 % Am245
0.00000E+00 0.00000E+00 0.00000E+00 0.00000E+00 % lost data
3.76001E+02 4.63974E+10 6.20490E+10 6.20699E+10 % total
];

MAT_uco_INH_TOX = [
0.00000E+00 1.78078E-03 2.87204E-02 5.30173E-02 % H3
0.00000E+00 2.72474E+09 2.74928E+09 2.75476E+09 % Xe135
3.94504E+04 3.93620E+04 3.79041E+04 3.63315E+04 % U235
2.80647E+04 2.80614E+04 2.80042E+04 2.79385E+04 % U238
0.00000E+00 1.05403E+02 1.79241E+06 1.64943E+07 % Pu238
0.00000E+00 4.27774E+06 1.42620E+08 2.72436E+08 % Pu239
0.00000E+00 3.81103E+04 2.08345E+07 7.63045E+07 % Pu240
0.00000E+00 1.53411E+03 1.66975E+07 1.26160E+08 % Pu241
0.00000E+00 1.72506E-03 3.68660E+02 5.89662E+03 % Pu242
0.00000E+00 3.16370E-01 6.62010E+04 1.04276E+06 % Am241
0.00000E+00 6.66673E-08 6.46274E-01 2.30152E+01 % Am244
0.00000E+00 7.83649E-13 6.93096E-06 2.47098E-04 % Am245
0.00000E+00 0.00000E+00 0.00000E+00 0.00000E+00 % lost data
6.75151E+04 4.47920E+10 5.98510E+10 6.17524E+10 % total
];

TOT_VOLUME = [ 3.45065E+04 3.45065E+04 3.45065E+04 3.45065E+04 ];

TOT_BURNUP = [ 0.00000E+00 2.94042E-01 5.23386E+00 1.07617E+01 ];

TOT_ADENS = [
0.00000E+00 1.11333E-13 1.79559E-12 3.31461E-12 % H3
0.00000E+00 3.40765E-08 3.43834E-08 3.44519E-08 % Xe135
4.31104E-03 4.30138E-03 4.14207E-03 3.97021E-03 % U235
2.06805E-02 2.06780E-02 2.06359E-02 2.05875E-02 % U238
0.00000E+00 1.10876E-13 1.88548E-09 1.73508E-08 % Pu238
0.00000E+00 1.13398E-06 3.78072E-05 7.22200E-05 % Pu239
0.00000E+00 2.74921E-09 1.50296E-06 5.50447E-06 % Pu240
0.00000E+00 1.25759E-11 1.36878E-07 1.03420E-06 % Pu241
0.00000E+00 7.75921E-15 1.65821E-09 2.65226E-08 % Pu242
0.00000E+00 1.88100E-15 3.93602E-10 6.19982E-09 % Am241
0.00000E+00 2.73911E-23 2.65530E-16 9.45608E-15 % Am244
0.00000E+00 4.31781E-27 3.81888E-20 1.36148E-18 % Am245
0.00000E+00 6.21682E-08 1.11097E-06 2.29172E-06 % lost data
7.04520E-02 7.04595E-02 7.05865E-02 7.07284E-02 % total
];

