
DET1001 = [
    1    1    1    1    1    1    1    1    1    1  4.49777E+18 0.00451 
    2    2    1    1    1    1    1    1    1    1  2.08878E+18 0.00513 
    3    3    1    1    1    1    1    1    1    1  3.53584E+17 0.01011 
];


DET1001E = [
 1.00000E-09  6.25000E-07  3.13000E-07
 6.25000E-07  1.00000E-01  5.00003E-02
 1.00000E-01  2.00000E+01  1.00500E+01
];

DET1002 = [
    1    1    1    1    1    1    1    1    1    1  7.71871E+16 0.01073 
    2    2    1    1    1    1    1    1    1    1  3.47148E+17 0.00497 
    3    3    1    1    1    1    1    1    1    1  1.98869E+17 0.00648 
];


DET1002E = [
 1.00000E-09  6.25000E-07  3.13000E-07
 6.25000E-07  1.00000E-01  5.00003E-02
 1.00000E-01  2.00000E+01  1.00500E+01
];
