
DET1001 = [
    1    1    1    1    1    1    1    1    1    1  4.43327E+18 0.00471 
    2    2    1    1    1    1    1    1    1    1  2.04925E+18 0.00529 
    3    3    1    1    1    1    1    1    1    1  3.45980E+17 0.00989 
];


DET1001E = [
 1.00000E-09  6.25000E-07  3.13000E-07
 6.25000E-07  1.00000E-01  5.00003E-02
 1.00000E-01  2.00000E+01  1.00500E+01
];

DET1002 = [
    1    1    1    1    1    1    1    1    1    1  7.66359E+16 0.01066 
    2    2    1    1    1    1    1    1    1    1  3.36261E+17 0.00518 
    3    3    1    1    1    1    1    1    1    1  1.93443E+17 0.00690 
];


DET1002E = [
 1.00000E-09  6.25000E-07  3.13000E-07
 6.25000E-07  1.00000E-01  5.00003E-02
 1.00000E-01  2.00000E+01  1.00500E+01
];
