
DET1001 = [
    1    1    1    1    1    1    1    1    1    1  5.75473E+18 0.00422 
    2    2    1    1    1    1    1    1    1    1  2.22627E+18 0.00532 
    3    3    1    1    1    1    1    1    1    1  3.69128E+17 0.00988 
];


DET1001E = [
 1.00000E-09  6.25000E-07  3.13000E-07
 6.25000E-07  1.00000E-01  5.00003E-02
 1.00000E-01  2.00000E+01  1.00500E+01
];

DET1002 = [
    1    1    1    1    1    1    1    1    1    1  1.60363E+17 0.00754 
    2    2    1    1    1    1    1    1    1    1  4.02457E+17 0.00461 
    3    3    1    1    1    1    1    1    1    1  2.16594E+17 0.00638 
];


DET1002E = [
 1.00000E-09  6.25000E-07  3.13000E-07
 6.25000E-07  1.00000E-01  5.00003E-02
 1.00000E-01  2.00000E+01  1.00500E+01
];
