
ZAI = [
10030
541350
922350
922380
942380
942390
942400
942410
942420
952410
952440
952450
666
0
];

NAMES = [
'H3              '
'Xe135           '
'U235            '
'U238            '
'Pu238           '
'Pu239           '
'Pu240           '
'Pu241           '
'Pu242           '
'Am241           '
'Am244           '
'Am245           '
'lost            '
'total           '
];

i10030  = 1; iH3               = 1;
i541350 = 2; iXe135            = 2;
i922350 = 3; iU235             = 3;
i922380 = 4; iU238             = 4;
i942380 = 5; iPu238            = 5;
i942390 = 6; iPu239            = 6;
i942400 = 7; iPu240            = 7;
i942410 = 8; iPu241            = 8;
i942420 = 9; iPu242            = 9;
i952410 = 10; iAm241            = 10;
i952440 = 11; iAm244            = 11;
i952450 = 12; iAm245            = 12;
iLOST    = 13;
iTOT     = 14;

MAT_uco_VOLUME = [ 2.05629E+04 2.05629E+04 2.05629E+04 2.05629E+04 ];

MAT_uco_BURNUP = [ 0.00000E+00 4.93425E-01 8.78295E+00 1.80592E+01 ];

MAT_uco_ADENS = [
0.00000E+00 1.01804E-13 1.55521E-12 2.71970E-12 % H3
0.00000E+00 4.48606E-08 4.48427E-08 4.43925E-08 % Xe135
4.87458E-03 4.85863E-03 4.59638E-03 4.31519E-03 % U235
2.01233E-02 2.01201E-02 2.00647E-02 2.00008E-02 % U238
0.00000E+00 1.30575E-13 3.37224E-09 3.32536E-08 % Pu238
0.00000E+00 1.48682E-06 4.73612E-05 8.57075E-05 % Pu239
0.00000E+00 5.11611E-09 2.88680E-06 1.02281E-05 % Pu240
0.00000E+00 2.56436E-11 2.93104E-07 2.11589E-06 % Pu241
0.00000E+00 2.35959E-14 5.44056E-09 8.55486E-08 % Pu242
0.00000E+00 3.77926E-15 8.39286E-10 1.25431E-08 % Am241
0.00000E+00 9.52072E-23 9.91211E-16 3.57713E-14 % Am244
0.00000E+00 2.16358E-26 2.04123E-19 7.50150E-18 % Am245
0.00000E+00 1.04269E-07 1.86473E-06 3.84778E-06 % lost data
7.04699E-02 7.04825E-02 7.06956E-02 7.09337E-02 % total
];

MAT_uco_MDENS = [
0.00000E+00 5.09776E-13 7.78763E-12 1.36187E-11 % H3
0.00000E+00 1.00498E-05 1.00457E-05 9.94489E-06 % Xe135
1.90258E+00 1.89635E+00 1.79400E+00 1.68425E+00 % U235
7.95473E+00 7.95346E+00 7.93155E+00 7.90630E+00 % U238
0.00000E+00 5.16158E-11 1.33303E-06 1.31450E-05 % Pu238
0.00000E+00 5.90212E-04 1.88006E-02 3.40226E-02 % Pu239
0.00000E+00 2.03941E-06 1.15075E-03 4.07718E-03 % Pu240
0.00000E+00 1.02645E-08 1.17323E-04 8.46941E-04 % Pu241
0.00000E+00 9.48446E-12 2.18685E-06 3.43866E-05 % Pu242
0.00000E+00 1.51280E-12 3.35958E-07 5.02087E-06 % Am241
0.00000E+00 3.85861E-20 4.01723E-13 1.44976E-11 % Am244
0.00000E+00 8.80465E-24 8.30676E-17 3.05273E-15 % Am245
0.00000E+00 0.00000E+00 0.00000E+00 0.00000E+00 % lost data
1.10000E+01 1.09999E+01 1.09987E+01 1.09974E+01 % total
];

MAT_uco_A = [
0.00000E+00 3.73215E+06 5.70145E+07 9.97049E+07 % H3
0.00000E+00 1.94324E+16 1.94246E+16 1.92296E+16 % Xe135
3.12732E+09 3.11708E+09 2.94884E+09 2.76844E+09 % U235
2.03420E+09 2.03388E+09 2.02827E+09 2.02182E+09 % U238
0.00000E+00 6.72460E+05 1.73670E+10 1.71256E+11 % Pu238
0.00000E+00 2.78528E+10 8.87221E+11 1.60557E+12 % Pu239
0.00000E+00 3.52190E+08 1.98725E+11 7.04096E+11 % Pu240
0.00000E+00 8.10499E+08 9.26394E+12 6.68754E+13 % Pu241
0.00000E+00 2.84194E+01 6.55273E+06 1.03037E+08 % Pu242
0.00000E+00 3.94573E+03 8.76254E+08 1.30956E+10 % Am241
0.00000E+00 3.73213E+01 3.88555E+08 1.40224E+10 % Am244
0.00000E+00 4.17855E-02 3.94226E+05 1.44878E+07 % Am245
0.00000E+00 0.00000E+00 0.00000E+00 0.00000E+00 % lost data
5.16152E+09 3.29624E+18 3.64116E+18 3.68818E+18 % total
];

MAT_uco_H = [
0.00000E+00 3.40237E-09 5.19766E-08 9.08948E-08 % H3
0.00000E+00 1.75186E+03 1.75116E+03 1.73358E+03 % Xe135
2.31117E-03 2.30361E-03 2.17927E-03 2.04595E-03 % U235
1.39337E-03 1.39315E-03 1.38932E-03 1.38489E-03 % U238
0.00000E+00 6.02111E-07 1.55502E-02 1.53340E-01 % Pu238
0.00000E+00 2.33892E-02 7.45039E-01 1.34827E+00 % Pu239
0.00000E+00 2.96301E-04 1.67190E-01 5.92363E-01 % Pu240
0.00000E+00 6.95395E-07 7.94830E-03 5.73779E-02 % Pu241
0.00000E+00 2.26847E-11 5.23046E-06 8.22449E-05 % Pu242
0.00000E+00 3.53766E-09 7.85634E-04 1.17412E-02 % Am241
0.00000E+00 6.62965E-12 6.90219E-05 2.49090E-03 % Am244
0.00000E+00 2.10822E-15 1.98900E-08 7.30956E-07 % Am245
0.00000E+00 0.00000E+00 0.00000E+00 0.00000E+00 % lost data
3.70455E-03 1.19649E+06 1.22242E+06 1.21436E+06 % total
];

MAT_uco_SF = [
0.00000E+00 0.00000E+00 0.00000E+00 0.00000E+00 % H3
0.00000E+00 0.00000E+00 0.00000E+00 0.00000E+00 % Xe135
2.25167E-01 2.24430E-01 2.12316E-01 1.99328E-01 % U235
1.11067E+05 1.11050E+05 1.10744E+05 1.10391E+05 % U238
0.00000E+00 1.25077E-03 3.23026E+01 3.18536E+02 % Pu238
0.00000E+00 8.63437E-02 2.75039E+00 4.97725E+00 % Pu239
0.00000E+00 2.00748E+01 1.13273E+04 4.01335E+04 % Pu240
0.00000E+00 0.00000E+00 0.00000E+00 0.00000E+00 % Pu241
0.00000E+00 1.56307E-04 3.60400E+01 5.66701E+02 % Pu242
0.00000E+00 1.69666E-08 3.76789E-03 5.63109E-02 % Am241
0.00000E+00 0.00000E+00 0.00000E+00 0.00000E+00 % Am244
0.00000E+00 0.00000E+00 0.00000E+00 0.00000E+00 % Am245
0.00000E+00 0.00000E+00 0.00000E+00 0.00000E+00 % lost data
1.11068E+05 1.11070E+05 1.23818E+05 2.04494E+05 % total
];

MAT_uco_ING_TOX = [
0.00000E+00 1.56750E-04 2.39461E-03 4.18761E-03 % H3
0.00000E+00 4.08081E+09 4.07918E+09 4.03822E+09 % Xe135
1.46984E+02 1.46503E+02 1.38595E+02 1.30117E+02 % U235
9.15390E+01 9.15244E+01 9.12723E+01 9.09817E+01 % U238
0.00000E+00 1.54666E-01 3.99441E+03 3.93889E+04 % Pu238
0.00000E+00 6.96320E+03 2.21805E+05 4.01391E+05 % Pu239
0.00000E+00 8.80475E+01 4.96813E+04 1.76024E+05 % Pu240
0.00000E+00 3.89040E+00 4.44669E+04 3.21002E+05 % Pu241
0.00000E+00 6.82065E-06 1.57266E+00 2.47288E+01 % Pu242
0.00000E+00 7.89145E-04 1.75251E+02 2.61911E+03 % Am241
0.00000E+00 1.71678E-08 1.78735E-01 6.45028E+00 % Am244
0.00000E+00 2.59070E-12 2.44420E-05 8.98242E-04 % Am245
0.00000E+00 0.00000E+00 0.00000E+00 0.00000E+00 % lost data
2.38523E+02 4.51947E+10 6.04683E+10 6.02786E+10 % total
];

MAT_uco_INH_TOX = [
0.00000E+00 9.70360E-04 1.48238E-02 2.59233E-02 % H3
0.00000E+00 2.13757E+09 2.13671E+09 2.11526E+09 % Xe135
2.65822E+04 2.64952E+04 2.50651E+04 2.35317E+04 % U235
1.62736E+04 1.62710E+04 1.62262E+04 1.61745E+04 % U238
0.00000E+00 7.39706E+01 1.91037E+06 1.88381E+07 % Pu238
0.00000E+00 3.34234E+06 1.06467E+08 1.92668E+08 % Pu239
0.00000E+00 4.22628E+04 2.38470E+07 8.44915E+07 % Pu240
0.00000E+00 1.86415E+03 2.13071E+07 1.53813E+08 % Pu241
0.00000E+00 3.12613E-03 7.20800E+02 1.13340E+04 % Pu242
0.00000E+00 3.78790E-01 8.41204E+04 1.25717E+06 % Am241
0.00000E+00 1.38089E-07 1.43765E+00 5.18827E+01 % Am244
0.00000E+00 2.33999E-12 2.20767E-05 8.11316E-04 % Am245
0.00000E+00 0.00000E+00 0.00000E+00 0.00000E+00 % lost data
4.28558E+04 4.40806E+10 5.87872E+10 6.05034E+10 % total
];

TOT_VOLUME = [ 2.05629E+04 2.05629E+04 2.05629E+04 2.05629E+04 ];

TOT_BURNUP = [ 0.00000E+00 4.93425E-01 8.78295E+00 1.80592E+01 ];

TOT_ADENS = [
0.00000E+00 1.01804E-13 1.55521E-12 2.71970E-12 % H3
0.00000E+00 4.48606E-08 4.48427E-08 4.43925E-08 % Xe135
4.87458E-03 4.85863E-03 4.59638E-03 4.31519E-03 % U235
2.01233E-02 2.01201E-02 2.00647E-02 2.00008E-02 % U238
0.00000E+00 1.30575E-13 3.37224E-09 3.32536E-08 % Pu238
0.00000E+00 1.48682E-06 4.73612E-05 8.57075E-05 % Pu239
0.00000E+00 5.11611E-09 2.88680E-06 1.02281E-05 % Pu240
0.00000E+00 2.56436E-11 2.93104E-07 2.11589E-06 % Pu241
0.00000E+00 2.35959E-14 5.44056E-09 8.55486E-08 % Pu242
0.00000E+00 3.77926E-15 8.39286E-10 1.25431E-08 % Am241
0.00000E+00 9.52072E-23 9.91211E-16 3.57713E-14 % Am244
0.00000E+00 2.16358E-26 2.04123E-19 7.50150E-18 % Am245
0.00000E+00 1.04269E-07 1.86473E-06 3.84778E-06 % lost data
7.04699E-02 7.04825E-02 7.06956E-02 7.09337E-02 % total
];

