
DET1001 = [
    1    1    1    1    1    1    1    1    1    1  5.38703E+18 0.00426 
    2    2    1    1    1    1    1    1    1    1  2.06893E+18 0.00500 
    3    3    1    1    1    1    1    1    1    1  3.46302E+17 0.00976 
];


DET1001E = [
 1.00000E-09  6.25000E-07  3.13000E-07
 6.25000E-07  1.00000E-01  5.00003E-02
 1.00000E-01  2.00000E+01  1.00500E+01
];

DET1002 = [
    1    1    1    1    1    1    1    1    1    1  1.57846E+17 0.00749 
    2    2    1    1    1    1    1    1    1    1  3.65093E+17 0.00501 
    3    3    1    1    1    1    1    1    1    1  1.96560E+17 0.00607 
];


DET1002E = [
 1.00000E-09  6.25000E-07  3.13000E-07
 6.25000E-07  1.00000E-01  5.00003E-02
 1.00000E-01  2.00000E+01  1.00500E+01
];
