
DET1001 = [
    1    1    1    1    1    1    1    1    1    1  5.48865E+18 0.00415 
    2    2    1    1    1    1    1    1    1    1  2.13084E+18 0.00524 
    3    3    1    1    1    1    1    1    1    1  3.45299E+17 0.01004 
];


DET1001E = [
 1.00000E-09  6.25000E-07  3.13000E-07
 6.25000E-07  1.00000E-01  5.00003E-02
 1.00000E-01  2.00000E+01  1.00500E+01
];

DET1002 = [
    1    1    1    1    1    1    1    1    1    1  1.57770E+17 0.00731 
    2    2    1    1    1    1    1    1    1    1  3.75757E+17 0.00496 
    3    3    1    1    1    1    1    1    1    1  2.00289E+17 0.00634 
];


DET1002E = [
 1.00000E-09  6.25000E-07  3.13000E-07
 6.25000E-07  1.00000E-01  5.00003E-02
 1.00000E-01  2.00000E+01  1.00500E+01
];
