
DET1001 = [
    1    1    1    1    1    1    1    1    1    1  5.54751E+18 0.00456 
    2    2    1    1    1    1    1    1    1    1  2.17061E+18 0.00542 
    3    3    1    1    1    1    1    1    1    1  3.62824E+17 0.00995 
];


DET1001E = [
 1.00000E-09  6.25000E-07  3.13000E-07
 6.25000E-07  1.00000E-01  5.00003E-02
 1.00000E-01  2.00000E+01  1.00500E+01
];

DET1002 = [
    1    1    1    1    1    1    1    1    1    1  1.58048E+17 0.00758 
    2    2    1    1    1    1    1    1    1    1  3.88741E+17 0.00500 
    3    3    1    1    1    1    1    1    1    1  2.08365E+17 0.00638 
];


DET1002E = [
 1.00000E-09  6.25000E-07  3.13000E-07
 6.25000E-07  1.00000E-01  5.00003E-02
 1.00000E-01  2.00000E+01  1.00500E+01
];
