
DET1001 = [
    1    1    1    1    1    1    1    1    1    1  5.52858E+18 0.00428 
    2    2    1    1    1    1    1    1    1    1  1.90170E+18 0.00578 
    3    3    1    1    1    1    1    1    1    1  1.73322E+17 0.01202 
];


DET1001E = [
 1.00000E-09  6.25000E-07  3.13000E-07
 6.25000E-07  1.00000E-01  5.00003E-02
 1.00000E-01  2.00000E+01  1.00500E+01
];

DET1002 = [
    1    1    1    1    1    1    1    1    1    1  2.35132E+17 0.00668 
    2    2    1    1    1    1    1    1    1    1  4.42382E+17 0.00453 
    3    3    1    1    1    1    1    1    1    1  1.97120E+17 0.00632 
];


DET1002E = [
 1.00000E-09  6.25000E-07  3.13000E-07
 6.25000E-07  1.00000E-01  5.00003E-02
 1.00000E-01  2.00000E+01  1.00500E+01
];
