
DET1001 = [
    1    1    1    1    1    1    1    1    1    1  5.23265E+18 0.00455 
    2    2    1    1    1    1    1    1    1    1  1.80241E+18 0.00608 
    3    3    1    1    1    1    1    1    1    1  1.60779E+17 0.01172 
];


DET1001E = [
 1.00000E-09  6.25000E-07  3.13000E-07
 6.25000E-07  1.00000E-01  5.00003E-02
 1.00000E-01  2.00000E+01  1.00500E+01
];

DET1002 = [
    1    1    1    1    1    1    1    1    1    1  2.28803E+17 0.00617 
    2    2    1    1    1    1    1    1    1    1  4.21366E+17 0.00479 
    3    3    1    1    1    1    1    1    1    1  1.85068E+17 0.00600 
];


DET1002E = [
 1.00000E-09  6.25000E-07  3.13000E-07
 6.25000E-07  1.00000E-01  5.00003E-02
 1.00000E-01  2.00000E+01  1.00500E+01
];
