
ZAI = [
10030
541350
922350
922380
942380
942390
942400
942410
942420
952410
952440
952450
666
0
];

NAMES = [
'H3              '
'Xe135           '
'U235            '
'U238            '
'Pu238           '
'Pu239           '
'Pu240           '
'Pu241           '
'Pu242           '
'Am241           '
'Am244           '
'Am245           '
'lost            '
'total           '
];

i10030  = 1; iH3               = 1;
i541350 = 2; iXe135            = 2;
i922350 = 3; iU235             = 3;
i922380 = 4; iU238             = 4;
i942380 = 5; iPu238            = 5;
i942390 = 6; iPu239            = 6;
i942400 = 7; iPu240            = 7;
i942410 = 8; iPu241            = 8;
i942420 = 9; iPu242            = 9;
i952410 = 10; iAm241            = 10;
i952440 = 11; iAm244            = 11;
i952450 = 12; iAm245            = 12;
iLOST    = 13;
iTOT     = 14;

MAT_uco_VOLUME = [ 1.77016E+04 1.77016E+04 1.77016E+04 1.77016E+04 ];

MAT_uco_BURNUP = [ 0.00000E+00 5.73173E-01 1.02023E+01 2.09780E+01 ];

MAT_uco_ADENS = [
0.00000E+00 8.73351E-14 1.31095E-12 2.23520E-12 % H3
0.00000E+00 4.67420E-08 4.63904E-08 4.55759E-08 % Xe135
4.87458E-03 4.85617E-03 4.55387E-03 4.22998E-03 % U235
2.01233E-02 2.01200E-02 2.00620E-02 1.99950E-02 % U238
0.00000E+00 1.18956E-13 3.58240E-09 3.59528E-08 % Pu238
0.00000E+00 1.55421E-06 4.85376E-05 8.58074E-05 % Pu239
0.00000E+00 5.95419E-09 3.42612E-06 1.20851E-05 % Pu240
0.00000E+00 2.88070E-11 3.37229E-07 2.40528E-06 % Pu241
0.00000E+00 2.93286E-14 7.02414E-09 1.10423E-07 % Pu242
0.00000E+00 4.22264E-15 9.64231E-10 1.41999E-08 % Am241
0.00000E+00 1.02107E-22 1.15235E-15 4.16038E-14 % Am244
0.00000E+00 2.49254E-26 2.55890E-19 9.44394E-18 % Am245
0.00000E+00 1.21089E-07 2.16566E-06 4.46859E-06 % lost data
7.04699E-02 7.04846E-02 7.07321E-02 7.10086E-02 % total
];

MAT_uco_MDENS = [
0.00000E+00 4.37325E-13 6.56449E-12 1.11926E-11 % H3
0.00000E+00 1.04712E-05 1.03925E-05 1.02100E-05 % Xe135
1.90258E+00 1.89539E+00 1.77740E+00 1.65099E+00 % U235
7.95473E+00 7.95340E+00 7.93048E+00 7.90399E+00 % U238
0.00000E+00 4.70231E-11 1.41611E-06 1.42120E-05 % Pu238
0.00000E+00 6.16961E-04 1.92676E-02 3.40623E-02 % Pu239
0.00000E+00 2.37349E-06 1.36574E-03 4.81742E-03 % Pu240
0.00000E+00 1.15308E-08 1.34985E-04 9.62779E-04 % Pu241
0.00000E+00 1.17887E-11 2.82338E-06 4.43849E-05 % Pu242
0.00000E+00 1.69028E-12 3.85973E-07 5.68409E-06 % Am241
0.00000E+00 4.13826E-20 4.67031E-13 1.68614E-11 % Am244
0.00000E+00 1.01434E-23 1.04134E-16 3.84320E-15 % Am245
0.00000E+00 0.00000E+00 0.00000E+00 0.00000E+00 % lost data
1.10000E+01 1.09999E+01 1.09985E+01 1.09969E+01 % total
];

MAT_uco_A = [
0.00000E+00 2.75621E+06 4.13723E+07 7.05409E+07 % H3
0.00000E+00 1.74300E+16 1.72989E+16 1.69951E+16 % Xe135
2.69216E+09 2.68199E+09 2.51503E+09 2.33615E+09 % U235
1.75114E+09 1.75085E+09 1.74581E+09 1.73997E+09 % U238
0.00000E+00 5.27379E+05 1.58821E+10 1.59392E+11 % Pu238
0.00000E+00 2.50638E+10 7.82737E+11 1.38376E+12 % Pu239
0.00000E+00 3.52848E+08 2.03034E+11 7.16167E+11 % Pu240
0.00000E+00 7.83792E+08 9.17546E+12 6.54437E+13 % Pu241
0.00000E+00 3.04087E+01 7.28282E+06 1.14490E+08 % Pu242
0.00000E+00 3.79518E+03 8.66622E+08 1.27625E+10 % Am241
0.00000E+00 3.44565E+01 3.88865E+08 1.40394E+10 % Am244
0.00000E+00 4.14405E-02 4.25438E+05 1.57013E+07 % Am245
0.00000E+00 0.00000E+00 0.00000E+00 0.00000E+00 % lost data
4.44330E+09 3.26657E+18 3.59699E+18 3.63952E+18 % total
];

MAT_uco_H = [
0.00000E+00 2.51267E-09 3.77166E-08 6.43078E-08 % H3
0.00000E+00 1.57134E+03 1.55952E+03 1.53214E+03 % Xe135
1.98957E-03 1.98206E-03 1.85867E-03 1.72648E-03 % U235
1.19949E-03 1.19929E-03 1.19583E-03 1.19184E-03 % U238
0.00000E+00 4.72208E-07 1.42207E-02 1.42718E-01 % Pu238
0.00000E+00 2.10472E-02 6.57299E-01 1.16201E+00 % Pu239
0.00000E+00 2.96855E-04 1.70814E-01 6.02519E-01 % Pu240
0.00000E+00 6.72480E-07 7.87239E-03 5.61496E-02 % Pu241
0.00000E+00 2.42726E-11 5.81323E-06 9.13869E-05 % Pu242
0.00000E+00 3.40269E-09 7.76997E-04 1.14426E-02 % Am241
0.00000E+00 6.12076E-12 6.90770E-05 2.49392E-03 % Am244
0.00000E+00 2.09081E-15 2.14647E-08 7.92182E-07 % Am245
0.00000E+00 0.00000E+00 0.00000E+00 0.00000E+00 % lost data
3.18906E-03 1.19388E+06 1.21540E+06 1.20580E+06 % total
];

MAT_uco_SF = [
0.00000E+00 0.00000E+00 0.00000E+00 0.00000E+00 % H3
0.00000E+00 0.00000E+00 0.00000E+00 0.00000E+00 % Xe135
1.93835E-01 1.93103E-01 1.81082E-01 1.68203E-01 % U235
9.56125E+04 9.55965E+04 9.53211E+04 9.50026E+04 % U238
0.00000E+00 9.80925E-04 2.95408E+01 2.96470E+02 % Pu238
0.00000E+00 7.76977E-02 2.42649E+00 4.28967E+00 % Pu239
0.00000E+00 2.01123E+01 1.15729E+04 4.08215E+04 % Pu240
0.00000E+00 0.00000E+00 0.00000E+00 0.00000E+00 % Pu241
0.00000E+00 1.67248E-04 4.00555E+01 6.29693E+02 % Pu242
0.00000E+00 1.63193E-08 3.72647E-03 5.48785E-02 % Am241
0.00000E+00 0.00000E+00 0.00000E+00 0.00000E+00 % Am244
0.00000E+00 0.00000E+00 0.00000E+00 0.00000E+00 % Am245
0.00000E+00 0.00000E+00 0.00000E+00 0.00000E+00 % lost data
9.56127E+04 9.56170E+04 1.08755E+05 1.93228E+05 % total
];

MAT_uco_ING_TOX = [
0.00000E+00 1.15761E-04 1.73764E-03 2.96272E-03 % H3
0.00000E+00 3.66030E+09 3.63276E+09 3.56898E+09 % Xe135
1.26531E+02 1.26053E+02 1.18206E+02 1.09799E+02 % U235
7.88015E+01 7.87884E+01 7.85613E+01 7.82989E+01 % U238
0.00000E+00 1.21297E-01 3.65289E+03 3.66603E+04 % Pu238
0.00000E+00 6.26594E+03 1.95684E+05 3.45941E+05 % Pu239
0.00000E+00 8.82120E+01 5.07584E+04 1.79042E+05 % Pu240
0.00000E+00 3.76220E+00 4.40422E+04 3.14130E+05 % Pu241
0.00000E+00 7.29809E-06 1.74788E+00 2.74775E+01 % Pu242
0.00000E+00 7.59036E-04 1.73324E+02 2.55249E+03 % Am241
0.00000E+00 1.58500E-08 1.78878E-01 6.45811E+00 % Am244
0.00000E+00 2.56931E-12 2.63771E-05 9.73480E-04 % Am245
0.00000E+00 0.00000E+00 0.00000E+00 0.00000E+00 % lost data
2.05333E+02 4.47426E+10 5.98087E+10 5.95231E+10 % total
];

MAT_uco_INH_TOX = [
0.00000E+00 7.16615E-04 1.07568E-02 1.83406E-02 % H3
0.00000E+00 1.91730E+09 1.90288E+09 1.86947E+09 % Xe135
2.28833E+04 2.27969E+04 2.13777E+04 1.98573E+04 % U235
1.40092E+04 1.40068E+04 1.39665E+04 1.39198E+04 % U238
0.00000E+00 5.80117E+01 1.74703E+06 1.75332E+07 % Pu238
0.00000E+00 3.00765E+06 9.39285E+07 1.66052E+08 % Pu239
0.00000E+00 4.23418E+04 2.43640E+07 8.59400E+07 % Pu240
0.00000E+00 1.80272E+03 2.11035E+07 1.50520E+08 % Pu241
0.00000E+00 3.34496E-03 8.01111E+02 1.25939E+04 % Pu242
0.00000E+00 3.64338E-01 8.31957E+04 1.22520E+06 % Am241
0.00000E+00 1.27489E-07 1.43880E+00 5.19457E+01 % Am244
0.00000E+00 2.32067E-12 2.38245E-05 8.79272E-04 % Am245
0.00000E+00 0.00000E+00 0.00000E+00 0.00000E+00 % lost data
3.68925E+04 4.38139E+10 5.83208E+10 5.99353E+10 % total
];

TOT_VOLUME = [ 1.77016E+04 1.77016E+04 1.77016E+04 1.77016E+04 ];

TOT_BURNUP = [ 0.00000E+00 5.73173E-01 1.02023E+01 2.09780E+01 ];

TOT_ADENS = [
0.00000E+00 8.73351E-14 1.31095E-12 2.23520E-12 % H3
0.00000E+00 4.67420E-08 4.63904E-08 4.55759E-08 % Xe135
4.87458E-03 4.85617E-03 4.55387E-03 4.22998E-03 % U235
2.01233E-02 2.01200E-02 2.00620E-02 1.99950E-02 % U238
0.00000E+00 1.18956E-13 3.58240E-09 3.59528E-08 % Pu238
0.00000E+00 1.55421E-06 4.85376E-05 8.58074E-05 % Pu239
0.00000E+00 5.95419E-09 3.42612E-06 1.20851E-05 % Pu240
0.00000E+00 2.88070E-11 3.37229E-07 2.40528E-06 % Pu241
0.00000E+00 2.93286E-14 7.02414E-09 1.10423E-07 % Pu242
0.00000E+00 4.22264E-15 9.64231E-10 1.41999E-08 % Am241
0.00000E+00 1.02107E-22 1.15235E-15 4.16038E-14 % Am244
0.00000E+00 2.49254E-26 2.55890E-19 9.44394E-18 % Am245
0.00000E+00 1.21089E-07 2.16566E-06 4.46859E-06 % lost data
7.04699E-02 7.04846E-02 7.07321E-02 7.10086E-02 % total
];

