
DET1001 = [
    1    1    1    1    1    1    1    1    1    1  5.33464E+18 0.00456 
    2    2    1    1    1    1    1    1    1    1  1.85125E+18 0.00588 
    3    3    1    1    1    1    1    1    1    1  1.66329E+17 0.01202 
];


DET1001E = [
 1.00000E-09  6.25000E-07  3.13000E-07
 6.25000E-07  1.00000E-01  5.00003E-02
 1.00000E-01  2.00000E+01  1.00500E+01
];

DET1002 = [
    1    1    1    1    1    1    1    1    1    1  2.29610E+17 0.00615 
    2    2    1    1    1    1    1    1    1    1  4.27260E+17 0.00473 
    3    3    1    1    1    1    1    1    1    1  1.88442E+17 0.00618 
];


DET1002E = [
 1.00000E-09  6.25000E-07  3.13000E-07
 6.25000E-07  1.00000E-01  5.00003E-02
 1.00000E-01  2.00000E+01  1.00500E+01
];
