
DET1001 = [
    1    1    1    1    1    1    1    1    1    1  5.28266E+18 0.00451 
    2    2    1    1    1    1    1    1    1    1  2.36334E+18 0.00488 
    3    3    1    1    1    1    1    1    1    1  4.01242E+17 0.00991 
];


DET1001E = [
 1.00000E-09  6.25000E-07  3.13000E-07
 6.25000E-07  1.00000E-01  5.00003E-02
 1.00000E-01  2.00000E+01  1.00500E+01
];

DET1002 = [
    1    1    1    1    1    1    1    1    1    1  1.11375E+17 0.00902 
    2    2    1    1    1    1    1    1    1    1  3.85454E+17 0.00533 
    3    3    1    1    1    1    1    1    1    1  2.10710E+17 0.00596 
];


DET1002E = [
 1.00000E-09  6.25000E-07  3.13000E-07
 6.25000E-07  1.00000E-01  5.00003E-02
 1.00000E-01  2.00000E+01  1.00500E+01
];
