
DET1001 = [
    1    1    1    1    1    1    1    1    1    1  5.23294E+18 0.00456 
    2    2    1    1    1    1    1    1    1    1  2.30822E+18 0.00487 
    3    3    1    1    1    1    1    1    1    1  3.87498E+17 0.00939 
];


DET1001E = [
 1.00000E-09  6.25000E-07  3.13000E-07
 6.25000E-07  1.00000E-01  5.00003E-02
 1.00000E-01  2.00000E+01  1.00500E+01
];

DET1002 = [
    1    1    1    1    1    1    1    1    1    1  1.13234E+17 0.00932 
    2    2    1    1    1    1    1    1    1    1  3.75470E+17 0.00527 
    3    3    1    1    1    1    1    1    1    1  2.05924E+17 0.00630 
];


DET1002E = [
 1.00000E-09  6.25000E-07  3.13000E-07
 6.25000E-07  1.00000E-01  5.00003E-02
 1.00000E-01  2.00000E+01  1.00500E+01
];
