
DET1001 = [
    1    1    1    1    1    1    1    1    1    1  5.38650E+18 0.00435 
    2    2    1    1    1    1    1    1    1    1  2.39240E+18 0.00507 
    3    3    1    1    1    1    1    1    1    1  4.00825E+17 0.00934 
];


DET1001E = [
 1.00000E-09  6.25000E-07  3.13000E-07
 6.25000E-07  1.00000E-01  5.00003E-02
 1.00000E-01  2.00000E+01  1.00500E+01
];

DET1002 = [
    1    1    1    1    1    1    1    1    1    1  1.10932E+17 0.00907 
    2    2    1    1    1    1    1    1    1    1  3.95568E+17 0.00506 
    3    3    1    1    1    1    1    1    1    1  2.16889E+17 0.00645 
];


DET1002E = [
 1.00000E-09  6.25000E-07  3.13000E-07
 6.25000E-07  1.00000E-01  5.00003E-02
 1.00000E-01  2.00000E+01  1.00500E+01
];
