
ZAI = [
10030
541350
922350
922380
942380
942390
942400
942410
942420
952410
952440
952450
666
0
];

NAMES = [
'H3              '
'Xe135           '
'U235            '
'U238            '
'Pu238           '
'Pu239           '
'Pu240           '
'Pu241           '
'Pu242           '
'Am241           '
'Am244           '
'Am245           '
'lost            '
'total           '
];

i10030  = 1; iH3               = 1;
i541350 = 2; iXe135            = 2;
i922350 = 3; iU235             = 3;
i922380 = 4; iU238             = 4;
i942380 = 5; iPu238            = 5;
i942390 = 6; iPu239            = 6;
i942400 = 7; iPu240            = 7;
i942410 = 8; iPu241            = 8;
i942420 = 9; iPu242            = 9;
i952410 = 10; iAm241            = 10;
i952440 = 11; iAm244            = 11;
i952450 = 12; iAm245            = 12;
iLOST    = 13;
iTOT     = 14;

MAT_uco_VOLUME = [ 4.06429E+04 4.06429E+04 4.06429E+04 4.06429E+04 ];

MAT_uco_BURNUP = [ 0.00000E+00 2.49632E-01 4.44345E+00 9.13651E+00 ];

MAT_uco_ADENS = [
0.00000E+00 8.34480E-14 1.35093E-12 2.52552E-12 % H3
0.00000E+00 2.83619E-08 2.86824E-08 2.87813E-08 % Xe135
3.74777E-03 3.73963E-03 3.60565E-03 3.46151E-03 % U235
2.12374E-02 2.12351E-02 2.11967E-02 2.11527E-02 % U238
0.00000E+00 7.28159E-14 1.18633E-09 1.08590E-08 % Pu238
0.00000E+00 1.03470E-06 3.46368E-05 6.60988E-05 % Pu239
0.00000E+00 2.39882E-09 1.37256E-06 5.09092E-06 % Pu240
0.00000E+00 9.43207E-12 1.08722E-07 8.25129E-07 % Pu241
0.00000E+00 5.71088E-15 1.30275E-09 2.08735E-08 % Pu242
0.00000E+00 1.40115E-15 3.12130E-10 4.94817E-09 % Am241
0.00000E+00 1.49027E-23 1.50397E-16 5.38184E-15 % Am244
0.00000E+00 2.27645E-27 2.09357E-20 7.43124E-19 % Am245
0.00000E+00 5.27607E-08 9.43167E-07 1.94593E-06 % lost data
7.04339E-02 7.04404E-02 7.05482E-02 7.06687E-02 % total
];

MAT_uco_MDENS = [
0.00000E+00 4.17861E-13 6.76469E-12 1.26464E-11 % H3
0.00000E+00 6.35368E-06 6.42548E-06 6.44763E-06 % Xe135
1.46278E+00 1.45960E+00 1.40731E+00 1.35105E+00 % U235
8.39511E+00 8.39423E+00 8.37903E+00 8.36166E+00 % U238
0.00000E+00 2.87839E-11 4.68954E-07 4.29254E-06 % Pu238
0.00000E+00 4.10738E-04 1.37495E-02 2.62387E-02 % Pu239
0.00000E+00 9.56232E-07 5.47136E-04 2.02937E-03 % Pu240
0.00000E+00 3.77544E-09 4.35191E-05 3.30280E-04 % Pu241
0.00000E+00 2.29551E-12 5.23645E-07 8.39017E-06 % Pu242
0.00000E+00 5.60866E-13 1.24943E-07 1.98071E-06 % Am241
0.00000E+00 6.03985E-21 6.09539E-14 2.18118E-12 % Am244
0.00000E+00 9.26401E-25 8.51976E-18 3.02414E-16 % Am245
0.00000E+00 0.00000E+00 0.00000E+00 0.00000E+00 % lost data
1.10000E+01 1.10000E+01 1.09994E+01 1.09987E+01 % total
];

MAT_uco_A = [
0.00000E+00 6.04660E+06 9.78875E+07 1.82998E+08 % H3
0.00000E+00 2.42827E+16 2.45571E+16 2.46417E+16 % Xe135
4.75233E+09 4.74202E+09 4.57213E+09 4.38935E+09 % U235
4.24321E+09 4.24276E+09 4.23508E+09 4.22630E+09 % U238
0.00000E+00 7.41196E+05 1.20757E+10 1.10534E+11 % Pu238
0.00000E+00 3.83112E+10 1.28247E+12 2.44739E+12 % Pu239
0.00000E+00 3.26388E+08 1.86753E+11 6.92681E+11 % Pu240
0.00000E+00 5.89225E+08 6.79193E+12 5.15461E+13 % Pu241
0.00000E+00 1.35951E+01 3.10127E+06 4.96905E+07 % Pu242
0.00000E+00 2.89137E+03 6.44103E+08 1.02109E+10 % Am241
0.00000E+00 1.15465E+01 1.16527E+08 4.16981E+09 % Am244
0.00000E+00 8.68985E-03 7.99173E+04 2.83671E+06 % Am245
0.00000E+00 0.00000E+00 0.00000E+00 0.00000E+00 % lost data
8.99554E+09 3.40297E+18 3.78803E+18 3.84324E+18 % total
];

MAT_uco_H = [
0.00000E+00 5.51231E-09 8.92380E-08 1.66828E-07 % H3
0.00000E+00 2.18912E+03 2.21386E+03 2.22149E+03 % Xe135
3.51210E-03 3.50447E-03 3.37892E-03 3.24385E-03 % U235
2.90649E-03 2.90618E-03 2.90092E-03 2.89491E-03 % U238
0.00000E+00 6.63657E-07 1.08124E-02 9.89710E-02 % Pu238
0.00000E+00 3.21716E-02 1.07695E+00 2.05518E+00 % Pu239
0.00000E+00 2.74594E-04 1.57117E-01 5.82760E-01 % Pu240
0.00000E+00 5.05545E-07 5.82736E-03 4.42257E-02 % Pu241
0.00000E+00 1.08517E-11 2.47546E-06 3.96635E-05 % Pu242
0.00000E+00 2.59235E-09 5.77491E-04 9.15491E-03 % Am241
0.00000E+00 2.05110E-12 2.06995E-05 7.40715E-04 % Am244
0.00000E+00 4.38432E-16 4.03209E-09 1.43121E-07 % Am245
0.00000E+00 0.00000E+00 0.00000E+00 0.00000E+00 % lost data
6.41859E-03 1.20520E+06 1.24227E+06 1.23756E+06 % total
];

MAT_uco_SF = [
0.00000E+00 0.00000E+00 0.00000E+00 0.00000E+00 % H3
0.00000E+00 0.00000E+00 0.00000E+00 0.00000E+00 % Xe135
3.42168E-01 3.41425E-01 3.29193E-01 3.16033E-01 % U235
2.31679E+05 2.31655E+05 2.31236E+05 2.30756E+05 % U238
0.00000E+00 1.37862E-03 2.24608E+01 2.05594E+02 % Pu238
0.00000E+00 1.18765E-01 3.97565E+00 7.58690E+00 % Pu239
0.00000E+00 1.86041E+01 1.06449E+04 3.94828E+04 % Pu240
0.00000E+00 0.00000E+00 0.00000E+00 0.00000E+00 % Pu241
0.00000E+00 7.47728E-05 1.70570E+01 2.73298E+02 % Pu242
0.00000E+00 1.24329E-08 2.76964E-03 4.39069E-02 % Am241
0.00000E+00 0.00000E+00 0.00000E+00 0.00000E+00 % Am244
0.00000E+00 0.00000E+00 0.00000E+00 0.00000E+00 % Am245
0.00000E+00 0.00000E+00 0.00000E+00 0.00000E+00 % lost data
2.31680E+05 2.31674E+05 2.42750E+05 2.97555E+05 % total
];

MAT_uco_ING_TOX = [
0.00000E+00 2.53957E-04 4.11128E-03 7.68593E-03 % H3
0.00000E+00 5.09936E+09 5.15698E+09 5.17476E+09 % Xe135
2.23360E+02 2.22875E+02 2.14890E+02 2.06299E+02 % U235
1.90944E+02 1.90924E+02 1.90579E+02 1.90184E+02 % U238
0.00000E+00 1.70475E-01 2.77742E+03 2.54229E+04 % Pu238
0.00000E+00 9.57779E+03 3.20617E+05 6.11847E+05 % Pu239
0.00000E+00 8.15971E+01 4.66882E+04 1.73170E+05 % Pu240
0.00000E+00 2.82828E+00 3.26012E+04 2.47421E+05 % Pu241
0.00000E+00 3.26281E-06 7.44304E-01 1.19257E+01 % Pu242
0.00000E+00 5.78274E-04 1.28821E+02 2.04218E+03 % Am241
0.00000E+00 5.31140E-09 5.36024E-02 1.91811E+00 % Am244
0.00000E+00 5.38771E-13 4.95487E-06 1.75876E-04 % Am245
0.00000E+00 0.00000E+00 0.00000E+00 0.00000E+00 % lost data
4.14304E+02 4.62909E+10 6.20592E+10 6.20829E+10 % total
];

MAT_uco_INH_TOX = [
0.00000E+00 1.57212E-03 2.54508E-02 4.75795E-02 % H3
0.00000E+00 2.67109E+09 2.70128E+09 2.71059E+09 % Xe135
4.03948E+04 4.03071E+04 3.88631E+04 3.73095E+04 % U235
3.39457E+04 3.39421E+04 3.38807E+04 3.38104E+04 % U238
0.00000E+00 8.15315E+01 1.32833E+06 1.21588E+07 % Pu238
0.00000E+00 4.59734E+06 1.53896E+08 2.93687E+08 % Pu239
0.00000E+00 3.91666E+04 2.24103E+07 8.31217E+07 % Pu240
0.00000E+00 1.35522E+03 1.56214E+07 1.18556E+08 % Pu241
0.00000E+00 1.49546E-03 3.41139E+02 5.46595E+03 % Pu242
0.00000E+00 2.77572E-01 6.18339E+04 9.80247E+05 % Am241
0.00000E+00 4.27222E-08 4.31150E-01 1.54283E+01 % Am244
0.00000E+00 4.86632E-13 4.47537E-06 1.58856E-04 % Am245
0.00000E+00 0.00000E+00 0.00000E+00 0.00000E+00 % lost data
7.43405E+04 4.47256E+10 5.99164E+10 6.18279E+10 % total
];

TOT_VOLUME = [ 4.06429E+04 4.06429E+04 4.06429E+04 4.06429E+04 ];

TOT_BURNUP = [ 0.00000E+00 2.49632E-01 4.44345E+00 9.13651E+00 ];

TOT_ADENS = [
0.00000E+00 8.34480E-14 1.35093E-12 2.52552E-12 % H3
0.00000E+00 2.83619E-08 2.86824E-08 2.87813E-08 % Xe135
3.74777E-03 3.73963E-03 3.60565E-03 3.46151E-03 % U235
2.12374E-02 2.12351E-02 2.11967E-02 2.11527E-02 % U238
0.00000E+00 7.28159E-14 1.18633E-09 1.08590E-08 % Pu238
0.00000E+00 1.03470E-06 3.46368E-05 6.60988E-05 % Pu239
0.00000E+00 2.39882E-09 1.37256E-06 5.09092E-06 % Pu240
0.00000E+00 9.43207E-12 1.08722E-07 8.25129E-07 % Pu241
0.00000E+00 5.71088E-15 1.30275E-09 2.08735E-08 % Pu242
0.00000E+00 1.40115E-15 3.12130E-10 4.94817E-09 % Am241
0.00000E+00 1.49027E-23 1.50397E-16 5.38184E-15 % Am244
0.00000E+00 2.27645E-27 2.09357E-20 7.43124E-19 % Am245
0.00000E+00 5.27607E-08 9.43167E-07 1.94593E-06 % lost data
7.04339E-02 7.04404E-02 7.05482E-02 7.06687E-02 % total
];

