
ZAI = [
10030
541350
922350
922380
942380
942390
942400
942410
942420
952410
952440
952450
666
0
];

NAMES = [
'H3              '
'Xe135           '
'U235            '
'U238            '
'Pu238           '
'Pu239           '
'Pu240           '
'Pu241           '
'Pu242           '
'Am241           '
'Am244           '
'Am245           '
'lost            '
'total           '
];

i10030  = 1; iH3               = 1;
i541350 = 2; iXe135            = 2;
i922350 = 3; iU235             = 3;
i922380 = 4; iU238             = 4;
i942380 = 5; iPu238            = 5;
i942390 = 6; iPu239            = 6;
i942400 = 7; iPu240            = 7;
i942410 = 8; iPu241            = 8;
i942420 = 9; iPu242            = 9;
i952410 = 10; iAm241            = 10;
i952440 = 11; iAm244            = 11;
i952450 = 12; iAm245            = 12;
iLOST    = 13;
iTOT     = 14;

MAT_uco_VOLUME = [ 2.32244E+04 2.32244E+04 2.32244E+04 2.32244E+04 ];

MAT_uco_BURNUP = [ 0.00000E+00 4.36856E-01 7.77609E+00 1.59891E+01 ];

MAT_uco_ADENS = [
0.00000E+00 8.38302E-14 1.29284E-12 2.25970E-12 % H3
0.00000E+00 3.91901E-08 3.92101E-08 3.88439E-08 % Xe135
4.31104E-03 4.29696E-03 4.06578E-03 3.81810E-03 % U235
2.06805E-02 2.06775E-02 2.06270E-02 2.05688E-02 % U238
0.00000E+00 9.89754E-14 2.51098E-09 2.42847E-08 % Pu238
0.00000E+00 1.36003E-06 4.33664E-05 7.85494E-05 % Pu239
0.00000E+00 4.53795E-09 2.62224E-06 9.38833E-06 % Pu240
0.00000E+00 2.04833E-11 2.39004E-07 1.76344E-06 % Pu241
0.00000E+00 1.79321E-14 4.24223E-09 6.79158E-08 % Pu242
0.00000E+00 3.01183E-15 6.84210E-10 1.04480E-08 % Am241
0.00000E+00 5.64185E-23 6.09723E-16 2.20837E-14 % Am244
0.00000E+00 1.19365E-26 1.16956E-19 4.29129E-18 % Am245
0.00000E+00 9.22981E-08 1.65084E-06 3.40666E-06 % lost data
7.04520E-02 7.04632E-02 7.06519E-02 7.08627E-02 % total
];

MAT_uco_MDENS = [
0.00000E+00 4.19774E-13 6.47382E-12 1.13153E-11 % H3
0.00000E+00 8.77944E-06 8.78392E-06 8.70188E-06 % Xe135
1.68262E+00 1.67713E+00 1.58690E+00 1.49023E+00 % U235
8.17497E+00 8.17381E+00 8.15383E+00 8.13084E+00 % U238
0.00000E+00 3.91247E-11 9.92583E-07 9.59966E-06 % Pu238
0.00000E+00 5.39880E-04 1.72148E-02 3.11811E-02 % Pu239
0.00000E+00 1.80894E-06 1.04529E-03 3.74243E-03 % Pu240
0.00000E+00 8.19902E-09 9.56679E-05 7.05865E-04 % Pu241
0.00000E+00 7.20789E-12 1.70518E-06 2.72990E-05 % Pu242
0.00000E+00 1.20561E-12 2.73883E-07 4.18225E-06 % Am241
0.00000E+00 2.28656E-20 2.47112E-13 8.95021E-12 % Am244
0.00000E+00 4.85754E-24 4.75950E-17 1.74634E-15 % Am245
0.00000E+00 0.00000E+00 0.00000E+00 0.00000E+00 % lost data
1.10000E+01 1.09999E+01 1.09989E+01 1.09977E+01 % total
];

MAT_uco_A = [
0.00000E+00 3.47101E+06 5.35305E+07 9.35637E+07 % H3
0.00000E+00 1.91734E+16 1.91832E+16 1.90040E+16 % Xe135
3.12375E+09 3.11355E+09 2.94604E+09 2.76657E+09 % U235
2.36110E+09 2.36077E+09 2.35500E+09 2.34836E+09 % U238
0.00000E+00 5.75698E+05 1.46053E+10 1.41254E+11 % Pu238
0.00000E+00 2.87752E+10 9.17537E+11 1.66193E+12 % Pu239
0.00000E+00 3.52823E+08 2.03878E+11 7.29938E+11 % Pu240
0.00000E+00 7.31199E+08 8.53178E+12 6.29499E+13 % Pu241
0.00000E+00 2.43933E+01 5.77076E+06 9.23867E+07 % Pu242
0.00000E+00 3.55149E+03 8.06808E+08 1.23201E+10 % Am241
0.00000E+00 2.49786E+01 2.69948E+08 9.77730E+09 % Am244
0.00000E+00 2.60370E-02 2.55115E+05 9.36057E+06 % Am245
0.00000E+00 0.00000E+00 0.00000E+00 0.00000E+00 % lost data
5.48486E+09 3.30463E+18 3.65371E+18 3.70009E+18 % total
];

MAT_uco_H = [
0.00000E+00 3.16431E-09 4.88005E-08 8.52962E-08 % H3
0.00000E+00 1.72851E+03 1.72939E+03 1.71324E+03 % Xe135
2.30854E-03 2.30100E-03 2.17720E-03 2.04457E-03 % U235
1.61730E-03 1.61707E-03 1.61311E-03 1.60857E-03 % U238
0.00000E+00 5.15472E-07 1.30774E-02 1.26477E-01 % Pu238
0.00000E+00 2.41638E-02 7.70497E-01 1.39560E+00 % Pu239
0.00000E+00 2.96834E-04 1.71524E-01 6.14105E-01 % Pu240
0.00000E+00 6.27356E-07 7.32013E-03 5.40100E-02 % Pu241
0.00000E+00 1.94710E-11 4.60629E-06 7.37441E-05 % Pu242
0.00000E+00 3.18420E-09 7.23369E-04 1.10460E-02 % Am241
0.00000E+00 4.43714E-12 4.79528E-05 1.73681E-03 % Am244
0.00000E+00 1.31365E-15 1.28714E-08 4.72272E-07 % Am245
0.00000E+00 0.00000E+00 0.00000E+00 0.00000E+00 % lost data
3.92583E-03 1.19701E+06 1.22417E+06 1.21599E+06 % total
];

MAT_uco_SF = [
0.00000E+00 0.00000E+00 0.00000E+00 0.00000E+00 % H3
0.00000E+00 0.00000E+00 0.00000E+00 0.00000E+00 % Xe135
2.24910E-01 2.24176E-01 2.12115E-01 1.99193E-01 % U235
1.28916E+05 1.28898E+05 1.28583E+05 1.28220E+05 % U238
0.00000E+00 1.07080E-03 2.71659E+01 2.62732E+02 % Pu238
0.00000E+00 8.92031E-02 2.84436E+00 5.15199E+00 % Pu239
0.00000E+00 2.01109E+01 1.16210E+04 4.16065E+04 % Pu240
0.00000E+00 0.00000E+00 0.00000E+00 0.00000E+00 % Pu241
0.00000E+00 1.34163E-04 3.17392E+01 5.08127E+02 % Pu242
0.00000E+00 1.52714E-08 3.46927E-03 5.29766E-02 % Am241
0.00000E+00 0.00000E+00 0.00000E+00 0.00000E+00 % Am244
0.00000E+00 0.00000E+00 0.00000E+00 0.00000E+00 % Am245
0.00000E+00 0.00000E+00 0.00000E+00 0.00000E+00 % lost data
1.28917E+05 1.28918E+05 1.41708E+05 2.17000E+05 % total
];

MAT_uco_ING_TOX = [
0.00000E+00 1.45783E-04 2.24828E-03 3.92967E-03 % H3
0.00000E+00 4.02641E+09 4.02846E+09 3.99084E+09 % Xe135
1.46816E+02 1.46337E+02 1.38464E+02 1.30029E+02 % U235
1.06250E+02 1.06235E+02 1.05975E+02 1.05676E+02 % U238
0.00000E+00 1.32411E-01 3.35922E+03 3.24883E+04 % Pu238
0.00000E+00 7.19380E+03 2.29384E+05 4.15483E+05 % Pu239
0.00000E+00 8.82058E+01 5.09694E+04 1.82485E+05 % Pu240
0.00000E+00 3.50975E+00 4.09526E+04 3.02160E+05 % Pu241
0.00000E+00 5.85439E-06 1.38498E+00 2.21728E+01 % Pu242
0.00000E+00 7.10298E-04 1.61362E+02 2.46403E+03 % Am241
0.00000E+00 1.14902E-08 1.24176E-01 4.49756E+00 % Am244
0.00000E+00 1.61429E-12 1.58171E-05 5.80355E-04 % Am245
0.00000E+00 0.00000E+00 0.00000E+00 0.00000E+00 % lost data
2.53066E+02 4.51372E+10 6.04768E+10 6.02982E+10 % total
];

MAT_uco_INH_TOX = [
0.00000E+00 9.02463E-04 1.39179E-02 2.43266E-02 % H3
0.00000E+00 2.10907E+09 2.11015E+09 2.09044E+09 % Xe135
2.65519E+04 2.64652E+04 2.50414E+04 2.35159E+04 % U235
1.88888E+04 1.88862E+04 1.88400E+04 1.87869E+04 % U238
0.00000E+00 6.33268E+01 1.60658E+06 1.55379E+07 % Pu238
0.00000E+00 3.45302E+06 1.10104E+08 1.99432E+08 % Pu239
0.00000E+00 4.23388E+04 2.44653E+07 8.75926E+07 % Pu240
0.00000E+00 1.68176E+03 1.96231E+07 1.44785E+08 % Pu241
0.00000E+00 2.68326E-03 6.34784E+02 1.01625E+04 % Pu242
0.00000E+00 3.40943E-01 7.74536E+04 1.18273E+06 % Am241
0.00000E+00 9.24208E-08 9.98806E-01 3.61760E+01 % Am244
0.00000E+00 1.45807E-12 1.42864E-05 5.24192E-04 % Am245
0.00000E+00 0.00000E+00 0.00000E+00 0.00000E+00 % lost data
4.54407E+04 4.40454E+10 5.88208E+10 6.05430E+10 % total
];

TOT_VOLUME = [ 2.32244E+04 2.32244E+04 2.32244E+04 2.32244E+04 ];

TOT_BURNUP = [ 0.00000E+00 4.36856E-01 7.77609E+00 1.59891E+01 ];

TOT_ADENS = [
0.00000E+00 8.38302E-14 1.29284E-12 2.25970E-12 % H3
0.00000E+00 3.91901E-08 3.92101E-08 3.88439E-08 % Xe135
4.31104E-03 4.29696E-03 4.06578E-03 3.81810E-03 % U235
2.06805E-02 2.06775E-02 2.06270E-02 2.05688E-02 % U238
0.00000E+00 9.89754E-14 2.51098E-09 2.42847E-08 % Pu238
0.00000E+00 1.36003E-06 4.33664E-05 7.85494E-05 % Pu239
0.00000E+00 4.53795E-09 2.62224E-06 9.38833E-06 % Pu240
0.00000E+00 2.04833E-11 2.39004E-07 1.76344E-06 % Pu241
0.00000E+00 1.79321E-14 4.24223E-09 6.79158E-08 % Pu242
0.00000E+00 3.01183E-15 6.84210E-10 1.04480E-08 % Am241
0.00000E+00 5.64185E-23 6.09723E-16 2.20837E-14 % Am244
0.00000E+00 1.19365E-26 1.16956E-19 4.29129E-18 % Am245
0.00000E+00 9.22981E-08 1.65084E-06 3.40666E-06 % lost data
7.04520E-02 7.04632E-02 7.06519E-02 7.08627E-02 % total
];

