
DET1001 = [
    1    1    1    1    1    1    1    1    1    1  4.96465E+18 0.00424 
    2    2    1    1    1    1    1    1    1    1  1.83343E+18 0.00577 
    3    3    1    1    1    1    1    1    1    1  1.65129E+17 0.01159 
];


DET1001E = [
 1.00000E-09  6.25000E-07  3.13000E-07
 6.25000E-07  1.00000E-01  5.00003E-02
 1.00000E-01  2.00000E+01  1.00500E+01
];

DET1002 = [
    1    1    1    1    1    1    1    1    1    1  1.89602E+17 0.00680 
    2    2    1    1    1    1    1    1    1    1  4.01198E+17 0.00478 
    3    3    1    1    1    1    1    1    1    1  1.81760E+17 0.00588 
];


DET1002E = [
 1.00000E-09  6.25000E-07  3.13000E-07
 6.25000E-07  1.00000E-01  5.00003E-02
 1.00000E-01  2.00000E+01  1.00500E+01
];
