
DET1001 = [
    1    1    1    1    1    1    1    1    1    1  5.01123E+18 0.00448 
    2    2    1    1    1    1    1    1    1    1  1.84425E+18 0.00583 
    3    3    1    1    1    1    1    1    1    1  1.66667E+17 0.01090 
];


DET1001E = [
 1.00000E-09  6.25000E-07  3.13000E-07
 6.25000E-07  1.00000E-01  5.00003E-02
 1.00000E-01  2.00000E+01  1.00500E+01
];

DET1002 = [
    1    1    1    1    1    1    1    1    1    1  1.92921E+17 0.00697 
    2    2    1    1    1    1    1    1    1    1  4.16360E+17 0.00487 
    3    3    1    1    1    1    1    1    1    1  1.87170E+17 0.00620 
];


DET1002E = [
 1.00000E-09  6.25000E-07  3.13000E-07
 6.25000E-07  1.00000E-01  5.00003E-02
 1.00000E-01  2.00000E+01  1.00500E+01
];
