
DET1001 = [
    1    1    1    1    1    1    1    1    1    1  4.89887E+18 0.00453 
    2    2    1    1    1    1    1    1    1    1  1.77888E+18 0.00574 
    3    3    1    1    1    1    1    1    1    1  1.58636E+17 0.01158 
];


DET1001E = [
 1.00000E-09  6.25000E-07  3.13000E-07
 6.25000E-07  1.00000E-01  5.00003E-02
 1.00000E-01  2.00000E+01  1.00500E+01
];

DET1002 = [
    1    1    1    1    1    1    1    1    1    1  1.91218E+17 0.00689 
    2    2    1    1    1    1    1    1    1    1  3.93693E+17 0.00477 
    3    3    1    1    1    1    1    1    1    1  1.74324E+17 0.00624 
];


DET1002E = [
 1.00000E-09  6.25000E-07  3.13000E-07
 6.25000E-07  1.00000E-01  5.00003E-02
 1.00000E-01  2.00000E+01  1.00500E+01
];
