
DET1001 = [
    1    1    1    1    1    1    1    1    1    1  4.11148E+18 0.00491 
    2    2    1    1    1    1    1    1    1    1  1.78601E+18 0.00569 
    3    3    1    1    1    1    1    1    1    1  1.65871E+17 0.01245 
];


DET1001E = [
 1.00000E-09  6.25000E-07  3.13000E-07
 6.25000E-07  1.00000E-01  5.00003E-02
 1.00000E-01  2.00000E+01  1.00500E+01
];

DET1002 = [
    1    1    1    1    1    1    1    1    1    1  9.79117E+16 0.00957 
    2    2    1    1    1    1    1    1    1    1  3.68902E+17 0.00511 
    3    3    1    1    1    1    1    1    1    1  1.78436E+17 0.00618 
];


DET1002E = [
 1.00000E-09  6.25000E-07  3.13000E-07
 6.25000E-07  1.00000E-01  5.00003E-02
 1.00000E-01  2.00000E+01  1.00500E+01
];
