
DET1001 = [
    1    1    1    1    1    1    1    1    1    1  3.93677E+18 0.00526 
    2    2    1    1    1    1    1    1    1    1  1.69722E+18 0.00608 
    3    3    1    1    1    1    1    1    1    1  1.55864E+17 0.01223 
];


DET1001E = [
 1.00000E-09  6.25000E-07  3.13000E-07
 6.25000E-07  1.00000E-01  5.00003E-02
 1.00000E-01  2.00000E+01  1.00500E+01
];

DET1002 = [
    1    1    1    1    1    1    1    1    1    1  9.80432E+16 0.00873 
    2    2    1    1    1    1    1    1    1    1  3.48735E+17 0.00497 
    3    3    1    1    1    1    1    1    1    1  1.65746E+17 0.00664 
];


DET1002E = [
 1.00000E-09  6.25000E-07  3.13000E-07
 6.25000E-07  1.00000E-01  5.00003E-02
 1.00000E-01  2.00000E+01  1.00500E+01
];
