
DET1001 = [
    1    1    1    1    1    1    1    1    1    1  4.09133E+18 0.00495 
    2    2    1    1    1    1    1    1    1    1  1.78551E+18 0.00581 
    3    3    1    1    1    1    1    1    1    1  1.61423E+17 0.01200 
];


DET1001E = [
 1.00000E-09  6.25000E-07  3.13000E-07
 6.25000E-07  1.00000E-01  5.00003E-02
 1.00000E-01  2.00000E+01  1.00500E+01
];

DET1002 = [
    1    1    1    1    1    1    1    1    1    1  9.66123E+16 0.00851 
    2    2    1    1    1    1    1    1    1    1  3.62423E+17 0.00465 
    3    3    1    1    1    1    1    1    1    1  1.71934E+17 0.00646 
];


DET1002E = [
 1.00000E-09  6.25000E-07  3.13000E-07
 6.25000E-07  1.00000E-01  5.00003E-02
 1.00000E-01  2.00000E+01  1.00500E+01
];
