
DET1001 = [
    1    1    1    1    1    1    1    1    1    1  4.01395E+18 0.00462 
    2    2    1    1    1    1    1    1    1    1  1.73271E+18 0.00557 
    3    3    1    1    1    1    1    1    1    1  1.61011E+17 0.01151 
];


DET1001E = [
 1.00000E-09  6.25000E-07  3.13000E-07
 6.25000E-07  1.00000E-01  5.00003E-02
 1.00000E-01  2.00000E+01  1.00500E+01
];

DET1002 = [
    1    1    1    1    1    1    1    1    1    1  9.91985E+16 0.00912 
    2    2    1    1    1    1    1    1    1    1  3.52228E+17 0.00484 
    3    3    1    1    1    1    1    1    1    1  1.67355E+17 0.00637 
];


DET1002E = [
 1.00000E-09  6.25000E-07  3.13000E-07
 6.25000E-07  1.00000E-01  5.00003E-02
 1.00000E-01  2.00000E+01  1.00500E+01
];
