
ZAI = [
10030
541350
922350
922380
942380
942390
942400
942410
942420
952410
952440
952450
666
0
];

NAMES = [
'H3              '
'Xe135           '
'U235            '
'U238            '
'Pu238           '
'Pu239           '
'Pu240           '
'Pu241           '
'Pu242           '
'Am241           '
'Am244           '
'Am245           '
'lost            '
'total           '
];

i10030  = 1; iH3               = 1;
i541350 = 2; iXe135            = 2;
i922350 = 3; iU235             = 3;
i922380 = 4; iU238             = 4;
i942380 = 5; iPu238            = 5;
i942390 = 6; iPu239            = 6;
i942400 = 7; iPu240            = 7;
i942410 = 8; iPu241            = 8;
i942420 = 9; iPu242            = 9;
i952410 = 10; iAm241            = 10;
i952440 = 11; iAm244            = 11;
i952450 = 12; iAm245            = 12;
iLOST    = 13;
iTOT     = 14;

MAT_uco_VOLUME = [ 2.13640E+04 2.13640E+04 2.13640E+04 2.13640E+04 ];

MAT_uco_BURNUP = [ 0.00000E+00 4.74892E-01 8.45312E+00 1.73812E+01 ];

MAT_uco_ADENS = [
0.00000E+00 1.25010E-13 1.86103E-12 3.14559E-12 % H3
0.00000E+00 3.80443E-08 3.83193E-08 3.79350E-08 % Xe135
3.74777E-03 3.73246E-03 3.48331E-03 3.22090E-03 % U235
2.12374E-02 2.12337E-02 2.11696E-02 2.10951E-02 % U238
0.00000E+00 1.97321E-13 4.68812E-09 4.54178E-08 % Pu238
0.00000E+00 1.70951E-06 5.26554E-05 9.26451E-05 % Pu239
0.00000E+00 7.30552E-09 3.95984E-06 1.33851E-05 % Pu240
0.00000E+00 4.36350E-11 4.77769E-07 3.25963E-06 % Pu241
0.00000E+00 5.01254E-14 1.11314E-08 1.65692E-07 % Pu242
0.00000E+00 6.42231E-15 1.36658E-09 1.92891E-08 % Am241
0.00000E+00 2.90317E-22 2.88747E-15 1.01143E-13 % Am244
0.00000E+00 8.23742E-26 7.39776E-19 2.62889E-17 % Am245
0.00000E+00 1.00347E-07 1.79963E-06 3.71776E-06 % lost data
7.04339E-02 7.04462E-02 7.06514E-02 7.08806E-02 % total
];

MAT_uco_MDENS = [
0.00000E+00 6.25981E-13 9.31901E-12 1.57513E-11 % H3
0.00000E+00 8.52276E-06 8.58436E-06 8.49828E-06 % Xe135
1.46278E+00 1.45680E+00 1.35956E+00 1.25714E+00 % U235
8.39511E+00 8.39365E+00 8.36830E+00 8.33886E+00 % U238
0.00000E+00 7.80004E-11 1.85320E-06 1.79535E-05 % Pu238
0.00000E+00 6.78611E-04 2.09022E-02 3.67766E-02 % Pu239
0.00000E+00 2.91217E-06 1.57850E-03 5.33563E-03 % Pu240
0.00000E+00 1.74661E-08 1.91240E-04 1.30475E-03 % Pu241
0.00000E+00 2.01481E-11 4.47431E-06 6.66007E-05 % Pu242
0.00000E+00 2.57079E-12 5.47030E-07 7.72123E-06 % Am241
0.00000E+00 1.17661E-19 1.17025E-12 4.09919E-11 % Am244
0.00000E+00 3.35221E-23 3.01051E-16 1.06982E-14 % Am245
0.00000E+00 0.00000E+00 0.00000E+00 0.00000E+00 % lost data
1.10000E+01 1.09999E+01 1.09988E+01 1.09975E+01 % total
];

MAT_uco_A = [
0.00000E+00 4.76145E+06 7.08839E+07 1.19811E+08 % H3
0.00000E+00 1.71218E+16 1.72456E+16 1.70726E+16 % Xe135
2.49807E+09 2.48787E+09 2.32180E+09 2.14689E+09 % U235
2.23045E+09 2.23006E+09 2.22333E+09 2.21551E+09 % U238
0.00000E+00 1.05579E+06 2.50844E+10 2.43014E+11 % Pu238
0.00000E+00 3.32720E+10 1.02483E+12 1.80314E+12 % Pu239
0.00000E+00 5.22500E+08 2.83213E+11 9.57316E+11 % Pu240
0.00000E+00 1.43287E+09 1.56888E+13 1.07038E+14 % Pu241
0.00000E+00 6.27241E+01 1.39292E+07 2.07338E+08 % Pu242
0.00000E+00 6.96642E+03 1.48236E+09 2.09233E+10 % Am241
0.00000E+00 1.18238E+02 1.17599E+09 4.11928E+10 % Am244
0.00000E+00 1.65289E-01 1.48440E+06 5.27503E+07 % Am245
0.00000E+00 0.00000E+00 0.00000E+00 0.00000E+00 % lost data
4.72853E+09 3.34657E+18 3.70568E+18 3.74525E+18 % total
];

MAT_uco_H = [
0.00000E+00 4.34072E-09 6.46205E-08 1.09224E-07 % H3
0.00000E+00 1.54356E+03 1.55472E+03 1.53912E+03 % Xe135
1.84614E-03 1.83860E-03 1.71587E-03 1.58661E-03 % U235
1.52780E-03 1.52754E-03 1.52292E-03 1.51757E-03 % U238
0.00000E+00 9.45342E-07 2.24602E-02 2.17591E-01 % Pu238
0.00000E+00 2.79400E-02 8.60593E-01 1.51418E+00 % Pu239
0.00000E+00 4.39585E-04 2.38270E-01 8.05400E-01 % Pu240
0.00000E+00 1.22938E-06 1.34607E-02 9.18372E-02 % Pu241
0.00000E+00 5.00670E-11 1.11184E-05 1.65499E-04 % Pu242
0.00000E+00 6.24597E-09 1.32906E-03 1.87594E-02 % Am241
0.00000E+00 2.10035E-11 2.08899E-04 7.31738E-03 % Am244
0.00000E+00 8.33936E-15 7.48931E-08 2.66142E-06 % Am245
0.00000E+00 0.00000E+00 0.00000E+00 0.00000E+00 % lost data
3.37394E-03 1.20008E+06 1.22612E+06 1.21215E+06 % total
];

MAT_uco_SF = [
0.00000E+00 0.00000E+00 0.00000E+00 0.00000E+00 % H3
0.00000E+00 0.00000E+00 0.00000E+00 0.00000E+00 % Xe135
1.79861E-01 1.79126E-01 1.67169E-01 1.54576E-01 % U235
1.21783E+05 1.21761E+05 1.21394E+05 1.20967E+05 % U238
0.00000E+00 1.96377E-03 4.66570E+01 4.52006E+02 % Pu238
0.00000E+00 1.03143E-01 3.17697E+00 5.58974E+00 % Pu239
0.00000E+00 2.97825E+01 1.61431E+04 5.45670E+04 % Pu240
0.00000E+00 0.00000E+00 0.00000E+00 0.00000E+00 % Pu241
0.00000E+00 3.44982E-04 7.66106E+01 1.14036E+03 % Pu242
0.00000E+00 2.99556E-08 6.37416E-03 8.99700E-02 % Am241
0.00000E+00 0.00000E+00 0.00000E+00 0.00000E+00 % Am244
0.00000E+00 0.00000E+00 0.00000E+00 0.00000E+00 % Am245
0.00000E+00 0.00000E+00 0.00000E+00 0.00000E+00 % lost data
1.21783E+05 1.21792E+05 1.41202E+05 2.83945E+05 % total
];

MAT_uco_ING_TOX = [
0.00000E+00 1.99981E-04 2.97713E-03 5.03204E-03 % H3
0.00000E+00 3.59558E+09 3.62157E+09 3.58525E+09 % Xe135
1.17409E+02 1.16930E+02 1.09124E+02 1.00904E+02 % U235
1.00370E+02 1.00353E+02 1.00050E+02 9.96978E+01 % U238
0.00000E+00 2.42832E-01 5.76941E+03 5.58932E+04 % Pu238
0.00000E+00 8.31801E+03 2.56207E+05 4.50786E+05 % Pu239
0.00000E+00 1.30625E+02 7.08032E+04 2.39329E+05 % Pu240
0.00000E+00 6.87778E+00 7.53063E+04 5.13785E+05 % Pu241
0.00000E+00 1.50538E-05 3.34301E+00 4.97611E+01 % Pu242
0.00000E+00 1.39328E-03 2.96472E+02 4.18465E+03 % Am241
0.00000E+00 5.43895E-08 5.40953E-01 1.89487E+01 % Am244
0.00000E+00 1.02479E-11 9.20330E-05 3.27052E-03 % Am245
0.00000E+00 0.00000E+00 0.00000E+00 0.00000E+00 % lost data
2.17780E+02 4.47336E+10 6.02186E+10 5.98881E+10 % total
];

MAT_uco_INH_TOX = [
0.00000E+00 1.23798E-03 1.84298E-02 3.11508E-02 % H3
0.00000E+00 1.88340E+09 1.89701E+09 1.87799E+09 % Xe135
2.12336E+04 2.11469E+04 1.97353E+04 1.82486E+04 % U235
1.78436E+04 1.78405E+04 1.77866E+04 1.77241E+04 % U238
0.00000E+00 1.16137E+02 2.75929E+06 2.67315E+07 % Pu238
0.00000E+00 3.99264E+06 1.22979E+08 2.16377E+08 % Pu239
0.00000E+00 6.27000E+04 3.39856E+07 1.14878E+08 % Pu240
0.00000E+00 3.29560E+03 3.60843E+07 2.46189E+08 % Pu241
0.00000E+00 6.89965E-03 1.53221E+03 2.28072E+04 % Pu242
0.00000E+00 6.68777E-01 1.42307E+05 2.00863E+06 % Am241
0.00000E+00 4.37481E-07 4.35115E+00 1.52413E+02 % Am244
0.00000E+00 9.25617E-12 8.31266E-05 2.95401E-03 % Am245
0.00000E+00 0.00000E+00 0.00000E+00 0.00000E+00 % lost data
3.90772E+04 4.38674E+10 5.88863E+10 6.06196E+10 % total
];

TOT_VOLUME = [ 2.13640E+04 2.13640E+04 2.13640E+04 2.13640E+04 ];

TOT_BURNUP = [ 0.00000E+00 4.74892E-01 8.45312E+00 1.73812E+01 ];

TOT_ADENS = [
0.00000E+00 1.25010E-13 1.86103E-12 3.14559E-12 % H3
0.00000E+00 3.80443E-08 3.83193E-08 3.79350E-08 % Xe135
3.74777E-03 3.73246E-03 3.48331E-03 3.22090E-03 % U235
2.12374E-02 2.12337E-02 2.11696E-02 2.10951E-02 % U238
0.00000E+00 1.97321E-13 4.68812E-09 4.54178E-08 % Pu238
0.00000E+00 1.70951E-06 5.26554E-05 9.26451E-05 % Pu239
0.00000E+00 7.30552E-09 3.95984E-06 1.33851E-05 % Pu240
0.00000E+00 4.36350E-11 4.77769E-07 3.25963E-06 % Pu241
0.00000E+00 5.01254E-14 1.11314E-08 1.65692E-07 % Pu242
0.00000E+00 6.42231E-15 1.36658E-09 1.92891E-08 % Am241
0.00000E+00 2.90317E-22 2.88747E-15 1.01143E-13 % Am244
0.00000E+00 8.23742E-26 7.39776E-19 2.62889E-17 % Am245
0.00000E+00 1.00347E-07 1.79963E-06 3.71776E-06 % lost data
7.04339E-02 7.04462E-02 7.06514E-02 7.08806E-02 % total
];

