
DET1001 = [
    1    1    1    1    1    1    1    1    1    1  5.55075E+18 0.00423 
    2    2    1    1    1    1    1    1    1    1  2.12384E+18 0.00507 
    3    3    1    1    1    1    1    1    1    1  3.53871E+17 0.00977 
];


DET1001E = [
 1.00000E-09  6.25000E-07  3.13000E-07
 6.25000E-07  1.00000E-01  5.00003E-02
 1.00000E-01  2.00000E+01  1.00500E+01
];

DET1002 = [
    1    1    1    1    1    1    1    1    1    1  1.59945E+17 0.00742 
    2    2    1    1    1    1    1    1    1    1  3.87135E+17 0.00548 
    3    3    1    1    1    1    1    1    1    1  2.15620E+17 0.00697 
];


DET1002E = [
 1.00000E-09  6.25000E-07  3.13000E-07
 6.25000E-07  1.00000E-01  5.00003E-02
 1.00000E-01  2.00000E+01  1.00500E+01
];
