
DET1001 = [
    1    1    1    1    1    1    1    1    1    1  5.29621E+18 0.00422 
    2    2    1    1    1    1    1    1    1    1  2.00346E+18 0.00498 
    3    3    1    1    1    1    1    1    1    1  3.32502E+17 0.01041 
];


DET1001E = [
 1.00000E-09  6.25000E-07  3.13000E-07
 6.25000E-07  1.00000E-01  5.00003E-02
 1.00000E-01  2.00000E+01  1.00500E+01
];

DET1002 = [
    1    1    1    1    1    1    1    1    1    1  1.62392E+17 0.00747 
    2    2    1    1    1    1    1    1    1    1  3.64051E+17 0.00496 
    3    3    1    1    1    1    1    1    1    1  1.99607E+17 0.00645 
];


DET1002E = [
 1.00000E-09  6.25000E-07  3.13000E-07
 6.25000E-07  1.00000E-01  5.00003E-02
 1.00000E-01  2.00000E+01  1.00500E+01
];
