
DET1001 = [
    1    1    1    1    1    1    1    1    1    1  5.68786E+18 0.00445 
    2    2    1    1    1    1    1    1    1    1  2.19884E+18 0.00522 
    3    3    1    1    1    1    1    1    1    1  3.68655E+17 0.01039 
];


DET1001E = [
 1.00000E-09  6.25000E-07  3.13000E-07
 6.25000E-07  1.00000E-01  5.00003E-02
 1.00000E-01  2.00000E+01  1.00500E+01
];

DET1002 = [
    1    1    1    1    1    1    1    1    1    1  1.64121E+17 0.00800 
    2    2    1    1    1    1    1    1    1    1  4.02062E+17 0.00500 
    3    3    1    1    1    1    1    1    1    1  2.23644E+17 0.00661 
];


DET1002E = [
 1.00000E-09  6.25000E-07  3.13000E-07
 6.25000E-07  1.00000E-01  5.00003E-02
 1.00000E-01  2.00000E+01  1.00500E+01
];
