
DET1001 = [
    1    1    1    1    1    1    1    1    1    1  5.40921E+18 0.00431 
    2    2    1    1    1    1    1    1    1    1  2.06603E+18 0.00523 
    3    3    1    1    1    1    1    1    1    1  3.50163E+17 0.01014 
];


DET1001E = [
 1.00000E-09  6.25000E-07  3.13000E-07
 6.25000E-07  1.00000E-01  5.00003E-02
 1.00000E-01  2.00000E+01  1.00500E+01
];

DET1002 = [
    1    1    1    1    1    1    1    1    1    1  1.59476E+17 0.00763 
    2    2    1    1    1    1    1    1    1    1  3.71532E+17 0.00508 
    3    3    1    1    1    1    1    1    1    1  2.03312E+17 0.00678 
];


DET1002E = [
 1.00000E-09  6.25000E-07  3.13000E-07
 6.25000E-07  1.00000E-01  5.00003E-02
 1.00000E-01  2.00000E+01  1.00500E+01
];
