
DET1001 = [
    1    1    1    1    1    1    1    1    1    1  5.20390E+18 0.00454 
    2    2    1    1    1    1    1    1    1    1  1.80020E+18 0.00626 
    3    3    1    1    1    1    1    1    1    1  1.62711E+17 0.01183 
];


DET1001E = [
 1.00000E-09  6.25000E-07  3.13000E-07
 6.25000E-07  1.00000E-01  5.00003E-02
 1.00000E-01  2.00000E+01  1.00500E+01
];

DET1002 = [
    1    1    1    1    1    1    1    1    1    1  2.25496E+17 0.00619 
    2    2    1    1    1    1    1    1    1    1  4.14279E+17 0.00468 
    3    3    1    1    1    1    1    1    1    1  1.84882E+17 0.00629 
];


DET1002E = [
 1.00000E-09  6.25000E-07  3.13000E-07
 6.25000E-07  1.00000E-01  5.00003E-02
 1.00000E-01  2.00000E+01  1.00500E+01
];
