
DET1001 = [
    1    1    1    1    1    1    1    1    1    1  5.37872E+18 0.00445 
    2    2    1    1    1    1    1    1    1    1  1.84650E+18 0.00612 
    3    3    1    1    1    1    1    1    1    1  1.68760E+17 0.01188 
];


DET1001E = [
 1.00000E-09  6.25000E-07  3.13000E-07
 6.25000E-07  1.00000E-01  5.00003E-02
 1.00000E-01  2.00000E+01  1.00500E+01
];

DET1002 = [
    1    1    1    1    1    1    1    1    1    1  2.25426E+17 0.00655 
    2    2    1    1    1    1    1    1    1    1  4.28361E+17 0.00469 
    3    3    1    1    1    1    1    1    1    1  1.94346E+17 0.00642 
];


DET1002E = [
 1.00000E-09  6.25000E-07  3.13000E-07
 6.25000E-07  1.00000E-01  5.00003E-02
 1.00000E-01  2.00000E+01  1.00500E+01
];
