
ZAI = [
10030
541350
922350
922380
942380
942390
942400
942410
942420
952410
952440
952450
666
0
];

NAMES = [
'H3              '
'Xe135           '
'U235            '
'U238            '
'Pu238           '
'Pu239           '
'Pu240           '
'Pu241           '
'Pu242           '
'Am241           '
'Am244           '
'Am245           '
'lost            '
'total           '
];

i10030  = 1; iH3               = 1;
i541350 = 2; iXe135            = 2;
i922350 = 3; iU235             = 3;
i922380 = 4; iU238             = 4;
i942380 = 5; iPu238            = 5;
i942390 = 6; iPu239            = 6;
i942400 = 7; iPu240            = 7;
i942410 = 8; iPu241            = 8;
i942420 = 9; iPu242            = 9;
i952410 = 10; iAm241            = 10;
i952440 = 11; iAm244            = 11;
i952450 = 12; iAm245            = 12;
iLOST    = 13;
iTOT     = 14;

MAT_uco_VOLUME = [ 1.60170E+04 1.60170E+04 1.60170E+04 1.60170E+04 ];

MAT_uco_BURNUP = [ 0.00000E+00 6.33441E-01 1.12755E+01 2.31845E+01 ];

MAT_uco_ADENS = [
0.00000E+00 1.33711E-13 1.89765E-12 3.09962E-12 % H3
0.00000E+00 4.56709E-08 4.53523E-08 4.41745E-08 % Xe135
4.31104E-03 4.29068E-03 3.95884E-03 3.60805E-03 % U235
2.06805E-02 2.06765E-02 2.06067E-02 2.05255E-02 % U238
0.00000E+00 2.36040E-13 7.05434E-09 6.95422E-08 % Pu238
0.00000E+00 1.85166E-06 5.54665E-05 9.43401E-05 % Pu239
0.00000E+00 9.09304E-09 4.89177E-06 1.62529E-05 % Pu240
0.00000E+00 5.81330E-11 6.28827E-07 4.17704E-06 % Pu241
0.00000E+00 7.76370E-14 1.72626E-08 2.55823E-07 % Pu242
0.00000E+00 8.52545E-15 1.79555E-09 2.44908E-08 % Am241
0.00000E+00 4.92026E-22 5.14423E-15 1.74715E-13 % Am244
0.00000E+00 1.60148E-25 1.52688E-18 5.33782E-17 % Am245
0.00000E+00 1.33838E-07 2.39843E-06 4.95283E-06 % lost data
7.04520E-02 7.04682E-02 7.07419E-02 7.10474E-02 % total
];

MAT_uco_MDENS = [
0.00000E+00 6.69547E-13 9.50238E-12 1.55211E-11 % H3
0.00000E+00 1.02313E-05 1.01599E-05 9.89604E-06 % Xe135
1.68262E+00 1.67468E+00 1.54516E+00 1.40824E+00 % U235
8.17497E+00 8.17338E+00 8.14582E+00 8.11370E+00 % U238
0.00000E+00 9.33057E-11 2.78856E-06 2.74898E-05 % Pu238
0.00000E+00 7.35040E-04 2.20181E-02 3.74494E-02 % Pu239
0.00000E+00 3.62472E-06 1.94999E-03 6.47881E-03 % Pu240
0.00000E+00 2.32693E-08 2.51705E-04 1.67197E-03 % Pu241
0.00000E+00 3.12065E-11 6.93877E-06 1.02829E-04 % Pu242
0.00000E+00 3.41266E-12 7.18741E-07 9.80343E-06 % Am241
0.00000E+00 1.99411E-19 2.08488E-12 7.08094E-11 % Am244
0.00000E+00 6.51719E-23 6.21363E-16 2.17222E-14 % Am245
0.00000E+00 0.00000E+00 0.00000E+00 0.00000E+00 % lost data
1.10000E+01 1.09999E+01 1.09983E+01 1.09966E+01 % total
];

MAT_uco_A = [
0.00000E+00 3.81818E+06 5.41886E+07 8.85114E+07 % H3
0.00000E+00 1.54098E+16 1.53023E+16 1.49049E+16 % Xe135
2.15433E+09 2.14416E+09 1.97833E+09 1.80303E+09 % U235
1.62836E+09 1.62804E+09 1.62255E+09 1.61615E+09 % U238
0.00000E+00 9.46864E+05 2.82982E+10 2.78966E+11 % Pu238
0.00000E+00 2.70189E+10 8.09350E+11 1.37658E+12 % Pu239
0.00000E+00 4.87575E+08 2.62301E+11 8.71491E+11 % Pu240
0.00000E+00 1.43117E+09 1.54811E+13 1.02834E+14 % Pu241
0.00000E+00 7.28355E+01 1.61950E+07 2.40001E+08 % Pu242
0.00000E+00 6.93320E+03 1.46020E+09 1.99168E+10 % Am241
0.00000E+00 1.50235E+02 1.57073E+09 5.33472E+10 % Am244
0.00000E+00 2.40918E-01 2.29697E+06 8.02996E+07 % Am245
0.00000E+00 0.00000E+00 0.00000E+00 0.00000E+00 % lost data
3.78269E+09 3.28360E+18 3.60972E+18 3.64356E+18 % total
];

MAT_uco_H = [
0.00000E+00 3.48080E-09 4.94005E-08 8.06904E-08 % H3
0.00000E+00 1.38922E+03 1.37953E+03 1.34370E+03 % Xe135
1.59211E-03 1.58459E-03 1.46204E-03 1.33249E-03 % U235
1.11539E-03 1.11517E-03 1.11141E-03 1.10702E-03 % U238
0.00000E+00 8.47809E-07 2.53378E-02 2.49782E-01 % Pu238
0.00000E+00 2.26890E-02 6.79647E-01 1.15598E+00 % Pu239
0.00000E+00 4.10202E-04 2.20676E-01 7.33194E-01 % Pu240
0.00000E+00 1.22792E-06 1.32825E-02 8.82301E-02 % Pu241
0.00000E+00 5.81381E-11 1.29270E-05 1.91572E-04 % Pu242
0.00000E+00 6.21618E-09 1.30919E-03 1.78570E-02 % Am241
0.00000E+00 2.66873E-11 2.79021E-04 9.47647E-03 % Am244
0.00000E+00 1.21551E-14 1.15890E-07 4.05138E-06 % Am245
0.00000E+00 0.00000E+00 0.00000E+00 0.00000E+00 % lost data
2.70749E-03 1.19498E+06 1.21176E+06 1.19667E+06 % total
];

MAT_uco_SF = [
0.00000E+00 0.00000E+00 0.00000E+00 0.00000E+00 % H3
0.00000E+00 0.00000E+00 0.00000E+00 0.00000E+00 % Xe135
1.55112E-01 1.54379E-01 1.42440E-01 1.29818E-01 % U235
8.89085E+04 8.88912E+04 8.85914E+04 8.82421E+04 % U238
0.00000E+00 1.76117E-03 5.26346E+01 5.18877E+02 % Pu238
0.00000E+00 8.37585E-02 2.50898E+00 4.26740E+00 % Pu239
0.00000E+00 2.77918E+01 1.49511E+04 4.96750E+04 % Pu240
0.00000E+00 0.00000E+00 0.00000E+00 0.00000E+00 % Pu241
0.00000E+00 4.00595E-04 8.90724E+01 1.32001E+03 % Pu242
0.00000E+00 2.98127E-08 6.27887E-03 8.56421E-02 % Am241
0.00000E+00 0.00000E+00 0.00000E+00 0.00000E+00 % Am244
0.00000E+00 0.00000E+00 0.00000E+00 0.00000E+00 % Am245
0.00000E+00 0.00000E+00 0.00000E+00 0.00000E+00 % lost data
8.89086E+04 8.89193E+04 1.07723E+05 2.60357E+05 % total
];

MAT_uco_ING_TOX = [
0.00000E+00 1.60364E-04 2.27592E-03 3.71748E-03 % H3
0.00000E+00 3.23606E+09 3.21348E+09 3.13002E+09 % Xe135
1.01253E+02 1.00775E+02 9.29815E+01 8.47423E+01 % U235
7.32762E+01 7.32620E+01 7.30149E+01 7.27270E+01 % U238
0.00000E+00 2.17779E-01 6.50858E+03 6.41622E+04 % Pu238
0.00000E+00 6.75472E+03 2.02337E+05 3.44145E+05 % Pu239
0.00000E+00 1.21894E+02 6.55751E+04 2.17873E+05 % Pu240
0.00000E+00 6.86963E+00 7.43092E+04 4.93605E+05 % Pu241
0.00000E+00 1.74805E-05 3.88680E+00 5.76003E+01 % Pu242
0.00000E+00 1.38664E-03 2.92040E+02 3.98335E+03 % Am241
0.00000E+00 6.91080E-08 7.22537E-01 2.45397E+01 % Am244
0.00000E+00 1.49369E-11 1.42412E-04 4.97858E-03 % Am245
0.00000E+00 0.00000E+00 0.00000E+00 0.00000E+00 % lost data
1.74530E+02 4.43282E+10 5.93190E+10 5.88359E+10 % total
];

MAT_uco_INH_TOX = [
0.00000E+00 9.92728E-04 1.40890E-02 2.30130E-02 % H3
0.00000E+00 1.69508E+09 1.68325E+09 1.63954E+09 % Xe135
1.83118E+04 1.82253E+04 1.68158E+04 1.53257E+04 % U235
1.30269E+04 1.30244E+04 1.29804E+04 1.29292E+04 % U238
0.00000E+00 1.04155E+02 3.11280E+06 3.06862E+07 % Pu238
0.00000E+00 3.24226E+06 9.71220E+07 1.65190E+08 % Pu239
0.00000E+00 5.85091E+04 3.14761E+07 1.04579E+08 % Pu240
0.00000E+00 3.29170E+03 3.56065E+07 2.36519E+08 % Pu241
0.00000E+00 8.01190E-03 1.78145E+03 2.64001E+04 % Pu242
0.00000E+00 6.65587E-01 1.40179E+05 1.91201E+06 % Am241
0.00000E+00 5.55869E-07 5.81171E+00 1.97385E+02 % Am244
0.00000E+00 1.34914E-11 1.28630E-04 4.49678E-03 % Am245
0.00000E+00 0.00000E+00 0.00000E+00 0.00000E+00 % lost data
3.13387E+04 4.36155E+10 5.81276E+10 5.96807E+10 % total
];

TOT_VOLUME = [ 1.60170E+04 1.60170E+04 1.60170E+04 1.60170E+04 ];

TOT_BURNUP = [ 0.00000E+00 6.33441E-01 1.12755E+01 2.31845E+01 ];

TOT_ADENS = [
0.00000E+00 1.33711E-13 1.89765E-12 3.09962E-12 % H3
0.00000E+00 4.56709E-08 4.53523E-08 4.41745E-08 % Xe135
4.31104E-03 4.29068E-03 3.95884E-03 3.60805E-03 % U235
2.06805E-02 2.06765E-02 2.06067E-02 2.05255E-02 % U238
0.00000E+00 2.36040E-13 7.05434E-09 6.95422E-08 % Pu238
0.00000E+00 1.85166E-06 5.54665E-05 9.43401E-05 % Pu239
0.00000E+00 9.09304E-09 4.89177E-06 1.62529E-05 % Pu240
0.00000E+00 5.81330E-11 6.28827E-07 4.17704E-06 % Pu241
0.00000E+00 7.76370E-14 1.72626E-08 2.55823E-07 % Pu242
0.00000E+00 8.52545E-15 1.79555E-09 2.44908E-08 % Am241
0.00000E+00 4.92026E-22 5.14423E-15 1.74715E-13 % Am244
0.00000E+00 1.60148E-25 1.52688E-18 5.33782E-17 % Am245
0.00000E+00 1.33838E-07 2.39843E-06 4.95283E-06 % lost data
7.04520E-02 7.04682E-02 7.07419E-02 7.10474E-02 % total
];

