
DET1001 = [
    1    1    1    1    1    1    1    1    1    1  5.55821E+18 0.00398 
    2    2    1    1    1    1    1    1    1    1  1.97360E+18 0.00551 
    3    3    1    1    1    1    1    1    1    1  3.28248E+17 0.01009 
];


DET1001E = [
 1.00000E-09  6.25000E-07  3.13000E-07
 6.25000E-07  1.00000E-01  5.00003E-02
 1.00000E-01  2.00000E+01  1.00500E+01
];

DET1002 = [
    1    1    1    1    1    1    1    1    1    1  1.93972E+17 0.00691 
    2    2    1    1    1    1    1    1    1    1  3.65084E+17 0.00488 
    3    3    1    1    1    1    1    1    1    1  1.98600E+17 0.00633 
];


DET1002E = [
 1.00000E-09  6.25000E-07  3.13000E-07
 6.25000E-07  1.00000E-01  5.00003E-02
 1.00000E-01  2.00000E+01  1.00500E+01
];
