
DET1001 = [
    1    1    1    1    1    1    1    1    1    1  6.05556E+18 0.00434 
    2    2    1    1    1    1    1    1    1    1  2.12429E+18 0.00577 
    3    3    1    1    1    1    1    1    1    1  3.48237E+17 0.01010 
];


DET1001E = [
 1.00000E-09  6.25000E-07  3.13000E-07
 6.25000E-07  1.00000E-01  5.00003E-02
 1.00000E-01  2.00000E+01  1.00500E+01
];

DET1002 = [
    1    1    1    1    1    1    1    1    1    1  2.06368E+17 0.00735 
    2    2    1    1    1    1    1    1    1    1  4.12992E+17 0.00533 
    3    3    1    1    1    1    1    1    1    1  2.26396E+17 0.00643 
];


DET1002E = [
 1.00000E-09  6.25000E-07  3.13000E-07
 6.25000E-07  1.00000E-01  5.00003E-02
 1.00000E-01  2.00000E+01  1.00500E+01
];
