
DET1001 = [
    1    1    1    1    1    1    1    1    1    1  5.87433E+18 0.00420 
    2    2    1    1    1    1    1    1    1    1  2.05204E+18 0.00542 
    3    3    1    1    1    1    1    1    1    1  3.40615E+17 0.01068 
];


DET1001E = [
 1.00000E-09  6.25000E-07  3.13000E-07
 6.25000E-07  1.00000E-01  5.00003E-02
 1.00000E-01  2.00000E+01  1.00500E+01
];

DET1002 = [
    1    1    1    1    1    1    1    1    1    1  1.95941E+17 0.00723 
    2    2    1    1    1    1    1    1    1    1  3.96908E+17 0.00512 
    3    3    1    1    1    1    1    1    1    1  2.14163E+17 0.00626 
];


DET1002E = [
 1.00000E-09  6.25000E-07  3.13000E-07
 6.25000E-07  1.00000E-01  5.00003E-02
 1.00000E-01  2.00000E+01  1.00500E+01
];
