
DET1001 = [
    1    1    1    1    1    1    1    1    1    1  4.62680E+18 0.00477 
    2    2    1    1    1    1    1    1    1    1  1.90043E+18 0.00569 
    3    3    1    1    1    1    1    1    1    1  1.96693E+17 0.01119 
];


DET1001E = [
 1.00000E-09  6.25000E-07  3.13000E-07
 6.25000E-07  1.00000E-01  5.00003E-02
 1.00000E-01  2.00000E+01  1.00500E+01
];

DET1002 = [
    1    1    1    1    1    1    1    1    1    1  1.12492E+17 0.00865 
    2    2    1    1    1    1    1    1    1    1  3.63089E+17 0.00507 
    3    3    1    1    1    1    1    1    1    1  1.74701E+17 0.00620 
];


DET1002E = [
 1.00000E-09  6.25000E-07  3.13000E-07
 6.25000E-07  1.00000E-01  5.00003E-02
 1.00000E-01  2.00000E+01  1.00500E+01
];
