
DET1001 = [
    1    1    1    1    1    1    1    1    1    1  4.66906E+18 0.00487 
    2    2    1    1    1    1    1    1    1    1  1.94692E+18 0.00567 
    3    3    1    1    1    1    1    1    1    1  2.03771E+17 0.01156 
];


DET1001E = [
 1.00000E-09  6.25000E-07  3.13000E-07
 6.25000E-07  1.00000E-01  5.00003E-02
 1.00000E-01  2.00000E+01  1.00500E+01
];

DET1002 = [
    1    1    1    1    1    1    1    1    1    1  1.13153E+17 0.00851 
    2    2    1    1    1    1    1    1    1    1  3.73746E+17 0.00503 
    3    3    1    1    1    1    1    1    1    1  1.78014E+17 0.00625 
];


DET1002E = [
 1.00000E-09  6.25000E-07  3.13000E-07
 6.25000E-07  1.00000E-01  5.00003E-02
 1.00000E-01  2.00000E+01  1.00500E+01
];
