
DET1001 = [
    1    1    1    1    1    1    1    1    1    1  4.52191E+18 0.00472 
    2    2    1    1    1    1    1    1    1    1  1.88551E+18 0.00562 
    3    3    1    1    1    1    1    1    1    1  1.95828E+17 0.01080 
];


DET1001E = [
 1.00000E-09  6.25000E-07  3.13000E-07
 6.25000E-07  1.00000E-01  5.00003E-02
 1.00000E-01  2.00000E+01  1.00500E+01
];

DET1002 = [
    1    1    1    1    1    1    1    1    1    1  1.13797E+17 0.00841 
    2    2    1    1    1    1    1    1    1    1  3.54825E+17 0.00512 
    3    3    1    1    1    1    1    1    1    1  1.68846E+17 0.00674 
];


DET1002E = [
 1.00000E-09  6.25000E-07  3.13000E-07
 6.25000E-07  1.00000E-01  5.00003E-02
 1.00000E-01  2.00000E+01  1.00500E+01
];
