
DET1001 = [
    1    1    1    1    1    1    1    1    1    1  4.68746E+18 0.00463 
    2    2    1    1    1    1    1    1    1    1  1.96816E+18 0.00552 
    3    3    1    1    1    1    1    1    1    1  1.98213E+17 0.01131 
];


DET1001E = [
 1.00000E-09  6.25000E-07  3.13000E-07
 6.25000E-07  1.00000E-01  5.00003E-02
 1.00000E-01  2.00000E+01  1.00500E+01
];

DET1002 = [
    1    1    1    1    1    1    1    1    1    1  1.11316E+17 0.00880 
    2    2    1    1    1    1    1    1    1    1  3.81801E+17 0.00496 
    3    3    1    1    1    1    1    1    1    1  1.83539E+17 0.00651 
];


DET1002E = [
 1.00000E-09  6.25000E-07  3.13000E-07
 6.25000E-07  1.00000E-01  5.00003E-02
 1.00000E-01  2.00000E+01  1.00500E+01
];
