
ZAI = [
10030
541350
922350
922380
942380
942390
942400
942410
942420
952410
952440
952450
666
0
];

NAMES = [
'H3              '
'Xe135           '
'U235            '
'U238            '
'Pu238           '
'Pu239           '
'Pu240           '
'Pu241           '
'Pu242           '
'Am241           '
'Am244           '
'Am245           '
'lost            '
'total           '
];

i10030  = 1; iH3               = 1;
i541350 = 2; iXe135            = 2;
i922350 = 3; iU235             = 3;
i922380 = 4; iU238             = 4;
i942380 = 5; iPu238            = 5;
i942390 = 6; iPu239            = 6;
i942400 = 7; iPu240            = 7;
i942410 = 8; iPu241            = 8;
i942420 = 9; iPu242            = 9;
i952410 = 10; iAm241            = 10;
i952440 = 11; iAm244            = 11;
i952450 = 12; iAm245            = 12;
iLOST    = 13;
iTOT     = 14;

MAT_uco_VOLUME = [ 3.19338E+04 3.19338E+04 3.19338E+04 3.19338E+04 ];

MAT_uco_BURNUP = [ 0.00000E+00 3.17725E-01 5.65550E+00 1.16287E+01 ];

MAT_uco_ADENS = [
0.00000E+00 7.52572E-14 1.22605E-12 2.26300E-12 % H3
0.00000E+00 3.64159E-08 3.65963E-08 3.65715E-08 % Xe135
4.87458E-03 4.86422E-03 4.69272E-03 4.50674E-03 % U235
2.01233E-02 2.01210E-02 2.00818E-02 2.00369E-02 % U238
0.00000E+00 6.31423E-14 1.32378E-09 1.24774E-08 % Pu238
0.00000E+00 1.06215E-06 3.55506E-05 6.79641E-05 % Pu239
0.00000E+00 2.37464E-09 1.37230E-06 5.15113E-06 % Pu240
0.00000E+00 8.94321E-12 1.03874E-07 8.09679E-07 % Pu241
0.00000E+00 5.10208E-15 1.17068E-09 1.94005E-08 % Pu242
0.00000E+00 1.32866E-15 2.98277E-10 4.83621E-09 % Am241
0.00000E+00 1.17946E-23 1.18104E-16 4.42684E-15 % Am244
0.00000E+00 1.66605E-27 1.51902E-20 5.68423E-19 % Am245
0.00000E+00 6.71486E-08 1.19908E-06 2.47226E-06 % lost data
7.04699E-02 7.04780E-02 7.06152E-02 7.07686E-02 % total
];

MAT_uco_MDENS = [
0.00000E+00 3.76846E-13 6.13939E-12 1.13318E-11 % H3
0.00000E+00 8.15796E-06 8.19838E-06 8.19282E-06 % Xe135
1.90258E+00 1.89853E+00 1.83160E+00 1.75901E+00 % U235
7.95473E+00 7.95382E+00 7.93831E+00 7.92056E+00 % U238
0.00000E+00 2.49600E-11 5.23286E-07 4.93229E-06 % Pu238
0.00000E+00 4.21635E-04 1.41122E-02 2.69792E-02 % Pu239
0.00000E+00 9.46593E-07 5.47035E-04 2.05337E-03 % Pu240
0.00000E+00 3.57977E-09 4.15783E-05 3.24096E-04 % Pu241
0.00000E+00 2.05080E-12 4.70559E-07 7.79811E-06 % Pu242
0.00000E+00 5.31851E-13 1.19397E-07 1.93589E-06 % Am241
0.00000E+00 4.78017E-21 4.78659E-14 1.79414E-12 % Am244
0.00000E+00 6.77997E-25 6.18165E-18 2.31319E-16 % Am245
0.00000E+00 0.00000E+00 0.00000E+00 0.00000E+00 % lost data
1.10000E+01 1.10000E+01 1.09992E+01 1.09983E+01 % total
];

MAT_uco_A = [
0.00000E+00 4.28459E+06 6.98025E+07 1.28839E+08 % H3
0.00000E+00 2.44973E+16 2.46187E+16 2.46020E+16 % Xe135
4.85666E+09 4.84633E+09 4.67547E+09 4.49017E+09 % U235
3.15907E+09 3.15871E+09 3.15255E+09 3.14550E+09 % U238
0.00000E+00 5.05002E+05 1.05874E+10 9.97924E+10 % Pu238
0.00000E+00 3.09003E+10 1.03424E+12 1.97722E+12 % Pu239
0.00000E+00 2.53864E+08 1.46708E+11 5.50688E+11 % Pu240
0.00000E+00 4.38968E+08 5.09853E+12 3.97422E+13 % Pu241
0.00000E+00 9.54315E+00 2.18969E+06 3.62875E+07 % Pu242
0.00000E+00 2.15427E+03 4.83621E+08 7.84134E+09 % Am241
0.00000E+00 7.18016E+00 7.18981E+07 2.69492E+09 % Am244
0.00000E+00 4.99697E-03 4.55600E+04 1.70487E+06 % Am245
0.00000E+00 0.00000E+00 0.00000E+00 0.00000E+00 % lost data
8.01573E+09 3.33107E+18 3.69464E+18 3.75182E+18 % total
];

MAT_uco_H = [
0.00000E+00 3.90600E-09 6.36346E-08 1.17454E-07 % H3
0.00000E+00 2.20847E+03 2.21941E+03 2.21791E+03 % Xe135
3.58920E-03 3.58157E-03 3.45529E-03 3.31835E-03 % U235
2.16388E-03 2.16364E-03 2.15942E-03 2.15459E-03 % U238
0.00000E+00 4.52172E-07 9.47979E-03 8.93528E-02 % Pu238
0.00000E+00 2.59483E-02 8.68498E-01 1.66036E+00 % Pu239
0.00000E+00 2.13578E-04 1.23427E-01 4.63299E-01 % Pu240
0.00000E+00 3.76627E-07 4.37445E-03 3.40982E-02 % Pu241
0.00000E+00 7.61744E-12 1.74783E-06 2.89651E-05 % Pu242
0.00000E+00 1.93148E-09 4.33606E-04 7.03041E-03 % Am241
0.00000E+00 1.27547E-12 1.27718E-05 4.78719E-04 % Am244
0.00000E+00 2.52114E-16 2.29865E-09 8.60162E-08 % Am245
0.00000E+00 0.00000E+00 0.00000E+00 0.00000E+00 % lost data
5.75308E-03 1.19958E+06 1.23335E+06 1.23063E+06 % total
];

MAT_uco_SF = [
0.00000E+00 0.00000E+00 0.00000E+00 0.00000E+00 % H3
0.00000E+00 0.00000E+00 0.00000E+00 0.00000E+00 % Xe135
3.49679E-01 3.48936E-01 3.36634E-01 3.23292E-01 % U235
1.72485E+05 1.72466E+05 1.72129E+05 1.71744E+05 % U238
0.00000E+00 9.39303E-04 1.96925E+01 1.85614E+02 % Pu238
0.00000E+00 9.57909E-02 3.20615E+00 6.12938E+00 % Pu239
0.00000E+00 1.44702E+01 8.36233E+03 3.13892E+04 % Pu240
0.00000E+00 0.00000E+00 0.00000E+00 0.00000E+00 % Pu241
0.00000E+00 5.24873E-05 1.20433E+01 1.99581E+02 % Pu242
0.00000E+00 9.26337E-09 2.07957E-03 3.37178E-02 % Am241
0.00000E+00 0.00000E+00 0.00000E+00 0.00000E+00 % Am244
0.00000E+00 0.00000E+00 0.00000E+00 0.00000E+00 % Am245
0.00000E+00 0.00000E+00 0.00000E+00 0.00000E+00 % lost data
1.72486E+05 1.72481E+05 1.81110E+05 2.22995E+05 % total
];

MAT_uco_ING_TOX = [
0.00000E+00 1.79953E-04 2.93170E-03 5.41122E-03 % H3
0.00000E+00 5.14443E+09 5.16992E+09 5.16642E+09 % Xe135
2.28263E+02 2.27777E+02 2.19747E+02 2.11038E+02 % U235
1.42158E+02 1.42142E+02 1.41865E+02 1.41548E+02 % U238
0.00000E+00 1.16150E-01 2.43510E+03 2.29523E+04 % Pu238
0.00000E+00 7.72507E+03 2.58560E+05 4.94305E+05 % Pu239
0.00000E+00 6.34659E+01 3.66769E+04 1.37672E+05 % Pu240
0.00000E+00 2.10705E+00 2.44730E+04 1.90763E+05 % Pu241
0.00000E+00 2.29036E-06 5.25525E-01 8.70900E+00 % Pu242
0.00000E+00 4.30854E-04 9.67242E+01 1.56827E+03 % Am241
0.00000E+00 3.30287E-09 3.30731E-02 1.23966E+00 % Am244
0.00000E+00 3.09812E-13 2.82472E-06 1.05702E-04 % Am245
0.00000E+00 0.00000E+00 0.00000E+00 0.00000E+00 % lost data
3.70421E+02 4.62885E+10 6.18131E+10 6.18276E+10 % total
];

MAT_uco_INH_TOX = [
0.00000E+00 1.11399E-03 1.81486E-02 3.34980E-02 % H3
0.00000E+00 2.69470E+09 2.70805E+09 2.70622E+09 % Xe135
4.12816E+04 4.11938E+04 3.97415E+04 3.81664E+04 % U235
2.52726E+04 2.52697E+04 2.52204E+04 2.51640E+04 % U238
0.00000E+00 5.55502E+01 1.16461E+06 1.09772E+07 % Pu238
0.00000E+00 3.70803E+06 1.24109E+08 2.37266E+08 % Pu239
0.00000E+00 3.04636E+04 1.76049E+07 6.60825E+07 % Pu240
0.00000E+00 1.00963E+03 1.17266E+07 9.14071E+07 % Pu241
0.00000E+00 1.04975E-03 2.40865E+02 3.99163E+03 % Pu242
0.00000E+00 2.06810E-01 4.64276E+04 7.52769E+05 % Am241
0.00000E+00 2.65666E-08 2.66023E-01 9.97121E+00 % Am244
0.00000E+00 2.79831E-13 2.55136E-06 9.54726E-05 % Am245
0.00000E+00 0.00000E+00 0.00000E+00 0.00000E+00 % lost data
6.65541E+04 4.46765E+10 5.95706E+10 6.13970E+10 % total
];

TOT_VOLUME = [ 3.19338E+04 3.19338E+04 3.19338E+04 3.19338E+04 ];

TOT_BURNUP = [ 0.00000E+00 3.17725E-01 5.65550E+00 1.16287E+01 ];

TOT_ADENS = [
0.00000E+00 7.52572E-14 1.22605E-12 2.26300E-12 % H3
0.00000E+00 3.64159E-08 3.65963E-08 3.65715E-08 % Xe135
4.87458E-03 4.86422E-03 4.69272E-03 4.50674E-03 % U235
2.01233E-02 2.01210E-02 2.00818E-02 2.00369E-02 % U238
0.00000E+00 6.31423E-14 1.32378E-09 1.24774E-08 % Pu238
0.00000E+00 1.06215E-06 3.55506E-05 6.79641E-05 % Pu239
0.00000E+00 2.37464E-09 1.37230E-06 5.15113E-06 % Pu240
0.00000E+00 8.94321E-12 1.03874E-07 8.09679E-07 % Pu241
0.00000E+00 5.10208E-15 1.17068E-09 1.94005E-08 % Pu242
0.00000E+00 1.32866E-15 2.98277E-10 4.83621E-09 % Am241
0.00000E+00 1.17946E-23 1.18104E-16 4.42684E-15 % Am244
0.00000E+00 1.66605E-27 1.51902E-20 5.68423E-19 % Am245
0.00000E+00 6.71486E-08 1.19908E-06 2.47226E-06 % lost data
7.04699E-02 7.04780E-02 7.06152E-02 7.07686E-02 % total
];

