
DET1001 = [
    1    1    1    1    1    1    1    1    1    1  4.47506E+18 0.00483 
    2    2    1    1    1    1    1    1    1    1  1.87529E+18 0.00588 
    3    3    1    1    1    1    1    1    1    1  1.99492E+17 0.01104 
];


DET1001E = [
 1.00000E-09  6.25000E-07  3.13000E-07
 6.25000E-07  1.00000E-01  5.00003E-02
 1.00000E-01  2.00000E+01  1.00500E+01
];

DET1002 = [
    1    1    1    1    1    1    1    1    1    1  9.94168E+16 0.00911 
    2    2    1    1    1    1    1    1    1    1  3.65816E+17 0.00546 
    3    3    1    1    1    1    1    1    1    1  1.84592E+17 0.00644 
];


DET1002E = [
 1.00000E-09  6.25000E-07  3.13000E-07
 6.25000E-07  1.00000E-01  5.00003E-02
 1.00000E-01  2.00000E+01  1.00500E+01
];
