
DET1001 = [
    1    1    1    1    1    1    1    1    1    1  4.33524E+18 0.00477 
    2    2    1    1    1    1    1    1    1    1  1.85888E+18 0.00586 
    3    3    1    1    1    1    1    1    1    1  1.97439E+17 0.01126 
];


DET1001E = [
 1.00000E-09  6.25000E-07  3.13000E-07
 6.25000E-07  1.00000E-01  5.00003E-02
 1.00000E-01  2.00000E+01  1.00500E+01
];

DET1002 = [
    1    1    1    1    1    1    1    1    1    1  9.92750E+16 0.00930 
    2    2    1    1    1    1    1    1    1    1  3.52628E+17 0.00501 
    3    3    1    1    1    1    1    1    1    1  1.76422E+17 0.00648 
];


DET1002E = [
 1.00000E-09  6.25000E-07  3.13000E-07
 6.25000E-07  1.00000E-01  5.00003E-02
 1.00000E-01  2.00000E+01  1.00500E+01
];
