
ZAI = [
10030
541350
922350
922380
942380
942390
942400
942410
942420
952410
952440
952450
666
0
];

NAMES = [
'H3              '
'Xe135           '
'U235            '
'U238            '
'Pu238           '
'Pu239           '
'Pu240           '
'Pu241           '
'Pu242           '
'Am241           '
'Am244           '
'Am245           '
'lost            '
'total           '
];

i10030  = 1; iH3               = 1;
i541350 = 2; iXe135            = 2;
i922350 = 3; iU235             = 3;
i922380 = 4; iU238             = 4;
i942380 = 5; iPu238            = 5;
i942390 = 6; iPu239            = 6;
i942400 = 7; iPu240            = 7;
i942410 = 8; iPu241            = 8;
i942420 = 9; iPu242            = 9;
i952410 = 10; iAm241            = 10;
i952440 = 11; iAm244            = 11;
i952450 = 12; iAm245            = 12;
iLOST    = 13;
iTOT     = 14;

MAT_uco_VOLUME = [ 2.80295E+04 2.80295E+04 2.80295E+04 2.80295E+04 ];

MAT_uco_BURNUP = [ 0.00000E+00 3.61971E-01 6.44312E+00 1.32485E+01 ];

MAT_uco_ADENS = [
0.00000E+00 1.06200E-13 1.68383E-12 3.02768E-12 % H3
0.00000E+00 3.75713E-08 3.78831E-08 3.78543E-08 % Xe135
4.31104E-03 4.29922E-03 4.10494E-03 3.89659E-03 % U235
2.06805E-02 2.06776E-02 2.06281E-02 2.05713E-02 % U238
0.00000E+00 1.18167E-13 2.53963E-09 2.39545E-08 % Pu238
0.00000E+00 1.32955E-06 4.35221E-05 8.11616E-05 % Pu239
0.00000E+00 3.84172E-09 2.12070E-06 7.62793E-06 % Pu240
0.00000E+00 1.88605E-11 2.08055E-07 1.53557E-06 % Pu241
0.00000E+00 1.38543E-14 3.02057E-09 4.75861E-08 % Pu242
0.00000E+00 2.80531E-15 5.97366E-10 9.18320E-09 % Am241
0.00000E+00 5.37615E-23 5.39336E-16 1.91511E-14 % Am244
0.00000E+00 9.76378E-27 8.92709E-20 3.16969E-18 % Am245
0.00000E+00 7.65065E-08 1.36823E-06 2.82356E-06 % lost data
7.04520E-02 7.04613E-02 7.06176E-02 7.07923E-02 % total
];

MAT_uco_MDENS = [
0.00000E+00 5.31788E-13 8.43167E-12 1.51609E-11 % H3
0.00000E+00 8.41679E-06 8.48665E-06 8.48019E-06 % Xe135
1.68262E+00 1.67801E+00 1.60218E+00 1.52086E+00 % U235
8.17497E+00 8.17383E+00 8.15427E+00 8.13181E+00 % U238
0.00000E+00 4.67109E-11 1.00391E-06 9.46913E-06 % Pu238
0.00000E+00 5.27781E-04 1.72766E-02 3.22181E-02 % Pu239
0.00000E+00 1.53141E-06 8.45367E-04 3.04069E-03 % Pu240
0.00000E+00 7.54941E-09 8.32796E-05 6.14653E-04 % Pu241
0.00000E+00 5.56877E-12 1.21413E-06 1.91274E-05 % Pu242
0.00000E+00 1.12294E-12 2.39120E-07 3.67595E-06 % Am241
0.00000E+00 2.17888E-20 2.18585E-13 7.76165E-12 % Am244
0.00000E+00 3.97336E-24 3.63287E-17 1.28990E-15 % Am245
0.00000E+00 0.00000E+00 0.00000E+00 0.00000E+00 % lost data
1.10000E+01 1.09999E+01 1.09991E+01 1.09981E+01 % total
];

MAT_uco_A = [
0.00000E+00 5.30700E+06 8.41441E+07 1.51299E+08 % H3
0.00000E+00 2.21844E+16 2.23685E+16 2.23515E+16 % Xe135
3.77005E+09 3.75971E+09 3.58981E+09 3.40761E+09 % U235
2.84961E+09 2.84921E+09 2.84239E+09 2.83456E+09 % U238
0.00000E+00 8.29531E+05 1.78282E+10 1.68160E+11 % Pu238
0.00000E+00 3.39504E+10 1.11135E+12 2.07248E+12 % Pu239
0.00000E+00 3.60490E+08 1.98997E+11 7.15771E+11 % Pu240
0.00000E+00 8.12562E+08 8.96359E+12 6.61567E+13 % Pu241
0.00000E+00 2.27453E+01 4.95905E+06 7.81248E+07 % Pu242
0.00000E+00 3.99237E+03 8.50141E+08 1.30691E+10 % Am241
0.00000E+00 2.87269E+01 2.88188E+08 1.02332E+10 % Am244
0.00000E+00 2.57041E-02 2.35014E+05 8.34451E+06 % Am245
0.00000E+00 0.00000E+00 0.00000E+00 0.00000E+00 % lost data
6.61965E+09 3.35853E+18 3.72822E+18 3.78053E+18 % total
];

MAT_uco_H = [
0.00000E+00 4.83807E-09 7.67090E-08 1.37930E-07 % H3
0.00000E+00 1.99996E+03 2.01656E+03 2.01503E+03 % Xe135
2.78616E-03 2.77853E-03 2.65296E-03 2.51831E-03 % U235
1.95191E-03 1.95164E-03 1.94696E-03 1.94160E-03 % U238
0.00000E+00 7.42751E-07 1.59631E-02 1.50569E-01 % Pu238
0.00000E+00 2.85096E-02 9.33247E-01 1.74035E+00 % Pu239
0.00000E+00 3.03284E-04 1.67419E-01 6.02186E-01 % Pu240
0.00000E+00 6.97165E-07 7.69061E-03 5.67613E-02 % Pu241
0.00000E+00 1.81556E-11 3.95837E-06 6.23600E-05 % Pu242
0.00000E+00 3.57949E-09 7.62221E-04 1.17175E-02 % Am241
0.00000E+00 5.10296E-12 5.11930E-05 1.81779E-03 % Am244
0.00000E+00 1.29686E-15 1.18572E-08 4.21008E-07 % Am245
0.00000E+00 0.00000E+00 0.00000E+00 0.00000E+00 % lost data
4.73807E-03 1.20160E+06 1.23424E+06 1.22792E+06 % total
];

MAT_uco_SF = [
0.00000E+00 0.00000E+00 0.00000E+00 0.00000E+00 % H3
0.00000E+00 0.00000E+00 0.00000E+00 0.00000E+00 % Xe135
2.71443E-01 2.70699E-01 2.58466E-01 2.45348E-01 % U235
1.55589E+05 1.55567E+05 1.55194E+05 1.54767E+05 % U238
0.00000E+00 1.54293E-03 3.31604E+01 3.12778E+02 % Pu238
0.00000E+00 1.05246E-01 3.44517E+00 6.42469E+00 % Pu239
0.00000E+00 2.05479E+01 1.13428E+04 4.07990E+04 % Pu240
0.00000E+00 0.00000E+00 0.00000E+00 0.00000E+00 % Pu241
0.00000E+00 1.25099E-04 2.72748E+01 4.29686E+02 % Pu242
0.00000E+00 1.71672E-08 3.65561E-03 5.61970E-02 % Am241
0.00000E+00 0.00000E+00 0.00000E+00 0.00000E+00 % Am244
0.00000E+00 0.00000E+00 0.00000E+00 0.00000E+00 % Am245
0.00000E+00 0.00000E+00 0.00000E+00 0.00000E+00 % lost data
1.55589E+05 1.55588E+05 1.67934E+05 2.38849E+05 % total
];

MAT_uco_ING_TOX = [
0.00000E+00 2.22894E-04 3.53405E-03 6.35456E-03 % H3
0.00000E+00 4.65873E+09 4.69739E+09 4.69382E+09 % Xe135
1.77192E+02 1.76707E+02 1.68721E+02 1.60157E+02 % U235
1.28232E+02 1.28215E+02 1.27908E+02 1.27555E+02 % U238
0.00000E+00 1.90792E-01 4.10048E+03 3.86769E+04 % Pu238
0.00000E+00 8.48759E+03 2.77837E+05 5.18120E+05 % Pu239
0.00000E+00 9.01225E+01 4.97493E+04 1.78943E+05 % Pu240
0.00000E+00 3.90030E+00 4.30253E+04 3.17552E+05 % Pu241
0.00000E+00 5.45888E-06 1.19017E+00 1.87499E+01 % Pu242
0.00000E+00 7.98474E-04 1.70028E+02 2.61381E+03 % Am241
0.00000E+00 1.32144E-08 1.32567E-01 4.70725E+00 % Am244
0.00000E+00 1.59365E-12 1.45709E-05 5.17360E-04 % Am245
0.00000E+00 0.00000E+00 0.00000E+00 0.00000E+00 % lost data
3.05424E+02 4.58215E+10 6.14172E+10 6.13610E+10 % total
];

MAT_uco_INH_TOX = [
0.00000E+00 1.37982E-03 2.18775E-02 3.93377E-02 % H3
0.00000E+00 2.44029E+09 2.46054E+09 2.45867E+09 % Xe135
3.20454E+04 3.19576E+04 3.05134E+04 2.89646E+04 % U235
2.27969E+04 2.27937E+04 2.27391E+04 2.26765E+04 % U238
0.00000E+00 9.12484E+01 1.96110E+06 1.84976E+07 % Pu238
0.00000E+00 4.07404E+06 1.33362E+08 2.48698E+08 % Pu239
0.00000E+00 4.32588E+04 2.38797E+07 8.58925E+07 % Pu240
0.00000E+00 1.86889E+03 2.06163E+07 1.52160E+08 % Pu241
0.00000E+00 2.50199E-03 5.45495E+02 8.59372E+03 % Pu242
0.00000E+00 3.83267E-01 8.16135E+04 1.25463E+06 % Am241
0.00000E+00 1.06289E-07 1.06630E+00 3.78627E+01 % Am244
0.00000E+00 1.43943E-12 1.31608E-05 4.67293E-04 % Am245
0.00000E+00 0.00000E+00 0.00000E+00 0.00000E+00 % lost data
5.48422E+04 4.44557E+10 5.94855E+10 6.13473E+10 % total
];

TOT_VOLUME = [ 2.80295E+04 2.80295E+04 2.80295E+04 2.80295E+04 ];

TOT_BURNUP = [ 0.00000E+00 3.61971E-01 6.44312E+00 1.32485E+01 ];

TOT_ADENS = [
0.00000E+00 1.06200E-13 1.68383E-12 3.02768E-12 % H3
0.00000E+00 3.75713E-08 3.78831E-08 3.78543E-08 % Xe135
4.31104E-03 4.29922E-03 4.10494E-03 3.89659E-03 % U235
2.06805E-02 2.06776E-02 2.06281E-02 2.05713E-02 % U238
0.00000E+00 1.18167E-13 2.53963E-09 2.39545E-08 % Pu238
0.00000E+00 1.32955E-06 4.35221E-05 8.11616E-05 % Pu239
0.00000E+00 3.84172E-09 2.12070E-06 7.62793E-06 % Pu240
0.00000E+00 1.88605E-11 2.08055E-07 1.53557E-06 % Pu241
0.00000E+00 1.38543E-14 3.02057E-09 4.75861E-08 % Pu242
0.00000E+00 2.80531E-15 5.97366E-10 9.18320E-09 % Am241
0.00000E+00 5.37615E-23 5.39336E-16 1.91511E-14 % Am244
0.00000E+00 9.76378E-27 8.92709E-20 3.16969E-18 % Am245
0.00000E+00 7.65065E-08 1.36823E-06 2.82356E-06 % lost data
7.04520E-02 7.04613E-02 7.06176E-02 7.07923E-02 % total
];

