
DET1001 = [
    1    1    1    1    1    1    1    1    1    1  4.25252E+18 0.00473 
    2    2    1    1    1    1    1    1    1    1  1.80058E+18 0.00609 
    3    3    1    1    1    1    1    1    1    1  1.88242E+17 0.01193 
];


DET1001E = [
 1.00000E-09  6.25000E-07  3.13000E-07
 6.25000E-07  1.00000E-01  5.00003E-02
 1.00000E-01  2.00000E+01  1.00500E+01
];

DET1002 = [
    1    1    1    1    1    1    1    1    1    1  1.00102E+17 0.00900 
    2    2    1    1    1    1    1    1    1    1  3.44535E+17 0.00514 
    3    3    1    1    1    1    1    1    1    1  1.71016E+17 0.00656 
];


DET1002E = [
 1.00000E-09  6.25000E-07  3.13000E-07
 6.25000E-07  1.00000E-01  5.00003E-02
 1.00000E-01  2.00000E+01  1.00500E+01
];
