
DET1001 = [
    1    1    1    1    1    1    1    1    1    1  4.17671E+18 0.00478 
    2    2    1    1    1    1    1    1    1    1  1.76397E+18 0.00629 
    3    3    1    1    1    1    1    1    1    1  1.82317E+17 0.01201 
];


DET1001E = [
 1.00000E-09  6.25000E-07  3.13000E-07
 6.25000E-07  1.00000E-01  5.00003E-02
 1.00000E-01  2.00000E+01  1.00500E+01
];

DET1002 = [
    1    1    1    1    1    1    1    1    1    1  1.00909E+17 0.00889 
    2    2    1    1    1    1    1    1    1    1  3.36702E+17 0.00534 
    3    3    1    1    1    1    1    1    1    1  1.70574E+17 0.00654 
];


DET1002E = [
 1.00000E-09  6.25000E-07  3.13000E-07
 6.25000E-07  1.00000E-01  5.00003E-02
 1.00000E-01  2.00000E+01  1.00500E+01
];
