
DET1001 = [
    1    1    1    1    1    1    1    1    1    1  5.25595E+18 0.00464 
    2    2    1    1    1    1    1    1    1    1  2.04243E+18 0.00568 
    3    3    1    1    1    1    1    1    1    1  2.06391E+17 0.01118 
];


DET1001E = [
 1.00000E-09  6.25000E-07  3.13000E-07
 6.25000E-07  1.00000E-01  5.00003E-02
 1.00000E-01  2.00000E+01  1.00500E+01
];

DET1002 = [
    1    1    1    1    1    1    1    1    1    1  1.57214E+17 0.00751 
    2    2    1    1    1    1    1    1    1    1  4.08175E+17 0.00472 
    3    3    1    1    1    1    1    1    1    1  1.89780E+17 0.00636 
];


DET1002E = [
 1.00000E-09  6.25000E-07  3.13000E-07
 6.25000E-07  1.00000E-01  5.00003E-02
 1.00000E-01  2.00000E+01  1.00500E+01
];
