
DET1001 = [
    1    1    1    1    1    1    1    1    1    1  5.35773E+18 0.00457 
    2    2    1    1    1    1    1    1    1    1  2.10528E+18 0.00542 
    3    3    1    1    1    1    1    1    1    1  2.18596E+17 0.01105 
];


DET1001E = [
 1.00000E-09  6.25000E-07  3.13000E-07
 6.25000E-07  1.00000E-01  5.00003E-02
 1.00000E-01  2.00000E+01  1.00500E+01
];

DET1002 = [
    1    1    1    1    1    1    1    1    1    1  1.57172E+17 0.00730 
    2    2    1    1    1    1    1    1    1    1  4.12272E+17 0.00467 
    3    3    1    1    1    1    1    1    1    1  1.97512E+17 0.00619 
];


DET1002E = [
 1.00000E-09  6.25000E-07  3.13000E-07
 6.25000E-07  1.00000E-01  5.00003E-02
 1.00000E-01  2.00000E+01  1.00500E+01
];
