
ZAI = [
10030
541350
922350
922380
942380
942390
942400
942410
942420
952410
952440
952450
666
0
];

NAMES = [
'H3              '
'Xe135           '
'U235            '
'U238            '
'Pu238           '
'Pu239           '
'Pu240           '
'Pu241           '
'Pu242           '
'Am241           '
'Am244           '
'Am245           '
'lost            '
'total           '
];

i10030  = 1; iH3               = 1;
i541350 = 2; iXe135            = 2;
i922350 = 3; iU235             = 3;
i922380 = 4; iU238             = 4;
i942380 = 5; iPu238            = 5;
i942390 = 6; iPu239            = 6;
i942400 = 7; iPu240            = 7;
i942410 = 8; iPu241            = 8;
i942420 = 9; iPu242            = 9;
i952410 = 10; iAm241            = 10;
i952440 = 11; iAm244            = 11;
i952450 = 12; iAm245            = 12;
iLOST    = 13;
iTOT     = 14;

MAT_uco_VOLUME = [ 3.09778E+04 3.09778E+04 3.09778E+04 3.09778E+04 ];

MAT_uco_BURNUP = [ 0.00000E+00 3.27514E-01 5.82970E+00 1.19870E+01 ];

MAT_uco_ADENS = [
0.00000E+00 8.29277E-14 1.27383E-12 2.28017E-12 % H3
0.00000E+00 3.21310E-08 3.24401E-08 3.24469E-08 % Xe135
3.74777E-03 3.73718E-03 3.56348E-03 3.37789E-03 % U235
2.12374E-02 2.12347E-02 2.11882E-02 2.11349E-02 % U238
0.00000E+00 8.27402E-14 1.70559E-09 1.62132E-08 % Pu238
0.00000E+00 1.25368E-06 4.07008E-05 7.54357E-05 % Pu239
0.00000E+00 3.66087E-09 2.10904E-06 7.63570E-06 % Pu240
0.00000E+00 1.55875E-11 1.81522E-07 1.35993E-06 % Pu241
0.00000E+00 1.18851E-14 2.77145E-09 4.43841E-08 % Pu242
0.00000E+00 2.29975E-15 5.20270E-10 8.10024E-09 % Am241
0.00000E+00 3.33997E-23 3.53921E-16 1.26876E-14 % Am244
0.00000E+00 6.22410E-27 5.97651E-20 2.14570E-18 % Am245
0.00000E+00 6.92020E-08 1.23818E-06 2.55595E-06 % lost data
7.04339E-02 7.04424E-02 7.05838E-02 7.07419E-02 % total
];

MAT_uco_MDENS = [
0.00000E+00 4.15255E-13 6.37863E-12 1.14178E-11 % H3
0.00000E+00 7.19804E-06 7.26728E-06 7.26882E-06 % Xe135
1.46278E+00 1.45864E+00 1.39085E+00 1.31841E+00 % U235
8.39511E+00 8.39404E+00 8.37568E+00 8.35459E+00 % U238
0.00000E+00 3.27069E-11 6.74215E-07 6.40904E-06 % Pu238
0.00000E+00 4.97662E-04 1.61566E-02 2.99451E-02 % Pu239
0.00000E+00 1.45932E-06 8.40719E-04 3.04379E-03 % Pu240
0.00000E+00 6.23933E-09 7.26590E-05 5.44348E-04 % Pu241
0.00000E+00 4.77727E-12 1.11400E-06 1.78404E-05 % Pu242
0.00000E+00 9.20570E-13 2.08259E-07 3.24245E-06 % Am241
0.00000E+00 1.35364E-20 1.43439E-13 5.14210E-12 % Am244
0.00000E+00 2.53289E-24 2.43213E-17 8.73190E-16 % Am245
0.00000E+00 0.00000E+00 0.00000E+00 0.00000E+00 % lost data
1.10000E+01 1.10000E+01 1.09992E+01 1.09983E+01 % total
];

MAT_uco_A = [
0.00000E+00 4.57995E+06 7.03514E+07 1.25930E+08 % H3
0.00000E+00 2.09677E+16 2.11694E+16 2.11739E+16 % Xe135
3.62220E+09 3.61197E+09 3.44408E+09 3.26472E+09 % U235
3.23415E+09 3.23374E+09 3.22667E+09 3.21854E+09 % U238
0.00000E+00 6.41931E+05 1.32327E+10 1.25789E+11 % Pu238
0.00000E+00 3.53802E+10 1.14862E+12 2.12888E+12 % Pu239
0.00000E+00 3.79653E+08 2.18720E+11 7.91865E+11 % Pu240
0.00000E+00 7.42192E+08 8.64306E+12 6.47523E+13 % Pu241
0.00000E+00 2.15649E+01 5.02864E+06 8.05326E+07 % Pu242
0.00000E+00 3.61716E+03 8.18303E+08 1.27404E+10 % Am241
0.00000E+00 1.97240E+01 2.09006E+08 7.49258E+09 % Am244
0.00000E+00 1.81091E-02 1.73887E+05 6.24292E+06 % Am245
0.00000E+00 0.00000E+00 0.00000E+00 0.00000E+00 % lost data
6.85635E+09 3.37063E+18 3.74402E+18 3.79425E+18 % total
];

MAT_uco_H = [
0.00000E+00 4.17526E-09 6.41350E-08 1.14802E-07 % H3
0.00000E+00 1.89027E+03 1.90846E+03 1.90886E+03 % Xe135
2.67690E-03 2.66934E-03 2.54527E-03 2.41271E-03 % U235
2.21531E-03 2.21503E-03 2.21018E-03 2.20462E-03 % U238
0.00000E+00 5.74777E-07 1.18483E-02 1.12629E-01 % Pu238
0.00000E+00 2.97103E-02 9.64549E-01 1.78772E+00 % Pu239
0.00000E+00 3.19406E-04 1.84011E-01 6.66204E-01 % Pu240
0.00000E+00 6.36789E-07 7.41560E-03 5.55564E-02 % Pu241
0.00000E+00 1.72133E-11 4.01392E-06 6.42820E-05 % Pu242
0.00000E+00 3.24307E-09 7.33675E-04 1.14228E-02 % Am241
0.00000E+00 3.50372E-12 3.71273E-05 1.33096E-03 % Am244
0.00000E+00 9.13662E-16 8.77317E-09 3.14976E-07 % Am245
0.00000E+00 0.00000E+00 0.00000E+00 0.00000E+00 % lost data
4.89221E-03 1.20220E+06 1.23546E+06 1.22793E+06 % total
];

MAT_uco_SF = [
0.00000E+00 0.00000E+00 0.00000E+00 0.00000E+00 % H3
0.00000E+00 0.00000E+00 0.00000E+00 0.00000E+00 % Xe135
2.60798E-01 2.60062E-01 2.47974E-01 2.35059E-01 % U235
1.76585E+05 1.76562E+05 1.76176E+05 1.75732E+05 % U238
0.00000E+00 1.19399E-03 2.46127E+01 2.33967E+02 % Pu238
0.00000E+00 1.09679E-01 3.56073E+00 6.59954E+00 % Pu239
0.00000E+00 2.16402E+01 1.24670E+04 4.51363E+04 % Pu240
0.00000E+00 0.00000E+00 0.00000E+00 0.00000E+00 % Pu241
0.00000E+00 1.18607E-04 2.76575E+01 4.42929E+02 % Pu242
0.00000E+00 1.55538E-08 3.51870E-03 5.47838E-02 % Am241
0.00000E+00 0.00000E+00 0.00000E+00 0.00000E+00 % Am244
0.00000E+00 0.00000E+00 0.00000E+00 0.00000E+00 % Am245
0.00000E+00 0.00000E+00 0.00000E+00 0.00000E+00 % lost data
1.76585E+05 1.76584E+05 1.89982E+05 2.63044E+05 % total
];

MAT_uco_ING_TOX = [
0.00000E+00 1.92358E-04 2.95476E-03 5.28905E-03 % H3
0.00000E+00 4.40322E+09 4.44557E+09 4.44651E+09 % Xe135
1.70243E+02 1.69762E+02 1.61872E+02 1.53442E+02 % U235
1.45537E+02 1.45518E+02 1.45200E+02 1.44834E+02 % U238
0.00000E+00 1.47644E-01 3.04351E+03 2.89314E+04 % Pu238
0.00000E+00 8.84505E+03 2.87156E+05 5.32221E+05 % Pu239
0.00000E+00 9.49132E+01 5.46799E+04 1.97966E+05 % Pu240
0.00000E+00 3.56252E+00 4.14867E+04 3.10811E+05 % Pu241
0.00000E+00 5.17558E-06 1.20687E+00 1.93278E+01 % Pu242
0.00000E+00 7.23431E-04 1.63661E+02 2.54808E+03 % Am241
0.00000E+00 9.07303E-09 9.61427E-02 3.44658E+00 % Am244
0.00000E+00 1.12276E-12 1.07810E-05 3.87061E-04 % Am245
0.00000E+00 0.00000E+00 0.00000E+00 0.00000E+00 % lost data
3.15780E+02 4.55570E+10 6.12246E+10 6.11522E+10 % total
];

MAT_uco_INH_TOX = [
0.00000E+00 1.19079E-03 1.82914E-02 3.27417E-02 % H3
0.00000E+00 2.30645E+09 2.32863E+09 2.32913E+09 % Xe135
3.07887E+04 3.07017E+04 2.92747E+04 2.77501E+04 % U235
2.58732E+04 2.58699E+04 2.58133E+04 2.57483E+04 % U238
0.00000E+00 7.06125E+01 1.45559E+06 1.38367E+07 % Pu238
0.00000E+00 4.24562E+06 1.37835E+08 2.55466E+08 % Pu239
0.00000E+00 4.55583E+04 2.62464E+07 9.50238E+07 % Pu240
0.00000E+00 1.70704E+03 1.98790E+07 1.48930E+08 % Pu241
0.00000E+00 2.37214E-03 5.53151E+02 8.85858E+03 % Pu242
0.00000E+00 3.47247E-01 7.85571E+04 1.22308E+06 % Am241
0.00000E+00 7.29787E-08 7.73322E-01 2.77225E+01 % Am244
0.00000E+00 1.01411E-12 9.73766E-06 3.49603E-04 % Am245
0.00000E+00 0.00000E+00 0.00000E+00 0.00000E+00 % lost data
5.66619E+04 4.43031E+10 5.94227E+10 6.12779E+10 % total
];

TOT_VOLUME = [ 3.09778E+04 3.09778E+04 3.09778E+04 3.09778E+04 ];

TOT_BURNUP = [ 0.00000E+00 3.27514E-01 5.82970E+00 1.19870E+01 ];

TOT_ADENS = [
0.00000E+00 8.29277E-14 1.27383E-12 2.28017E-12 % H3
0.00000E+00 3.21310E-08 3.24401E-08 3.24469E-08 % Xe135
3.74777E-03 3.73718E-03 3.56348E-03 3.37789E-03 % U235
2.12374E-02 2.12347E-02 2.11882E-02 2.11349E-02 % U238
0.00000E+00 8.27402E-14 1.70559E-09 1.62132E-08 % Pu238
0.00000E+00 1.25368E-06 4.07008E-05 7.54357E-05 % Pu239
0.00000E+00 3.66087E-09 2.10904E-06 7.63570E-06 % Pu240
0.00000E+00 1.55875E-11 1.81522E-07 1.35993E-06 % Pu241
0.00000E+00 1.18851E-14 2.77145E-09 4.43841E-08 % Pu242
0.00000E+00 2.29975E-15 5.20270E-10 8.10024E-09 % Am241
0.00000E+00 3.33997E-23 3.53921E-16 1.26876E-14 % Am244
0.00000E+00 6.22410E-27 5.97651E-20 2.14570E-18 % Am245
0.00000E+00 6.92020E-08 1.23818E-06 2.55595E-06 % lost data
7.04339E-02 7.04424E-02 7.05838E-02 7.07419E-02 % total
];

