
DET1001 = [
    1    1    1    1    1    1    1    1    1    1  5.07137E+18 0.00435 
    2    2    1    1    1    1    1    1    1    1  1.94684E+18 0.00570 
    3    3    1    1    1    1    1    1    1    1  1.94958E+17 0.01099 
];


DET1001E = [
 1.00000E-09  6.25000E-07  3.13000E-07
 6.25000E-07  1.00000E-01  5.00003E-02
 1.00000E-01  2.00000E+01  1.00500E+01
];

DET1002 = [
    1    1    1    1    1    1    1    1    1    1  1.56647E+17 0.00719 
    2    2    1    1    1    1    1    1    1    1  3.84182E+17 0.00481 
    3    3    1    1    1    1    1    1    1    1  1.79856E+17 0.00657 
];


DET1002E = [
 1.00000E-09  6.25000E-07  3.13000E-07
 6.25000E-07  1.00000E-01  5.00003E-02
 1.00000E-01  2.00000E+01  1.00500E+01
];
