
DET1001 = [
    1    1    1    1    1    1    1    1    1    1  5.17999E+18 0.00434 
    2    2    1    1    1    1    1    1    1    1  1.99236E+18 0.00559 
    3    3    1    1    1    1    1    1    1    1  2.04944E+17 0.01131 
];


DET1001E = [
 1.00000E-09  6.25000E-07  3.13000E-07
 6.25000E-07  1.00000E-01  5.00003E-02
 1.00000E-01  2.00000E+01  1.00500E+01
];

DET1002 = [
    1    1    1    1    1    1    1    1    1    1  1.59289E+17 0.00762 
    2    2    1    1    1    1    1    1    1    1  3.96705E+17 0.00475 
    3    3    1    1    1    1    1    1    1    1  1.86236E+17 0.00615 
];


DET1002E = [
 1.00000E-09  6.25000E-07  3.13000E-07
 6.25000E-07  1.00000E-01  5.00003E-02
 1.00000E-01  2.00000E+01  1.00500E+01
];
