
DET1001 = [
    1    1    1    1    1    1    1    1    1    1  5.35242E+18 0.00446 
    2    2    1    1    1    1    1    1    1    1  1.96264E+18 0.00587 
    3    3    1    1    1    1    1    1    1    1  2.04056E+17 0.01215 
];


DET1001E = [
 1.00000E-09  6.25000E-07  3.13000E-07
 6.25000E-07  1.00000E-01  5.00003E-02
 1.00000E-01  2.00000E+01  1.00500E+01
];

DET1002 = [
    1    1    1    1    1    1    1    1    1    1  1.83852E+17 0.00707 
    2    2    1    1    1    1    1    1    1    1  4.05877E+17 0.00459 
    3    3    1    1    1    1    1    1    1    1  1.91688E+17 0.00639 
];


DET1002E = [
 1.00000E-09  6.25000E-07  3.13000E-07
 6.25000E-07  1.00000E-01  5.00003E-02
 1.00000E-01  2.00000E+01  1.00500E+01
];
