
DET1001 = [
    1    1    1    1    1    1    1    1    1    1  5.17925E+18 0.00450 
    2    2    1    1    1    1    1    1    1    1  1.86516E+18 0.00523 
    3    3    1    1    1    1    1    1    1    1  1.92915E+17 0.01108 
];


DET1001E = [
 1.00000E-09  6.25000E-07  3.13000E-07
 6.25000E-07  1.00000E-01  5.00003E-02
 1.00000E-01  2.00000E+01  1.00500E+01
];

DET1002 = [
    1    1    1    1    1    1    1    1    1    1  1.81031E+17 0.00697 
    2    2    1    1    1    1    1    1    1    1  3.83125E+17 0.00471 
    3    3    1    1    1    1    1    1    1    1  1.79913E+17 0.00641 
];


DET1002E = [
 1.00000E-09  6.25000E-07  3.13000E-07
 6.25000E-07  1.00000E-01  5.00003E-02
 1.00000E-01  2.00000E+01  1.00500E+01
];
