
DET1001 = [
    1    1    1    1    1    1    1    1    1    1  5.42723E+18 0.00489 
    2    2    1    1    1    1    1    1    1    1  1.99554E+18 0.00589 
    3    3    1    1    1    1    1    1    1    1  2.02655E+17 0.01150 
];


DET1001E = [
 1.00000E-09  6.25000E-07  3.13000E-07
 6.25000E-07  1.00000E-01  5.00003E-02
 1.00000E-01  2.00000E+01  1.00500E+01
];

DET1002 = [
    1    1    1    1    1    1    1    1    1    1  1.84442E+17 0.00752 
    2    2    1    1    1    1    1    1    1    1  4.19263E+17 0.00496 
    3    3    1    1    1    1    1    1    1    1  1.97665E+17 0.00609 
];


DET1002E = [
 1.00000E-09  6.25000E-07  3.13000E-07
 6.25000E-07  1.00000E-01  5.00003E-02
 1.00000E-01  2.00000E+01  1.00500E+01
];
