
ZAI = [
10030
541350
922350
922380
942380
942390
942400
942410
942420
952410
952440
952450
666
0
];

NAMES = [
'H3              '
'Xe135           '
'U235            '
'U238            '
'Pu238           '
'Pu239           '
'Pu240           '
'Pu241           '
'Pu242           '
'Am241           '
'Am244           '
'Am245           '
'lost            '
'total           '
];

i10030  = 1; iH3               = 1;
i541350 = 2; iXe135            = 2;
i922350 = 3; iU235             = 3;
i922380 = 4; iU238             = 4;
i942380 = 5; iPu238            = 5;
i942390 = 6; iPu239            = 6;
i942400 = 7; iPu240            = 7;
i942410 = 8; iPu241            = 8;
i942420 = 9; iPu242            = 9;
i952410 = 10; iAm241            = 10;
i952440 = 11; iAm244            = 11;
i952450 = 12; iAm245            = 12;
iLOST    = 13;
iTOT     = 14;

MAT_uco_VOLUME = [ 2.05629E+04 2.05629E+04 2.05629E+04 2.05629E+04 ];

MAT_uco_BURNUP = [ 0.00000E+00 4.93401E-01 8.78252E+00 1.80586E+01 ];

MAT_uco_ADENS = [
0.00000E+00 9.80435E-14 1.48303E-12 2.58918E-12 % H3
0.00000E+00 4.15505E-08 4.16011E-08 4.10987E-08 % Xe135
4.31104E-03 4.29514E-03 4.03482E-03 3.75757E-03 % U235
2.06805E-02 2.06771E-02 2.06184E-02 2.05505E-02 % U238
0.00000E+00 1.34877E-13 3.55133E-09 3.49408E-08 % Pu238
0.00000E+00 1.57665E-06 4.92856E-05 8.79036E-05 % Pu239
0.00000E+00 5.97703E-09 3.35892E-06 1.17327E-05 % Pu240
0.00000E+00 3.10114E-11 3.48453E-07 2.48449E-06 % Pu241
0.00000E+00 3.10990E-14 7.07120E-09 1.10039E-07 % Pu242
0.00000E+00 4.55963E-15 9.97221E-10 1.47026E-08 % Am241
0.00000E+00 1.28757E-22 1.36231E-15 4.86715E-14 % Am244
0.00000E+00 3.13345E-26 2.99449E-19 1.09044E-17 % Am245
0.00000E+00 1.04249E-07 1.86614E-06 3.85244E-06 % lost data
7.04520E-02 7.04646E-02 7.06778E-02 7.09158E-02 % total
];

MAT_uco_MDENS = [
0.00000E+00 4.90947E-13 7.42616E-12 1.29652E-11 % H3
0.00000E+00 9.30821E-06 9.31955E-06 9.20701E-06 % Xe135
1.68262E+00 1.67642E+00 1.57481E+00 1.46660E+00 % U235
8.17497E+00 8.17363E+00 8.15044E+00 8.12360E+00 % U238
0.00000E+00 5.33164E-11 1.40383E-06 1.38120E-05 % Pu238
0.00000E+00 6.25869E-04 1.95645E-02 3.48944E-02 % Pu239
0.00000E+00 2.38260E-06 1.33895E-03 4.67697E-03 % Pu240
0.00000E+00 1.24131E-08 1.39478E-04 9.94486E-04 % Pu241
0.00000E+00 1.25004E-11 2.84230E-06 4.42307E-05 % Pu242
0.00000E+00 1.82518E-12 3.99178E-07 5.88532E-06 % Am241
0.00000E+00 5.21832E-20 5.52125E-13 1.97258E-11 % Am244
0.00000E+00 1.27515E-23 1.21860E-16 4.43754E-15 % Am245
0.00000E+00 0.00000E+00 0.00000E+00 0.00000E+00 % lost data
1.10000E+01 1.09999E+01 1.09987E+01 1.09974E+01 % total
];

MAT_uco_A = [
0.00000E+00 3.59430E+06 5.43681E+07 9.49200E+07 % H3
0.00000E+00 1.79985E+16 1.80205E+16 1.78029E+16 % Xe135
2.76577E+09 2.75557E+09 2.58856E+09 2.41069E+09 % U235
2.09052E+09 2.09018E+09 2.08425E+09 2.07738E+09 % U238
0.00000E+00 6.94616E+05 1.82893E+10 1.79945E+11 % Pu238
0.00000E+00 2.95355E+10 9.23272E+11 1.64671E+12 % Pu239
0.00000E+00 4.11455E+08 2.31226E+11 8.07674E+11 % Pu240
0.00000E+00 9.80156E+08 1.10133E+13 7.85257E+13 % Pu241
0.00000E+00 3.74563E+01 8.51671E+06 1.32534E+08 % Pu242
0.00000E+00 4.76047E+03 1.04115E+09 1.53502E+10 % Am241
0.00000E+00 5.04726E+01 5.34026E+08 1.90792E+10 % Am244
0.00000E+00 6.05169E-02 5.78330E+05 2.10599E+07 % Am245
0.00000E+00 0.00000E+00 0.00000E+00 0.00000E+00 % lost data
4.85629E+09 3.31079E+18 3.65779E+18 3.70166E+18 % total
];

MAT_uco_H = [
0.00000E+00 3.27670E-09 4.95641E-08 8.65327E-08 % H3
0.00000E+00 1.62260E+03 1.62458E+03 1.60496E+03 % Xe135
2.04398E-03 2.03644E-03 1.91301E-03 1.78156E-03 % U235
1.43195E-03 1.43172E-03 1.42766E-03 1.42296E-03 % U238
0.00000E+00 6.21950E-07 1.63760E-02 1.61120E-01 % Pu238
0.00000E+00 2.48023E-02 7.75312E-01 1.38281E+00 % Pu239
0.00000E+00 3.46162E-04 1.94533E-01 6.79505E-01 % Pu240
0.00000E+00 8.40957E-07 9.44924E-03 6.73737E-02 % Pu241
0.00000E+00 2.98981E-11 6.79813E-06 1.05790E-04 % Pu242
0.00000E+00 4.26815E-09 9.33473E-04 1.37627E-02 % Am241
0.00000E+00 8.96582E-12 9.48631E-05 3.38919E-03 % Am244
0.00000E+00 3.05328E-15 2.91787E-08 1.06254E-06 % Am245
0.00000E+00 0.00000E+00 0.00000E+00 0.00000E+00 % lost data
3.47593E-03 1.19734E+06 1.22258E+06 1.21215E+06 % total
];

MAT_uco_SF = [
0.00000E+00 0.00000E+00 0.00000E+00 0.00000E+00 % H3
0.00000E+00 0.00000E+00 0.00000E+00 0.00000E+00 % Xe135
1.99136E-01 1.98401E-01 1.86376E-01 1.73570E-01 % U235
1.14142E+05 1.14124E+05 1.13800E+05 1.13425E+05 % U238
0.00000E+00 1.29199E-03 3.40182E+01 3.34698E+02 % Pu238
0.00000E+00 9.15600E-02 2.86214E+00 5.10479E+00 % Pu239
0.00000E+00 2.34529E+01 1.31799E+04 4.60374E+04 % Pu240
0.00000E+00 0.00000E+00 0.00000E+00 0.00000E+00 % Pu241
0.00000E+00 2.06010E-04 4.68419E+01 7.28934E+02 % Pu242
0.00000E+00 2.04700E-08 4.47693E-03 6.60059E-02 % Am241
0.00000E+00 0.00000E+00 0.00000E+00 0.00000E+00 % Am244
0.00000E+00 0.00000E+00 0.00000E+00 0.00000E+00 % Am245
0.00000E+00 0.00000E+00 0.00000E+00 0.00000E+00 % lost data
1.14143E+05 1.14148E+05 1.29204E+05 2.27615E+05 % total
];

MAT_uco_ING_TOX = [
0.00000E+00 1.50961E-04 2.28346E-03 3.98664E-03 % H3
0.00000E+00 3.77969E+09 3.78430E+09 3.73860E+09 % Xe135
1.29991E+02 1.29512E+02 1.21662E+02 1.13303E+02 % U235
9.40735E+01 9.40580E+01 9.37912E+01 9.34823E+01 % U238
0.00000E+00 1.59762E-01 4.20655E+03 4.13874E+04 % Pu238
0.00000E+00 7.38387E+03 2.30818E+05 4.11677E+05 % Pu239
0.00000E+00 1.02864E+02 5.78066E+04 2.01918E+05 % Pu240
0.00000E+00 4.70475E+00 5.28639E+04 3.76923E+05 % Pu241
0.00000E+00 8.98952E-06 2.04401E+00 3.18081E+01 % Pu242
0.00000E+00 9.52094E-04 2.08229E+02 3.07004E+03 % Am241
0.00000E+00 2.32174E-08 2.45652E-01 8.77645E+00 % Am244
0.00000E+00 3.75205E-12 3.58565E-05 1.30571E-03 % Am245
0.00000E+00 0.00000E+00 0.00000E+00 0.00000E+00 % lost data
2.24065E+02 4.48922E+10 6.02115E+10 5.99585E+10 % total
];

MAT_uco_INH_TOX = [
0.00000E+00 9.34519E-04 1.41357E-02 2.46792E-02 % H3
0.00000E+00 1.97984E+09 1.98225E+09 1.95831E+09 % Xe135
2.35091E+04 2.34224E+04 2.20028E+04 2.04909E+04 % U235
1.67242E+04 1.67214E+04 1.66740E+04 1.66191E+04 % U238
0.00000E+00 7.64077E+01 2.01183E+06 1.97940E+07 % Pu238
0.00000E+00 3.54426E+06 1.10793E+08 1.97605E+08 % Pu239
0.00000E+00 4.93746E+04 2.77472E+07 9.69209E+07 % Pu240
0.00000E+00 2.25436E+03 2.53306E+07 1.80609E+08 % Pu241
0.00000E+00 4.12020E-03 9.36838E+02 1.45787E+04 % Pu242
0.00000E+00 4.57005E-01 9.99501E+04 1.47362E+06 % Am241
0.00000E+00 1.86749E-07 1.97590E+00 7.05932E+01 % Am244
0.00000E+00 3.38894E-12 3.23865E-05 1.17935E-03 % Am245
0.00000E+00 0.00000E+00 0.00000E+00 0.00000E+00 % lost data
4.02332E+04 4.39210E+10 5.87102E+10 6.04158E+10 % total
];

TOT_VOLUME = [ 2.05629E+04 2.05629E+04 2.05629E+04 2.05629E+04 ];

TOT_BURNUP = [ 0.00000E+00 4.93401E-01 8.78252E+00 1.80586E+01 ];

TOT_ADENS = [
0.00000E+00 9.80435E-14 1.48303E-12 2.58918E-12 % H3
0.00000E+00 4.15505E-08 4.16011E-08 4.10987E-08 % Xe135
4.31104E-03 4.29514E-03 4.03482E-03 3.75757E-03 % U235
2.06805E-02 2.06771E-02 2.06184E-02 2.05505E-02 % U238
0.00000E+00 1.34877E-13 3.55133E-09 3.49408E-08 % Pu238
0.00000E+00 1.57665E-06 4.92856E-05 8.79036E-05 % Pu239
0.00000E+00 5.97703E-09 3.35892E-06 1.17327E-05 % Pu240
0.00000E+00 3.10114E-11 3.48453E-07 2.48449E-06 % Pu241
0.00000E+00 3.10990E-14 7.07120E-09 1.10039E-07 % Pu242
0.00000E+00 4.55963E-15 9.97221E-10 1.47026E-08 % Am241
0.00000E+00 1.28757E-22 1.36231E-15 4.86715E-14 % Am244
0.00000E+00 3.13345E-26 2.99449E-19 1.09044E-17 % Am245
0.00000E+00 1.04249E-07 1.86614E-06 3.85244E-06 % lost data
7.04520E-02 7.04646E-02 7.06778E-02 7.09158E-02 % total
];

