
DET1001 = [
    1    1    1    1    1    1    1    1    1    1  5.22929E+18 0.00439 
    2    2    1    1    1    1    1    1    1    1  1.91863E+18 0.00550 
    3    3    1    1    1    1    1    1    1    1  1.98218E+17 0.01092 
];


DET1001E = [
 1.00000E-09  6.25000E-07  3.13000E-07
 6.25000E-07  1.00000E-01  5.00003E-02
 1.00000E-01  2.00000E+01  1.00500E+01
];

DET1002 = [
    1    1    1    1    1    1    1    1    1    1  1.80365E+17 0.00734 
    2    2    1    1    1    1    1    1    1    1  3.91197E+17 0.00496 
    3    3    1    1    1    1    1    1    1    1  1.83559E+17 0.00644 
];


DET1002E = [
 1.00000E-09  6.25000E-07  3.13000E-07
 6.25000E-07  1.00000E-01  5.00003E-02
 1.00000E-01  2.00000E+01  1.00500E+01
];
