
ZAI = [
10030
541350
922350
922380
942380
942390
942400
942410
942420
952410
952440
952450
666
0
];

NAMES = [
'H3              '
'Xe135           '
'U235            '
'U238            '
'Pu238           '
'Pu239           '
'Pu240           '
'Pu241           '
'Pu242           '
'Am241           '
'Am244           '
'Am245           '
'lost            '
'total           '
];

i10030  = 1; iH3               = 1;
i541350 = 2; iXe135            = 2;
i922350 = 3; iU235             = 3;
i922380 = 4; iU238             = 4;
i942380 = 5; iPu238            = 5;
i942390 = 6; iPu239            = 6;
i942400 = 7; iPu240            = 7;
i942410 = 8; iPu241            = 8;
i942420 = 9; iPu242            = 9;
i952410 = 10; iAm241            = 10;
i952440 = 11; iAm244            = 11;
i952450 = 12; iAm245            = 12;
iLOST    = 13;
iTOT     = 14;

MAT_uco_VOLUME = [ 2.69784E+04 2.69784E+04 2.69784E+04 2.69784E+04 ];

MAT_uco_BURNUP = [ 0.00000E+00 3.76067E-01 6.69396E+00 1.37640E+01 ];

MAT_uco_ADENS = [
0.00000E+00 9.40107E-14 1.45417E-12 2.55173E-12 % H3
0.00000E+00 3.44980E-08 3.47887E-08 3.46608E-08 % Xe135
3.74777E-03 3.73561E-03 3.53669E-03 3.32497E-03 % U235
2.12374E-02 2.12344E-02 2.11828E-02 2.11234E-02 % U238
0.00000E+00 1.12668E-13 2.51804E-09 2.39471E-08 % Pu238
0.00000E+00 1.38858E-06 4.43001E-05 8.06967E-05 % Pu239
0.00000E+00 4.63894E-09 2.61656E-06 9.25723E-06 % Pu240
0.00000E+00 2.24206E-11 2.54811E-07 1.86056E-06 % Pu241
0.00000E+00 1.94521E-14 4.44110E-09 6.97954E-08 % Pu242
0.00000E+00 3.30757E-15 7.30118E-10 1.10664E-08 % Am241
0.00000E+00 7.00457E-23 7.49536E-16 2.65111E-14 % Am244
0.00000E+00 1.47222E-26 1.43367E-19 5.08412E-18 % Am245
0.00000E+00 7.94609E-08 1.42249E-06 2.93714E-06 % lost data
7.04339E-02 7.04436E-02 7.06061E-02 7.07876E-02 % total
];

MAT_uco_MDENS = [
0.00000E+00 4.70753E-13 7.28165E-12 1.27776E-11 % H3
0.00000E+00 7.72831E-06 7.79343E-06 7.76479E-06 % Xe135
1.46278E+00 1.45803E+00 1.38039E+00 1.29776E+00 % U235
8.39511E+00 8.39393E+00 8.37354E+00 8.35007E+00 % U238
0.00000E+00 4.45372E-11 9.95374E-07 9.46620E-06 % Pu238
0.00000E+00 5.51213E-04 1.75855E-02 3.20335E-02 % Pu239
0.00000E+00 1.84920E-06 1.04303E-03 3.69017E-03 % Pu240
0.00000E+00 8.97447E-09 1.01995E-04 7.44741E-04 % Pu241
0.00000E+00 7.81884E-12 1.78512E-06 2.80545E-05 % Pu242
0.00000E+00 1.32399E-12 2.92259E-07 4.42978E-06 % Am241
0.00000E+00 2.83885E-20 3.03776E-13 1.07446E-11 % Am244
0.00000E+00 5.99119E-24 5.83431E-17 2.06898E-15 % Am245
0.00000E+00 0.00000E+00 0.00000E+00 0.00000E+00 % lost data
1.10000E+01 1.09999E+01 1.09990E+01 1.09980E+01 % total
];

MAT_uco_A = [
0.00000E+00 4.52173E+06 6.99426E+07 1.22733E+08 % H3
0.00000E+00 1.96060E+16 1.97712E+16 1.96985E+16 % Xe135
3.15456E+09 3.14433E+09 2.97690E+09 2.79869E+09 % U235
2.81661E+09 2.81621E+09 2.80937E+09 2.80150E+09 % U238
0.00000E+00 7.61269E+05 1.70138E+10 1.61805E+11 % Pu238
0.00000E+00 3.41281E+10 1.08880E+12 1.98334E+12 % Pu239
0.00000E+00 4.18975E+08 2.36319E+11 8.36085E+11 % Pu240
0.00000E+00 9.29724E+08 1.05663E+13 7.71526E+13 % Pu241
0.00000E+00 3.07381E+01 7.01781E+06 1.10290E+08 % Pu242
0.00000E+00 4.53067E+03 1.00010E+09 1.51586E+10 % Am241
0.00000E+00 3.60246E+01 3.85488E+08 1.36347E+10 % Am244
0.00000E+00 3.73043E-02 3.63275E+05 1.28826E+07 % Am245
0.00000E+00 0.00000E+00 0.00000E+00 0.00000E+00 % lost data
5.97117E+09 3.35725E+18 3.72415E+18 3.77100E+18 % total
];

MAT_uco_H = [
0.00000E+00 4.12218E-09 6.37624E-08 1.11888E-07 % H3
0.00000E+00 1.76751E+03 1.78240E+03 1.77585E+03 % Xe135
2.33131E-03 2.32375E-03 2.20001E-03 2.06830E-03 % U235
1.92931E-03 1.92903E-03 1.92435E-03 1.91896E-03 % U238
0.00000E+00 6.81630E-07 1.52340E-02 1.44878E-01 % Pu238
0.00000E+00 2.86589E-02 9.14310E-01 1.66550E+00 % Pu239
0.00000E+00 3.52488E-04 1.98818E-01 7.03407E-01 % Pu240
0.00000E+00 7.97688E-07 9.06574E-03 6.61957E-02 % Pu241
0.00000E+00 2.45355E-11 5.60169E-06 8.80349E-05 % Pu242
0.00000E+00 4.06211E-09 8.96675E-04 1.35909E-02 % Am241
0.00000E+00 6.39933E-12 6.84771E-05 2.42203E-03 % Am244
0.00000E+00 1.88213E-15 1.83284E-08 6.49967E-07 % Am245
0.00000E+00 0.00000E+00 0.00000E+00 0.00000E+00 % lost data
4.26061E-03 1.20111E+06 1.23182E+06 1.22249E+06 % total
];

MAT_uco_SF = [
0.00000E+00 0.00000E+00 0.00000E+00 0.00000E+00 % H3
0.00000E+00 0.00000E+00 0.00000E+00 0.00000E+00 % Xe135
2.27129E-01 2.26392E-01 2.14337E-01 2.01506E-01 % U235
1.53787E+05 1.53765E+05 1.53392E+05 1.52962E+05 % U238
0.00000E+00 1.41596E-03 3.16457E+01 3.00957E+02 % Pu238
0.00000E+00 1.05797E-01 3.37527E+00 6.14836E+00 % Pu239
0.00000E+00 2.38816E+01 1.34702E+04 4.76568E+04 % Pu240
0.00000E+00 0.00000E+00 0.00000E+00 0.00000E+00 % Pu241
0.00000E+00 1.69059E-04 3.85979E+01 6.06597E+02 % Pu242
0.00000E+00 1.94819E-08 4.30045E-03 6.51820E-02 % Am241
0.00000E+00 0.00000E+00 0.00000E+00 0.00000E+00 % Am244
0.00000E+00 0.00000E+00 0.00000E+00 0.00000E+00 % Am245
0.00000E+00 0.00000E+00 0.00000E+00 0.00000E+00 % lost data
1.53787E+05 1.53790E+05 1.68730E+05 2.58469E+05 % total
];

MAT_uco_ING_TOX = [
0.00000E+00 1.89913E-04 2.93759E-03 5.15479E-03 % H3
0.00000E+00 4.11725E+09 4.15194E+09 4.13668E+09 % Xe135
1.48264E+02 1.47784E+02 1.39914E+02 1.31538E+02 % U235
1.26748E+02 1.26730E+02 1.26422E+02 1.26067E+02 % U238
0.00000E+00 1.75092E-01 3.91318E+03 3.72151E+04 % Pu238
0.00000E+00 8.53203E+03 2.72199E+05 4.95835E+05 % Pu239
0.00000E+00 1.04744E+02 5.90799E+04 2.09021E+05 % Pu240
0.00000E+00 4.46268E+00 5.07184E+04 3.70333E+05 % Pu241
0.00000E+00 7.37714E-06 1.68427E+00 2.64697E+01 % Pu242
0.00000E+00 9.06133E-04 2.00021E+02 3.03172E+03 % Am241
0.00000E+00 1.65713E-08 1.77325E-01 6.27197E+00 % Am244
0.00000E+00 2.31287E-12 2.25230E-05 7.98718E-04 % Am245
0.00000E+00 0.00000E+00 0.00000E+00 0.00000E+00 % lost data
2.75012E+02 4.52632E+10 6.08548E+10 6.07060E+10 % total
];

MAT_uco_INH_TOX = [
0.00000E+00 1.17565E-03 1.81851E-02 3.19106E-02 % H3
0.00000E+00 2.15666E+09 2.17483E+09 2.16683E+09 % Xe135
2.68138E+04 2.67268E+04 2.53036E+04 2.37889E+04 % U235
2.25329E+04 2.25297E+04 2.24750E+04 2.24120E+04 % U238
0.00000E+00 8.37396E+01 1.87152E+06 1.77985E+07 % Pu238
0.00000E+00 4.09537E+06 1.30655E+08 2.38001E+08 % Pu239
0.00000E+00 5.02770E+04 2.83583E+07 1.00330E+08 % Pu240
0.00000E+00 2.13837E+03 2.43026E+07 1.77451E+08 % Pu241
0.00000E+00 3.38119E-03 7.71959E+02 1.21319E+04 % Pu242
0.00000E+00 4.34944E-01 9.60100E+04 1.45523E+06 % Am241
0.00000E+00 1.33291E-07 1.42631E+00 5.04484E+01 % Am244
0.00000E+00 2.08904E-12 2.03434E-05 7.21423E-04 % Am245
0.00000E+00 0.00000E+00 0.00000E+00 0.00000E+00 % lost data
4.93467E+04 4.41453E+10 5.92098E+10 6.10269E+10 % total
];

TOT_VOLUME = [ 2.69784E+04 2.69784E+04 2.69784E+04 2.69784E+04 ];

TOT_BURNUP = [ 0.00000E+00 3.76067E-01 6.69396E+00 1.37640E+01 ];

TOT_ADENS = [
0.00000E+00 9.40107E-14 1.45417E-12 2.55173E-12 % H3
0.00000E+00 3.44980E-08 3.47887E-08 3.46608E-08 % Xe135
3.74777E-03 3.73561E-03 3.53669E-03 3.32497E-03 % U235
2.12374E-02 2.12344E-02 2.11828E-02 2.11234E-02 % U238
0.00000E+00 1.12668E-13 2.51804E-09 2.39471E-08 % Pu238
0.00000E+00 1.38858E-06 4.43001E-05 8.06967E-05 % Pu239
0.00000E+00 4.63894E-09 2.61656E-06 9.25723E-06 % Pu240
0.00000E+00 2.24206E-11 2.54811E-07 1.86056E-06 % Pu241
0.00000E+00 1.94521E-14 4.44110E-09 6.97954E-08 % Pu242
0.00000E+00 3.30757E-15 7.30118E-10 1.10664E-08 % Am241
0.00000E+00 7.00457E-23 7.49536E-16 2.65111E-14 % Am244
0.00000E+00 1.47222E-26 1.43367E-19 5.08412E-18 % Am245
0.00000E+00 7.94609E-08 1.42249E-06 2.93714E-06 % lost data
7.04339E-02 7.04436E-02 7.06061E-02 7.07876E-02 % total
];

