
DET1001 = [
    1    1    1    1    1    1    1    1    1    1  4.74979E+18 0.00487 
    2    2    1    1    1    1    1    1    1    1  1.85965E+18 0.00605 
    3    3    1    1    1    1    1    1    1    1  1.70660E+17 0.01249 
];


DET1001E = [
 1.00000E-09  6.25000E-07  3.13000E-07
 6.25000E-07  1.00000E-01  5.00003E-02
 1.00000E-01  2.00000E+01  1.00500E+01
];

DET1002 = [
    1    1    1    1    1    1    1    1    1    1  1.54239E+17 0.00723 
    2    2    1    1    1    1    1    1    1    1  4.11062E+17 0.00479 
    3    3    1    1    1    1    1    1    1    1  1.90840E+17 0.00637 
];


DET1002E = [
 1.00000E-09  6.25000E-07  3.13000E-07
 6.25000E-07  1.00000E-01  5.00003E-02
 1.00000E-01  2.00000E+01  1.00500E+01
];
