
DET1001 = [
    1    1    1    1    1    1    1    1    1    1  4.58611E+18 0.00461 
    2    2    1    1    1    1    1    1    1    1  1.77226E+18 0.00602 
    3    3    1    1    1    1    1    1    1    1  1.59159E+17 0.01153 
];


DET1001E = [
 1.00000E-09  6.25000E-07  3.13000E-07
 6.25000E-07  1.00000E-01  5.00003E-02
 1.00000E-01  2.00000E+01  1.00500E+01
];

DET1002 = [
    1    1    1    1    1    1    1    1    1    1  1.57001E+17 0.00772 
    2    2    1    1    1    1    1    1    1    1  3.84875E+17 0.00496 
    3    3    1    1    1    1    1    1    1    1  1.78217E+17 0.00642 
];


DET1002E = [
 1.00000E-09  6.25000E-07  3.13000E-07
 6.25000E-07  1.00000E-01  5.00003E-02
 1.00000E-01  2.00000E+01  1.00500E+01
];
