
DET1001 = [
    1    1    1    1    1    1    1    1    1    1  4.71569E+18 0.00485 
    2    2    1    1    1    1    1    1    1    1  1.81691E+18 0.00618 
    3    3    1    1    1    1    1    1    1    1  1.67256E+17 0.01204 
];


DET1001E = [
 1.00000E-09  6.25000E-07  3.13000E-07
 6.25000E-07  1.00000E-01  5.00003E-02
 1.00000E-01  2.00000E+01  1.00500E+01
];

DET1002 = [
    1    1    1    1    1    1    1    1    1    1  1.53063E+17 0.00735 
    2    2    1    1    1    1    1    1    1    1  3.96231E+17 0.00486 
    3    3    1    1    1    1    1    1    1    1  1.83556E+17 0.00645 
];


DET1002E = [
 1.00000E-09  6.25000E-07  3.13000E-07
 6.25000E-07  1.00000E-01  5.00003E-02
 1.00000E-01  2.00000E+01  1.00500E+01
];
