
DET1001 = [
    1    1    1    1    1    1    1    1    1    1  4.89589E+18 0.00459 
    2    2    1    1    1    1    1    1    1    1  1.96750E+18 0.00516 
    3    3    1    1    1    1    1    1    1    1  2.01913E+17 0.01114 
];


DET1001E = [
 1.00000E-09  6.25000E-07  3.13000E-07
 6.25000E-07  1.00000E-01  5.00003E-02
 1.00000E-01  2.00000E+01  1.00500E+01
];

DET1002 = [
    1    1    1    1    1    1    1    1    1    1  1.32732E+17 0.00794 
    2    2    1    1    1    1    1    1    1    1  3.88156E+17 0.00487 
    3    3    1    1    1    1    1    1    1    1  1.85002E+17 0.00604 
];


DET1002E = [
 1.00000E-09  6.25000E-07  3.13000E-07
 6.25000E-07  1.00000E-01  5.00003E-02
 1.00000E-01  2.00000E+01  1.00500E+01
];
