
DET1001 = [
    1    1    1    1    1    1    1    1    1    1  4.83823E+18 0.00454 
    2    2    1    1    1    1    1    1    1    1  1.93710E+18 0.00607 
    3    3    1    1    1    1    1    1    1    1  1.99668E+17 0.01140 
];


DET1001E = [
 1.00000E-09  6.25000E-07  3.13000E-07
 6.25000E-07  1.00000E-01  5.00003E-02
 1.00000E-01  2.00000E+01  1.00500E+01
];

DET1002 = [
    1    1    1    1    1    1    1    1    1    1  1.32011E+17 0.00805 
    2    2    1    1    1    1    1    1    1    1  3.80483E+17 0.00474 
    3    3    1    1    1    1    1    1    1    1  1.79850E+17 0.00601 
];


DET1002E = [
 1.00000E-09  6.25000E-07  3.13000E-07
 6.25000E-07  1.00000E-01  5.00003E-02
 1.00000E-01  2.00000E+01  1.00500E+01
];
