
ZAI = [
10030
541350
922350
922380
942380
942390
942400
942410
942420
952410
952440
952450
666
0
];

NAMES = [
'H3              '
'Xe135           '
'U235            '
'U238            '
'Pu238           '
'Pu239           '
'Pu240           '
'Pu241           '
'Pu242           '
'Am241           '
'Am244           '
'Am245           '
'lost            '
'total           '
];

i10030  = 1; iH3               = 1;
i541350 = 2; iXe135            = 2;
i922350 = 3; iU235             = 3;
i922380 = 4; iU238             = 4;
i942380 = 5; iPu238            = 5;
i942390 = 6; iPu239            = 6;
i942400 = 7; iPu240            = 7;
i942410 = 8; iPu241            = 8;
i942420 = 9; iPu242            = 9;
i952410 = 10; iAm241            = 10;
i952440 = 11; iAm244            = 11;
i952450 = 12; iAm245            = 12;
iLOST    = 13;
iTOT     = 14;

MAT_uco_VOLUME = [ 2.85911E+04 2.85911E+04 2.85911E+04 2.85911E+04 ];

MAT_uco_BURNUP = [ 0.00000E+00 3.54874E-01 6.31675E+00 1.29883E+01 ];

MAT_uco_ADENS = [
0.00000E+00 7.84949E-14 1.29198E-12 2.33119E-12 % H3
0.00000E+00 3.84547E-08 3.85151E-08 3.83960E-08 % Xe135
4.87458E-03 4.86305E-03 4.67236E-03 4.46581E-03 % U235
2.01233E-02 2.01209E-02 2.00802E-02 2.00335E-02 % U238
0.00000E+00 7.01925E-14 1.57856E-09 1.51403E-08 % Pu238
0.00000E+00 1.10439E-06 3.64940E-05 6.88847E-05 % Pu239
0.00000E+00 2.73774E-09 1.58426E-06 5.89328E-06 % Pu240
0.00000E+00 1.08097E-11 1.25157E-07 9.68557E-07 % Pu241
0.00000E+00 6.89371E-15 1.58828E-09 2.63215E-08 % Pu242
0.00000E+00 1.60099E-15 3.59122E-10 5.76709E-09 % Am241
0.00000E+00 1.72770E-23 1.75508E-16 6.66965E-15 % Am244
0.00000E+00 2.70348E-27 2.49739E-20 9.60123E-19 % Am245
0.00000E+00 7.49941E-08 1.33934E-06 2.76168E-06 % lost data
7.04699E-02 7.04790E-02 7.06322E-02 7.08035E-02 % total
];

MAT_uco_MDENS = [
0.00000E+00 3.93058E-13 6.46951E-12 1.16733E-11 % H3
0.00000E+00 8.61468E-06 8.62822E-06 8.60154E-06 % Xe135
1.90258E+00 1.89808E+00 1.82365E+00 1.74303E+00 % U235
7.95473E+00 7.95378E+00 7.93767E+00 7.91921E+00 % U238
0.00000E+00 2.77469E-11 6.24000E-07 5.98491E-06 % Pu238
0.00000E+00 4.38399E-04 1.44867E-02 2.73446E-02 % Pu239
0.00000E+00 1.09134E-06 6.31527E-04 2.34921E-03 % Pu240
0.00000E+00 4.32688E-09 5.00976E-05 3.87692E-04 % Pu241
0.00000E+00 2.77095E-12 6.38416E-07 1.05800E-05 % Pu242
0.00000E+00 6.40861E-13 1.43753E-07 2.30851E-06 % Am241
0.00000E+00 7.00211E-21 7.11309E-14 2.70311E-12 % Am244
0.00000E+00 1.10018E-24 1.01631E-17 3.90721E-16 % Am245
0.00000E+00 0.00000E+00 0.00000E+00 0.00000E+00 % lost data
1.10000E+01 1.09999E+01 1.09991E+01 1.09981E+01 % total
];

MAT_uco_A = [
0.00000E+00 4.00113E+06 6.58564E+07 1.18828E+08 % H3
0.00000E+00 2.31610E+16 2.31974E+16 2.31256E+16 % Xe135
4.34829E+09 4.33800E+09 4.16790E+09 3.98365E+09 % U235
2.82840E+09 2.82806E+09 2.82233E+09 2.81577E+09 % U238
0.00000E+00 5.02625E+05 1.13035E+10 1.08414E+11 % Pu238
0.00000E+00 2.87658E+10 9.50555E+11 1.79423E+12 % Pu239
0.00000E+00 2.62045E+08 1.51639E+11 5.64080E+11 % Pu240
0.00000E+00 4.75045E+08 5.50017E+12 4.25643E+13 % Pu241
0.00000E+00 1.15446E+01 2.65982E+06 4.40793E+07 % Pu242
0.00000E+00 2.32410E+03 5.21325E+08 8.37189E+09 % Am241
0.00000E+00 9.41674E+00 9.56599E+07 3.63526E+09 % Am244
0.00000E+00 7.25978E-03 6.70637E+04 2.57826E+06 % Am245
0.00000E+00 0.00000E+00 0.00000E+00 0.00000E+00 % lost data
7.17668E+09 3.30910E+18 3.66420E+18 3.71928E+18 % total
];

MAT_uco_H = [
0.00000E+00 3.64759E-09 6.00372E-08 1.08328E-07 % H3
0.00000E+00 2.08800E+03 2.09128E+03 2.08481E+03 % Xe135
3.21350E-03 3.20590E-03 3.08019E-03 2.94402E-03 % U235
1.93738E-03 1.93715E-03 1.93322E-03 1.92873E-03 % U238
0.00000E+00 4.50044E-07 1.01210E-02 9.70728E-02 % Pu238
0.00000E+00 2.41560E-02 7.98224E-01 1.50670E+00 % Pu239
0.00000E+00 2.20461E-04 1.27575E-01 4.74566E-01 % Pu240
0.00000E+00 4.07580E-07 4.71905E-03 3.65195E-02 % Pu241
0.00000E+00 9.21501E-12 2.12310E-06 3.51846E-05 % Pu242
0.00000E+00 2.08375E-09 4.67411E-04 7.50608E-03 % Am241
0.00000E+00 1.67277E-12 1.69928E-05 6.45758E-04 % Am244
0.00000E+00 3.66280E-16 3.38358E-09 1.30082E-07 % Am245
0.00000E+00 0.00000E+00 0.00000E+00 0.00000E+00 % lost data
5.15088E-03 1.19785E+06 1.22933E+06 1.22581E+06 % total
];

MAT_uco_SF = [
0.00000E+00 0.00000E+00 0.00000E+00 0.00000E+00 % H3
0.00000E+00 0.00000E+00 0.00000E+00 0.00000E+00 % Xe135
3.13077E-01 3.12336E-01 3.00089E-01 2.86823E-01 % U235
1.54430E+05 1.54412E+05 1.54099E+05 1.53741E+05 % U238
0.00000E+00 9.34883E-04 2.10246E+01 2.01651E+02 % Pu238
0.00000E+00 8.91741E-02 2.94672E+00 5.56212E+00 % Pu239
0.00000E+00 1.49366E+01 8.64341E+03 3.21525E+04 % Pu240
0.00000E+00 0.00000E+00 0.00000E+00 0.00000E+00 % Pu241
0.00000E+00 6.34952E-05 1.46290E+01 2.42436E+02 % Pu242
0.00000E+00 9.99364E-09 2.24170E-03 3.59991E-02 % Am241
0.00000E+00 0.00000E+00 0.00000E+00 0.00000E+00 % Am244
0.00000E+00 0.00000E+00 0.00000E+00 0.00000E+00 % Am245
0.00000E+00 0.00000E+00 0.00000E+00 0.00000E+00 % lost data
1.54431E+05 1.54428E+05 1.63478E+05 2.09549E+05 % total
];

MAT_uco_ING_TOX = [
0.00000E+00 1.68048E-04 2.76597E-03 4.99078E-03 % H3
0.00000E+00 4.86381E+09 4.87145E+09 4.85639E+09 % Xe135
2.04370E+02 2.03886E+02 1.95891E+02 1.87232E+02 % U235
1.27278E+02 1.27263E+02 1.27005E+02 1.26709E+02 % U238
0.00000E+00 1.15604E-01 2.59981E+03 2.49353E+04 % Pu238
0.00000E+00 7.19146E+03 2.37639E+05 4.48558E+05 % Pu239
0.00000E+00 6.55113E+01 3.79097E+04 1.41020E+05 % Pu240
0.00000E+00 2.28021E+00 2.64008E+04 2.04309E+05 % Pu241
0.00000E+00 2.77070E-06 6.38357E-01 1.05790E+01 % Pu242
0.00000E+00 4.64820E-04 1.04265E+02 1.67438E+03 % Am241
0.00000E+00 4.33170E-09 4.40035E-02 1.67222E+00 % Am244
0.00000E+00 4.50106E-13 4.15795E-06 1.59852E-04 % Am245
0.00000E+00 0.00000E+00 0.00000E+00 0.00000E+00 % lost data
3.31647E+02 4.59934E+10 6.14175E+10 6.13908E+10 % total
];

MAT_uco_INH_TOX = [
0.00000E+00 1.04030E-03 1.71227E-02 3.08953E-02 % H3
0.00000E+00 2.54771E+09 2.55171E+09 2.54382E+09 % Xe135
3.69605E+04 3.68730E+04 3.54272E+04 3.38610E+04 % U235
2.26272E+04 2.26245E+04 2.25786E+04 2.25261E+04 % U238
0.00000E+00 5.52888E+01 1.24339E+06 1.19256E+07 % Pu238
0.00000E+00 3.45190E+06 1.14067E+08 2.15308E+08 % Pu239
0.00000E+00 3.14454E+04 1.81967E+07 6.76896E+07 % Pu240
0.00000E+00 1.09260E+03 1.26504E+07 9.78980E+07 % Pu241
0.00000E+00 1.26990E-03 2.92580E+02 4.84873E+03 % Pu242
0.00000E+00 2.23114E-01 5.00472E+04 8.03701E+05 % Am241
0.00000E+00 3.48420E-08 3.53942E-01 1.34505E+01 % Am244
0.00000E+00 4.06548E-13 3.75556E-06 1.44383E-04 % Am245
0.00000E+00 0.00000E+00 0.00000E+00 0.00000E+00 % lost data
5.95876E+04 4.45093E+10 5.93089E+10 6.10980E+10 % total
];

TOT_VOLUME = [ 2.85911E+04 2.85911E+04 2.85911E+04 2.85911E+04 ];

TOT_BURNUP = [ 0.00000E+00 3.54874E-01 6.31675E+00 1.29883E+01 ];

TOT_ADENS = [
0.00000E+00 7.84949E-14 1.29198E-12 2.33119E-12 % H3
0.00000E+00 3.84547E-08 3.85151E-08 3.83960E-08 % Xe135
4.87458E-03 4.86305E-03 4.67236E-03 4.46581E-03 % U235
2.01233E-02 2.01209E-02 2.00802E-02 2.00335E-02 % U238
0.00000E+00 7.01925E-14 1.57856E-09 1.51403E-08 % Pu238
0.00000E+00 1.10439E-06 3.64940E-05 6.88847E-05 % Pu239
0.00000E+00 2.73774E-09 1.58426E-06 5.89328E-06 % Pu240
0.00000E+00 1.08097E-11 1.25157E-07 9.68557E-07 % Pu241
0.00000E+00 6.89371E-15 1.58828E-09 2.63215E-08 % Pu242
0.00000E+00 1.60099E-15 3.59122E-10 5.76709E-09 % Am241
0.00000E+00 1.72770E-23 1.75508E-16 6.66965E-15 % Am244
0.00000E+00 2.70348E-27 2.49739E-20 9.60123E-19 % Am245
0.00000E+00 7.49941E-08 1.33934E-06 2.76168E-06 % lost data
7.04699E-02 7.04790E-02 7.06322E-02 7.08035E-02 % total
];

