
DET1001 = [
    1    1    1    1    1    1    1    1    1    1  4.67342E+18 0.00463 
    2    2    1    1    1    1    1    1    1    1  1.87100E+18 0.00551 
    3    3    1    1    1    1    1    1    1    1  1.90870E+17 0.01181 
];


DET1001E = [
 1.00000E-09  6.25000E-07  3.13000E-07
 6.25000E-07  1.00000E-01  5.00003E-02
 1.00000E-01  2.00000E+01  1.00500E+01
];

DET1002 = [
    1    1    1    1    1    1    1    1    1    1  1.29657E+17 0.00745 
    2    2    1    1    1    1    1    1    1    1  3.61919E+17 0.00486 
    3    3    1    1    1    1    1    1    1    1  1.70638E+17 0.00652 
];


DET1002E = [
 1.00000E-09  6.25000E-07  3.13000E-07
 6.25000E-07  1.00000E-01  5.00003E-02
 1.00000E-01  2.00000E+01  1.00500E+01
];
