
DET1001 = [
    1    1    1    1    1    1    1    1    1    1  5.13704E+18 0.00457 
    2    2    1    1    1    1    1    1    1    1  1.94468E+18 0.00589 
    3    3    1    1    1    1    1    1    1    1  2.03036E+17 0.01154 
];


DET1001E = [
 1.00000E-09  6.25000E-07  3.13000E-07
 6.25000E-07  1.00000E-01  5.00003E-02
 1.00000E-01  2.00000E+01  1.00500E+01
];

DET1002 = [
    1    1    1    1    1    1    1    1    1    1  1.60588E+17 0.00770 
    2    2    1    1    1    1    1    1    1    1  4.06232E+17 0.00497 
    3    3    1    1    1    1    1    1    1    1  1.99985E+17 0.00622 
];


DET1002E = [
 1.00000E-09  6.25000E-07  3.13000E-07
 6.25000E-07  1.00000E-01  5.00003E-02
 1.00000E-01  2.00000E+01  1.00500E+01
];
