
DET1001 = [
    1    1    1    1    1    1    1    1    1    1  4.80885E+18 0.00451 
    2    2    1    1    1    1    1    1    1    1  1.80584E+18 0.00560 
    3    3    1    1    1    1    1    1    1    1  1.87423E+17 0.01185 
];


DET1001E = [
 1.00000E-09  6.25000E-07  3.13000E-07
 6.25000E-07  1.00000E-01  5.00003E-02
 1.00000E-01  2.00000E+01  1.00500E+01
];

DET1002 = [
    1    1    1    1    1    1    1    1    1    1  1.56448E+17 0.00695 
    2    2    1    1    1    1    1    1    1    1  3.63669E+17 0.00511 
    3    3    1    1    1    1    1    1    1    1  1.73774E+17 0.00668 
];


DET1002E = [
 1.00000E-09  6.25000E-07  3.13000E-07
 6.25000E-07  1.00000E-01  5.00003E-02
 1.00000E-01  2.00000E+01  1.00500E+01
];
