
ZAI = [
10030
541350
922350
922380
942380
942390
942400
942410
942420
952410
952440
952450
666
0
];

NAMES = [
'H3              '
'Xe135           '
'U235            '
'U238            '
'Pu238           '
'Pu239           '
'Pu240           '
'Pu241           '
'Pu242           '
'Am241           '
'Am244           '
'Am245           '
'lost            '
'total           '
];

i10030  = 1; iH3               = 1;
i541350 = 2; iXe135            = 2;
i922350 = 3; iU235             = 3;
i922380 = 4; iU238             = 4;
i942380 = 5; iPu238            = 5;
i942390 = 6; iPu239            = 6;
i942400 = 7; iPu240            = 7;
i942410 = 8; iPu241            = 8;
i942420 = 9; iPu242            = 9;
i952410 = 10; iAm241            = 10;
i952440 = 11; iAm244            = 11;
i952450 = 12; iAm245            = 12;
iLOST    = 13;
iTOT     = 14;

MAT_uco_VOLUME = [ 2.20231E+04 2.20231E+04 2.20231E+04 2.20231E+04 ];

MAT_uco_BURNUP = [ 0.00000E+00 4.60686E-01 8.20001E+00 1.68608E+01 ];

MAT_uco_ADENS = [
0.00000E+00 1.16399E-13 1.75054E-12 2.97717E-12 % H3
0.00000E+00 3.77292E-08 3.79813E-08 3.76317E-08 % Xe135
3.74777E-03 3.73290E-03 3.49065E-03 3.23487E-03 % U235
2.12374E-02 2.12338E-02 2.11719E-02 2.11003E-02 % U238
0.00000E+00 1.77185E-13 4.31754E-09 4.14678E-08 % Pu238
0.00000E+00 1.64988E-06 5.13040E-05 9.06392E-05 % Pu239
0.00000E+00 6.75681E-09 3.69851E-06 1.26005E-05 % Pu240
0.00000E+00 3.89579E-11 4.28545E-07 2.98197E-06 % Pu241
0.00000E+00 4.18708E-14 9.32686E-09 1.41030E-07 % Pu242
0.00000E+00 5.74086E-15 1.22640E-09 1.76671E-08 % Am241
0.00000E+00 2.23864E-22 2.24925E-15 7.92147E-14 % Am244
0.00000E+00 5.84311E-26 5.33370E-19 1.89550E-17 % Am245
0.00000E+00 9.73435E-08 1.74485E-06 3.60450E-06 % lost data
7.04339E-02 7.04458E-02 7.06449E-02 7.08672E-02 % total
];

MAT_uco_MDENS = [
0.00000E+00 5.82861E-13 8.76571E-12 1.49080E-11 % H3
0.00000E+00 8.45217E-06 8.50864E-06 8.43032E-06 % Xe135
1.46278E+00 1.45697E+00 1.36242E+00 1.26259E+00 % U235
8.39511E+00 8.39370E+00 8.36923E+00 8.34094E+00 % U238
0.00000E+00 7.00405E-11 1.70671E-06 1.63921E-05 % Pu238
0.00000E+00 6.54940E-04 2.03657E-02 3.59803E-02 % Pu239
0.00000E+00 2.69344E-06 1.47432E-03 5.02289E-03 % Pu240
0.00000E+00 1.55940E-08 1.71537E-04 1.19362E-03 % Pu241
0.00000E+00 1.68301E-11 3.74897E-06 5.66875E-05 % Pu242
0.00000E+00 2.29801E-12 4.90917E-07 7.07197E-06 % Am241
0.00000E+00 9.07290E-20 9.11590E-13 3.21046E-11 % Am244
0.00000E+00 2.37785E-23 2.17055E-16 7.71372E-15 % Am245
0.00000E+00 0.00000E+00 0.00000E+00 0.00000E+00 % lost data
1.10000E+01 1.09999E+01 1.09988E+01 1.09976E+01 % total
];

MAT_uco_A = [
0.00000E+00 4.57024E+06 6.87323E+07 1.16894E+08 % H3
0.00000E+00 1.75038E+16 1.76208E+16 1.74586E+16 % Xe135
2.57514E+09 2.56493E+09 2.39847E+09 2.22272E+09 % U235
2.29926E+09 2.29888E+09 2.29217E+09 2.28443E+09 % U238
0.00000E+00 9.77298E+05 2.38143E+10 2.28724E+11 % Pu238
0.00000E+00 3.31022E+10 1.02933E+12 1.81853E+12 % Pu239
0.00000E+00 4.98165E+08 2.72683E+11 9.29008E+11 % Pu240
0.00000E+00 1.31875E+09 1.45066E+13 1.00942E+14 % Pu241
0.00000E+00 5.40112E+01 1.20312E+07 1.81921E+08 % Pu242
0.00000E+00 6.41935E+03 1.37134E+09 1.97551E+10 % Am241
0.00000E+00 9.39865E+01 9.44319E+08 3.32573E+10 % Am244
0.00000E+00 1.20863E-01 1.10326E+06 3.92077E+07 % Am245
0.00000E+00 0.00000E+00 0.00000E+00 0.00000E+00 % lost data
4.87441E+09 3.34529E+18 3.70596E+18 3.74622E+18 % total
];

MAT_uco_H = [
0.00000E+00 4.16641E-09 6.26590E-08 1.06565E-07 % H3
0.00000E+00 1.57800E+03 1.58854E+03 1.57392E+03 % Xe135
1.90310E-03 1.89555E-03 1.77253E-03 1.64265E-03 % U235
1.57494E-03 1.57467E-03 1.57008E-03 1.56477E-03 % U238
0.00000E+00 8.75059E-07 2.13230E-02 2.04796E-01 % Pu238
0.00000E+00 2.77974E-02 8.64375E-01 1.52710E+00 % Pu239
0.00000E+00 4.19111E-04 2.29411E-01 7.81585E-01 % Pu240
0.00000E+00 1.13147E-06 1.24464E-02 8.66065E-02 % Pu241
0.00000E+00 4.31124E-11 9.60342E-06 1.45212E-04 % Pu242
0.00000E+00 5.75548E-09 1.22952E-03 1.77121E-02 % Am241
0.00000E+00 1.66955E-11 1.67746E-04 5.90773E-03 % Am244
0.00000E+00 6.09791E-15 5.56630E-08 1.97816E-06 % Am245
0.00000E+00 0.00000E+00 0.00000E+00 0.00000E+00 % lost data
3.47803E-03 1.20002E+06 1.22686E+06 1.21397E+06 % total
];

MAT_uco_SF = [
0.00000E+00 0.00000E+00 0.00000E+00 0.00000E+00 % H3
0.00000E+00 0.00000E+00 0.00000E+00 0.00000E+00 % Xe135
1.85410E-01 1.84675E-01 1.72690E-01 1.60036E-01 % U235
1.25540E+05 1.25519E+05 1.25153E+05 1.24730E+05 % U238
0.00000E+00 1.81777E-03 4.42945E+01 4.25426E+02 % Pu238
0.00000E+00 1.02617E-01 3.19092E+00 5.63743E+00 % Pu239
0.00000E+00 2.83954E+01 1.55429E+04 5.29535E+04 % Pu240
0.00000E+00 0.00000E+00 0.00000E+00 0.00000E+00 % Pu241
0.00000E+00 2.97062E-04 6.61715E+01 1.00057E+03 % Pu242
0.00000E+00 2.76032E-08 5.89678E-03 8.49469E-02 % Am241
0.00000E+00 0.00000E+00 0.00000E+00 0.00000E+00 % Am244
0.00000E+00 0.00000E+00 0.00000E+00 0.00000E+00 % Am245
0.00000E+00 0.00000E+00 0.00000E+00 0.00000E+00 % lost data
1.25540E+05 1.25547E+05 1.43872E+05 2.73054E+05 % total
];

MAT_uco_ING_TOX = [
0.00000E+00 1.91950E-04 2.88676E-03 4.90956E-03 % H3
0.00000E+00 3.67581E+09 3.70037E+09 3.66630E+09 % Xe135
1.21032E+02 1.20552E+02 1.12728E+02 1.04468E+02 % U235
1.03467E+02 1.03450E+02 1.03148E+02 1.02799E+02 % U238
0.00000E+00 2.24778E-01 5.47728E+03 5.26065E+04 % Pu238
0.00000E+00 8.27554E+03 2.57333E+05 4.54631E+05 % Pu239
0.00000E+00 1.24541E+02 6.81707E+04 2.32252E+05 % Pu240
0.00000E+00 6.33002E+00 6.96315E+04 4.84521E+05 % Pu241
0.00000E+00 1.29627E-05 2.88748E+00 4.36611E+01 % Pu242
0.00000E+00 1.28387E-03 2.74269E+02 3.95102E+03 % Am241
0.00000E+00 4.32338E-08 4.34387E-01 1.52983E+01 % Am244
0.00000E+00 7.49348E-12 6.84019E-05 2.43088E-03 % Am245
0.00000E+00 0.00000E+00 0.00000E+00 0.00000E+00 % lost data
2.24499E+02 4.48131E+10 6.03056E+10 6.00186E+10 % total
];

MAT_uco_INH_TOX = [
0.00000E+00 1.18826E-03 1.78704E-02 3.03925E-02 % H3
0.00000E+00 1.92542E+09 1.93829E+09 1.92045E+09 % Xe135
2.18887E+04 2.18019E+04 2.03870E+04 1.88931E+04 % U235
1.83941E+04 1.83910E+04 1.83374E+04 1.82754E+04 % U238
0.00000E+00 1.07503E+02 2.61957E+06 2.51596E+07 % Pu238
0.00000E+00 3.97226E+06 1.23520E+08 2.18223E+08 % Pu239
0.00000E+00 5.97798E+04 3.27220E+07 1.11481E+08 % Pu240
0.00000E+00 3.03313E+03 3.33651E+07 2.32166E+08 % Pu241
0.00000E+00 5.94124E-03 1.32343E+03 2.00114E+04 % Pu242
0.00000E+00 6.16258E-01 1.31649E+05 1.89649E+06 % Am241
0.00000E+00 3.47750E-07 3.49398E+00 1.23052E+02 % Am244
0.00000E+00 6.76830E-12 6.17824E-05 2.19563E-03 % Am245
0.00000E+00 0.00000E+00 0.00000E+00 0.00000E+00 % lost data
4.02828E+04 4.39059E+10 5.89198E+10 6.06751E+10 % total
];

TOT_VOLUME = [ 2.20231E+04 2.20231E+04 2.20231E+04 2.20231E+04 ];

TOT_BURNUP = [ 0.00000E+00 4.60686E-01 8.20001E+00 1.68608E+01 ];

TOT_ADENS = [
0.00000E+00 1.16399E-13 1.75054E-12 2.97717E-12 % H3
0.00000E+00 3.77292E-08 3.79813E-08 3.76317E-08 % Xe135
3.74777E-03 3.73290E-03 3.49065E-03 3.23487E-03 % U235
2.12374E-02 2.12338E-02 2.11719E-02 2.11003E-02 % U238
0.00000E+00 1.77185E-13 4.31754E-09 4.14678E-08 % Pu238
0.00000E+00 1.64988E-06 5.13040E-05 9.06392E-05 % Pu239
0.00000E+00 6.75681E-09 3.69851E-06 1.26005E-05 % Pu240
0.00000E+00 3.89579E-11 4.28545E-07 2.98197E-06 % Pu241
0.00000E+00 4.18708E-14 9.32686E-09 1.41030E-07 % Pu242
0.00000E+00 5.74086E-15 1.22640E-09 1.76671E-08 % Am241
0.00000E+00 2.23864E-22 2.24925E-15 7.92147E-14 % Am244
0.00000E+00 5.84311E-26 5.33370E-19 1.89550E-17 % Am245
0.00000E+00 9.73435E-08 1.74485E-06 3.60450E-06 % lost data
7.04339E-02 7.04458E-02 7.06449E-02 7.08672E-02 % total
];

