
DET1001 = [
    1    1    1    1    1    1    1    1    1    1  4.87597E+18 0.00436 
    2    2    1    1    1    1    1    1    1    1  1.84326E+18 0.00583 
    3    3    1    1    1    1    1    1    1    1  1.93661E+17 0.01145 
];


DET1001E = [
 1.00000E-09  6.25000E-07  3.13000E-07
 6.25000E-07  1.00000E-01  5.00003E-02
 1.00000E-01  2.00000E+01  1.00500E+01
];

DET1002 = [
    1    1    1    1    1    1    1    1    1    1  1.55474E+17 0.00788 
    2    2    1    1    1    1    1    1    1    1  3.73759E+17 0.00500 
    3    3    1    1    1    1    1    1    1    1  1.82555E+17 0.00622 
];


DET1002E = [
 1.00000E-09  6.25000E-07  3.13000E-07
 6.25000E-07  1.00000E-01  5.00003E-02
 1.00000E-01  2.00000E+01  1.00500E+01
];
