
DET1001 = [
    1    1    1    1    1    1    1    1    1    1  5.01081E+18 0.00457 
    2    2    1    1    1    1    1    1    1    1  1.92097E+18 0.00590 
    3    3    1    1    1    1    1    1    1    1  1.97184E+17 0.01232 
];


DET1001E = [
 1.00000E-09  6.25000E-07  3.13000E-07
 6.25000E-07  1.00000E-01  5.00003E-02
 1.00000E-01  2.00000E+01  1.00500E+01
];

DET1002 = [
    1    1    1    1    1    1    1    1    1    1  1.58088E+17 0.00745 
    2    2    1    1    1    1    1    1    1    1  3.88671E+17 0.00512 
    3    3    1    1    1    1    1    1    1    1  1.89360E+17 0.00631 
];


DET1002E = [
 1.00000E-09  6.25000E-07  3.13000E-07
 6.25000E-07  1.00000E-01  5.00003E-02
 1.00000E-01  2.00000E+01  1.00500E+01
];
