
DET1001 = [
    1    1    1    1    1    1    1    1    1    1  5.09552E+18 0.00465 
    2    2    1    1    1    1    1    1    1    1  2.19749E+18 0.00496 
    3    3    1    1    1    1    1    1    1    1  3.59773E+17 0.00968 
];


DET1001E = [
 1.00000E-09  6.25000E-07  3.13000E-07
 6.25000E-07  1.00000E-01  5.00003E-02
 1.00000E-01  2.00000E+01  1.00500E+01
];

DET1002 = [
    1    1    1    1    1    1    1    1    1    1  1.15605E+17 0.00869 
    2    2    1    1    1    1    1    1    1    1  3.62272E+17 0.00515 
    3    3    1    1    1    1    1    1    1    1  2.00284E+17 0.00629 
];


DET1002E = [
 1.00000E-09  6.25000E-07  3.13000E-07
 6.25000E-07  1.00000E-01  5.00003E-02
 1.00000E-01  2.00000E+01  1.00500E+01
];
