
DET1001 = [
    1    1    1    1    1    1    1    1    1    1  5.01800E+18 0.00444 
    2    2    1    1    1    1    1    1    1    1  2.16071E+18 0.00518 
    3    3    1    1    1    1    1    1    1    1  3.62768E+17 0.00993 
];


DET1001E = [
 1.00000E-09  6.25000E-07  3.13000E-07
 6.25000E-07  1.00000E-01  5.00003E-02
 1.00000E-01  2.00000E+01  1.00500E+01
];

DET1002 = [
    1    1    1    1    1    1    1    1    1    1  1.14988E+17 0.00859 
    2    2    1    1    1    1    1    1    1    1  3.54095E+17 0.00525 
    3    3    1    1    1    1    1    1    1    1  1.98046E+17 0.00660 
];


DET1002E = [
 1.00000E-09  6.25000E-07  3.13000E-07
 6.25000E-07  1.00000E-01  5.00003E-02
 1.00000E-01  2.00000E+01  1.00500E+01
];
