
DET1001 = [
    1    1    1    1    1    1    1    1    1    1  5.17289E+18 0.00481 
    2    2    1    1    1    1    1    1    1    1  2.25354E+18 0.00526 
    3    3    1    1    1    1    1    1    1    1  3.80817E+17 0.00992 
];


DET1001E = [
 1.00000E-09  6.25000E-07  3.13000E-07
 6.25000E-07  1.00000E-01  5.00003E-02
 1.00000E-01  2.00000E+01  1.00500E+01
];

DET1002 = [
    1    1    1    1    1    1    1    1    1    1  1.12623E+17 0.00908 
    2    2    1    1    1    1    1    1    1    1  3.86758E+17 0.00537 
    3    3    1    1    1    1    1    1    1    1  2.14769E+17 0.00651 
];


DET1002E = [
 1.00000E-09  6.25000E-07  3.13000E-07
 6.25000E-07  1.00000E-01  5.00003E-02
 1.00000E-01  2.00000E+01  1.00500E+01
];
