
DET1001 = [
    1    1    1    1    1    1    1    1    1    1  5.15528E+18 0.00461 
    2    2    1    1    1    1    1    1    1    1  2.23425E+18 0.00511 
    3    3    1    1    1    1    1    1    1    1  3.75983E+17 0.00972 
];


DET1001E = [
 1.00000E-09  6.25000E-07  3.13000E-07
 6.25000E-07  1.00000E-01  5.00003E-02
 1.00000E-01  2.00000E+01  1.00500E+01
];

DET1002 = [
    1    1    1    1    1    1    1    1    1    1  1.15057E+17 0.00891 
    2    2    1    1    1    1    1    1    1    1  3.75096E+17 0.00537 
    3    3    1    1    1    1    1    1    1    1  2.07488E+17 0.00684 
];


DET1002E = [
 1.00000E-09  6.25000E-07  3.13000E-07
 6.25000E-07  1.00000E-01  5.00003E-02
 1.00000E-01  2.00000E+01  1.00500E+01
];
