
DET1001 = [
    1    1    1    1    1    1    1    1    1    1  6.14652E+18 0.00421 
    2    2    1    1    1    1    1    1    1    1  2.22689E+18 0.00510 
    3    3    1    1    1    1    1    1    1    1  3.65544E+17 0.00997 
];


DET1001E = [
 1.00000E-09  6.25000E-07  3.13000E-07
 6.25000E-07  1.00000E-01  5.00003E-02
 1.00000E-01  2.00000E+01  1.00500E+01
];

DET1002 = [
    1    1    1    1    1    1    1    1    1    1  2.10259E+17 0.00646 
    2    2    1    1    1    1    1    1    1    1  4.01970E+17 0.00513 
    3    3    1    1    1    1    1    1    1    1  2.11990E+17 0.00637 
];


DET1002E = [
 1.00000E-09  6.25000E-07  3.13000E-07
 6.25000E-07  1.00000E-01  5.00003E-02
 1.00000E-01  2.00000E+01  1.00500E+01
];
