
DET1001 = [
    1    1    1    1    1    1    1    1    1    1  6.09202E+18 0.00424 
    2    2    1    1    1    1    1    1    1    1  2.16574E+18 0.00522 
    3    3    1    1    1    1    1    1    1    1  3.54056E+17 0.00958 
];


DET1001E = [
 1.00000E-09  6.25000E-07  3.13000E-07
 6.25000E-07  1.00000E-01  5.00003E-02
 1.00000E-01  2.00000E+01  1.00500E+01
];

DET1002 = [
    1    1    1    1    1    1    1    1    1    1  2.09525E+17 0.00678 
    2    2    1    1    1    1    1    1    1    1  3.89849E+17 0.00478 
    3    3    1    1    1    1    1    1    1    1  2.07823E+17 0.00633 
];


DET1002E = [
 1.00000E-09  6.25000E-07  3.13000E-07
 6.25000E-07  1.00000E-01  5.00003E-02
 1.00000E-01  2.00000E+01  1.00500E+01
];
