
DET1001 = [
    1    1    1    1    1    1    1    1    1    1  4.57471E+18 0.00483 
    2    2    1    1    1    1    1    1    1    1  1.88854E+18 0.00590 
    3    3    1    1    1    1    1    1    1    1  1.96054E+17 0.01166 
];


DET1001E = [
 1.00000E-09  6.25000E-07  3.13000E-07
 6.25000E-07  1.00000E-01  5.00003E-02
 1.00000E-01  2.00000E+01  1.00500E+01
];

DET1002 = [
    1    1    1    1    1    1    1    1    1    1  1.16493E+17 0.00830 
    2    2    1    1    1    1    1    1    1    1  3.56061E+17 0.00520 
    3    3    1    1    1    1    1    1    1    1  1.73382E+17 0.00616 
];


DET1002E = [
 1.00000E-09  6.25000E-07  3.13000E-07
 6.25000E-07  1.00000E-01  5.00003E-02
 1.00000E-01  2.00000E+01  1.00500E+01
];
