
DET1001 = [
    1    1    1    1    1    1    1    1    1    1  4.75858E+18 0.00480 
    2    2    1    1    1    1    1    1    1    1  1.98152E+18 0.00557 
    3    3    1    1    1    1    1    1    1    1  2.05980E+17 0.01179 
];


DET1001E = [
 1.00000E-09  6.25000E-07  3.13000E-07
 6.25000E-07  1.00000E-01  5.00003E-02
 1.00000E-01  2.00000E+01  1.00500E+01
];

DET1002 = [
    1    1    1    1    1    1    1    1    1    1  1.12694E+17 0.00866 
    2    2    1    1    1    1    1    1    1    1  3.84774E+17 0.00497 
    3    3    1    1    1    1    1    1    1    1  1.86646E+17 0.00638 
];


DET1002E = [
 1.00000E-09  6.25000E-07  3.13000E-07
 6.25000E-07  1.00000E-01  5.00003E-02
 1.00000E-01  2.00000E+01  1.00500E+01
];
