
DET1001 = [
    1    1    1    1    1    1    1    1    1    1  4.61296E+18 0.00482 
    2    2    1    1    1    1    1    1    1    1  1.91976E+18 0.00570 
    3    3    1    1    1    1    1    1    1    1  1.98795E+17 0.01189 
];


DET1001E = [
 1.00000E-09  6.25000E-07  3.13000E-07
 6.25000E-07  1.00000E-01  5.00003E-02
 1.00000E-01  2.00000E+01  1.00500E+01
];

DET1002 = [
    1    1    1    1    1    1    1    1    1    1  1.15119E+17 0.00865 
    2    2    1    1    1    1    1    1    1    1  3.65802E+17 0.00498 
    3    3    1    1    1    1    1    1    1    1  1.78566E+17 0.00655 
];


DET1002E = [
 1.00000E-09  6.25000E-07  3.13000E-07
 6.25000E-07  1.00000E-01  5.00003E-02
 1.00000E-01  2.00000E+01  1.00500E+01
];
