
DET1001 = [
    1    1    1    1    1    1    1    1    1    1  4.71858E+18 0.00477 
    2    2    1    1    1    1    1    1    1    1  1.96078E+18 0.00533 
    3    3    1    1    1    1    1    1    1    1  2.02426E+17 0.01073 
];


DET1001E = [
 1.00000E-09  6.25000E-07  3.13000E-07
 6.25000E-07  1.00000E-01  5.00003E-02
 1.00000E-01  2.00000E+01  1.00500E+01
];

DET1002 = [
    1    1    1    1    1    1    1    1    1    1  1.13026E+17 0.00868 
    2    2    1    1    1    1    1    1    1    1  3.72026E+17 0.00487 
    3    3    1    1    1    1    1    1    1    1  1.82078E+17 0.00628 
];


DET1002E = [
 1.00000E-09  6.25000E-07  3.13000E-07
 6.25000E-07  1.00000E-01  5.00003E-02
 1.00000E-01  2.00000E+01  1.00500E+01
];
