
DET1001 = [
    1    1    1    1    1    1    1    1    1    1  5.09361E+18 0.00468 
    2    2    1    1    1    1    1    1    1    1  2.16022E+18 0.00541 
    3    3    1    1    1    1    1    1    1    1  3.64775E+17 0.00939 
];


DET1001E = [
 1.00000E-09  6.25000E-07  3.13000E-07
 6.25000E-07  1.00000E-01  5.00003E-02
 1.00000E-01  2.00000E+01  1.00500E+01
];

DET1002 = [
    1    1    1    1    1    1    1    1    1    1  1.14408E+17 0.00884 
    2    2    1    1    1    1    1    1    1    1  3.73422E+17 0.00512 
    3    3    1    1    1    1    1    1    1    1  2.06362E+17 0.00630 
];


DET1002E = [
 1.00000E-09  6.25000E-07  3.13000E-07
 6.25000E-07  1.00000E-01  5.00003E-02
 1.00000E-01  2.00000E+01  1.00500E+01
];
