
DET1001 = [
    1    1    1    1    1    1    1    1    1    1  5.00757E+18 0.00454 
    2    2    1    1    1    1    1    1    1    1  2.15037E+18 0.00532 
    3    3    1    1    1    1    1    1    1    1  3.61695E+17 0.00981 
];


DET1001E = [
 1.00000E-09  6.25000E-07  3.13000E-07
 6.25000E-07  1.00000E-01  5.00003E-02
 1.00000E-01  2.00000E+01  1.00500E+01
];

DET1002 = [
    1    1    1    1    1    1    1    1    1    1  1.14188E+17 0.00847 
    2    2    1    1    1    1    1    1    1    1  3.69313E+17 0.00494 
    3    3    1    1    1    1    1    1    1    1  1.99512E+17 0.00640 
];


DET1002E = [
 1.00000E-09  6.25000E-07  3.13000E-07
 6.25000E-07  1.00000E-01  5.00003E-02
 1.00000E-01  2.00000E+01  1.00500E+01
];
