
DET1001 = [
    1    1    1    1    1    1    1    1    1    1  4.98035E+18 0.00449 
    2    2    1    1    1    1    1    1    1    1  2.09404E+18 0.00512 
    3    3    1    1    1    1    1    1    1    1  3.55551E+17 0.00922 
];


DET1001E = [
 1.00000E-09  6.25000E-07  3.13000E-07
 6.25000E-07  1.00000E-01  5.00003E-02
 1.00000E-01  2.00000E+01  1.00500E+01
];

DET1002 = [
    1    1    1    1    1    1    1    1    1    1  1.14527E+17 0.00834 
    2    2    1    1    1    1    1    1    1    1  3.55886E+17 0.00525 
    3    3    1    1    1    1    1    1    1    1  1.94809E+17 0.00620 
];


DET1002E = [
 1.00000E-09  6.25000E-07  3.13000E-07
 6.25000E-07  1.00000E-01  5.00003E-02
 1.00000E-01  2.00000E+01  1.00500E+01
];
