
ZAI = [
10030
541350
922350
922380
942380
942390
942400
942410
942420
952410
952440
952450
666
0
];

NAMES = [
'H3              '
'Xe135           '
'U235            '
'U238            '
'Pu238           '
'Pu239           '
'Pu240           '
'Pu241           '
'Pu242           '
'Am241           '
'Am244           '
'Am245           '
'lost            '
'total           '
];

i10030  = 1; iH3               = 1;
i541350 = 2; iXe135            = 2;
i922350 = 3; iU235             = 3;
i922380 = 4; iU238             = 4;
i942380 = 5; iPu238            = 5;
i942390 = 6; iPu239            = 6;
i942400 = 7; iPu240            = 7;
i942410 = 8; iPu241            = 8;
i942420 = 9; iPu242            = 9;
i952410 = 10; iAm241            = 10;
i952440 = 11; iAm244            = 11;
i952450 = 12; iAm245            = 12;
iLOST    = 13;
iTOT     = 14;

MAT_uco_VOLUME = [ 2.69784E+04 2.69784E+04 2.69784E+04 2.69784E+04 ];

MAT_uco_BURNUP = [ 0.00000E+00 3.76087E-01 6.69437E+00 1.37647E+01 ];

MAT_uco_ADENS = [
0.00000E+00 9.78416E-14 1.56080E-12 2.83162E-12 % H3
0.00000E+00 4.00901E-08 4.02191E-08 4.01182E-08 % Xe135
4.87458E-03 4.86232E-03 4.66011E-03 4.44182E-03 % U235
2.01233E-02 2.01207E-02 2.00750E-02 2.00225E-02 % U238
0.00000E+00 9.90408E-14 2.13542E-09 2.06802E-08 % Pu238
0.00000E+00 1.23064E-06 4.04707E-05 7.60900E-05 % Pu239
0.00000E+00 3.30413E-09 1.86436E-06 6.81130E-06 % Pu240
0.00000E+00 1.48610E-11 1.69200E-07 1.27465E-06 % Pu241
0.00000E+00 1.04497E-14 2.36753E-09 3.81263E-08 % Pu242
0.00000E+00 2.20520E-15 4.85573E-10 7.59785E-09 % Am241
0.00000E+00 3.37204E-23 3.53517E-16 1.27832E-14 % Am244
0.00000E+00 5.94073E-27 5.66882E-20 2.06786E-18 % Am245
0.00000E+00 7.94902E-08 1.42030E-06 2.92948E-06 % lost data
7.04699E-02 7.04795E-02 7.06419E-02 7.08234E-02 % total
];

MAT_uco_MDENS = [
0.00000E+00 4.89936E-13 7.81561E-12 1.41791E-11 % H3
0.00000E+00 8.98106E-06 9.00997E-06 8.98735E-06 % Xe135
1.90258E+00 1.89779E+00 1.81887E+00 1.73367E+00 % U235
7.95473E+00 7.95368E+00 7.93563E+00 7.91486E+00 % U238
0.00000E+00 3.91505E-11 8.44126E-07 8.17481E-06 % Pu238
0.00000E+00 4.88518E-04 1.60653E-02 3.02048E-02 % Pu239
0.00000E+00 1.31711E-06 7.43182E-04 2.71516E-03 % Pu240
0.00000E+00 5.94851E-09 6.77269E-05 5.10215E-04 % Pu241
0.00000E+00 4.20031E-12 9.51639E-07 1.53250E-05 % Pu242
0.00000E+00 8.82722E-13 1.94370E-07 3.04135E-06 % Am241
0.00000E+00 1.36664E-20 1.43275E-13 5.18086E-12 % Am244
0.00000E+00 2.41757E-24 2.30692E-17 8.41513E-16 % Am245
0.00000E+00 0.00000E+00 0.00000E+00 0.00000E+00 % lost data
1.10000E+01 1.09999E+01 1.09990E+01 1.09980E+01 % total
];

MAT_uco_A = [
0.00000E+00 4.70599E+06 7.50715E+07 1.36195E+08 % H3
0.00000E+00 2.27840E+16 2.28574E+16 2.28000E+16 % Xe135
4.10303E+09 4.09271E+09 3.92250E+09 3.73876E+09 % U235
2.66886E+09 2.66851E+09 2.66245E+09 2.65548E+09 % U238
0.00000E+00 6.69196E+05 1.44286E+10 1.39731E+11 % Pu238
0.00000E+00 3.02464E+10 9.94677E+11 1.87012E+12 % Pu239
0.00000E+00 2.98419E+08 1.68383E+11 6.15176E+11 % Pu240
0.00000E+00 6.16245E+08 7.01627E+12 5.28565E+13 % Pu241
0.00000E+00 1.65126E+01 3.74116E+06 6.02471E+07 % Pu242
0.00000E+00 3.02065E+03 6.65131E+08 1.04074E+10 % Am241
0.00000E+00 1.73425E+01 1.81815E+08 6.57444E+09 % Am244
0.00000E+00 1.50531E-02 1.43641E+05 5.23971E+06 % Am245
0.00000E+00 0.00000E+00 0.00000E+00 0.00000E+00 % lost data
6.77189E+09 3.32324E+18 3.68150E+18 3.73690E+18 % total
];

MAT_uco_H = [
0.00000E+00 4.29016E-09 6.84380E-08 1.24161E-07 % H3
0.00000E+00 2.05402E+03 2.06063E+03 2.05546E+03 % Xe135
3.03224E-03 3.02462E-03 2.89883E-03 2.76305E-03 % U235
1.82810E-03 1.82786E-03 1.82371E-03 1.81894E-03 % U238
0.00000E+00 5.99189E-07 1.29191E-02 1.25113E-01 % Pu238
0.00000E+00 2.53992E-02 8.35275E-01 1.57042E+00 % Pu239
0.00000E+00 2.51063E-04 1.41663E-01 5.17554E-01 % Pu240
0.00000E+00 5.28727E-07 6.01984E-03 4.53500E-02 % Pu241
0.00000E+00 1.31806E-11 2.98624E-06 4.80899E-05 % Pu242
0.00000E+00 2.70826E-09 5.96344E-04 9.33110E-03 % Am241
0.00000E+00 3.08067E-12 3.22971E-05 1.16787E-03 % Am244
0.00000E+00 7.59478E-16 7.24717E-09 2.64361E-07 % Am245
0.00000E+00 0.00000E+00 0.00000E+00 0.00000E+00 % lost data
4.86034E-03 1.19896E+06 1.23017E+06 1.22567E+06 % total
];

MAT_uco_SF = [
0.00000E+00 0.00000E+00 0.00000E+00 0.00000E+00 % H3
0.00000E+00 0.00000E+00 0.00000E+00 0.00000E+00 % Xe135
2.95418E-01 2.94675E-01 2.82420E-01 2.69191E-01 % U235
1.45720E+05 1.45701E+05 1.45370E+05 1.44989E+05 % U238
0.00000E+00 1.24470E-03 2.68371E+01 2.59900E+02 % Pu238
0.00000E+00 9.37637E-02 3.08350E+00 5.79737E+00 % Pu239
0.00000E+00 1.70099E+01 9.59785E+03 3.50650E+04 % Pu240
0.00000E+00 0.00000E+00 0.00000E+00 0.00000E+00 % Pu241
0.00000E+00 9.08194E-05 2.05764E+01 3.31359E+02 % Pu242
0.00000E+00 1.29888E-08 2.86006E-03 4.47519E-02 % Am241
0.00000E+00 0.00000E+00 0.00000E+00 0.00000E+00 % Am244
0.00000E+00 0.00000E+00 0.00000E+00 0.00000E+00 % Am245
0.00000E+00 0.00000E+00 0.00000E+00 0.00000E+00 % lost data
1.45720E+05 1.45718E+05 1.56014E+05 2.13013E+05 % total
];

MAT_uco_ING_TOX = [
0.00000E+00 1.97652E-04 3.15300E-03 5.72020E-03 % H3
0.00000E+00 4.78465E+09 4.80005E+09 4.78800E+09 % Xe135
1.92842E+02 1.92357E+02 1.84357E+02 1.75722E+02 % U235
1.20099E+02 1.20083E+02 1.19810E+02 1.19497E+02 % U238
0.00000E+00 1.53915E-01 3.31857E+03 3.21382E+04 % Pu238
0.00000E+00 7.56159E+03 2.48669E+05 4.67529E+05 % Pu239
0.00000E+00 7.46046E+01 4.20958E+04 1.53794E+05 % Pu240
0.00000E+00 2.95797E+00 3.36781E+04 2.53711E+05 % Pu241
0.00000E+00 3.96303E-06 8.97879E-01 1.44593E+01 % Pu242
0.00000E+00 6.04131E-04 1.33026E+02 2.08148E+03 % Am241
0.00000E+00 7.97754E-09 8.36348E-02 3.02424E+00 % Am244
0.00000E+00 9.33292E-13 8.90575E-06 3.24862E-04 % Am245
0.00000E+00 0.00000E+00 0.00000E+00 0.00000E+00 % lost data
3.12941E+02 4.59279E+10 6.13799E+10 6.13378E+10 % total
];

MAT_uco_INH_TOX = [
0.00000E+00 1.22356E-03 1.95186E-02 3.54108E-02 % H3
0.00000E+00 2.50625E+09 2.51431E+09 2.50800E+09 % Xe135
3.48757E+04 3.47880E+04 3.33412E+04 3.17795E+04 % U235
2.13509E+04 2.13481E+04 2.12996E+04 2.12439E+04 % U238
0.00000E+00 7.36115E+01 1.58714E+06 1.53704E+07 % Pu238
0.00000E+00 3.62956E+06 1.19361E+08 2.24414E+08 % Pu239
0.00000E+00 3.58102E+04 2.02060E+07 7.38211E+07 % Pu240
0.00000E+00 1.41736E+03 1.61374E+07 1.21570E+08 % Pu241
0.00000E+00 1.81639E-03 4.11528E+02 6.62718E+03 % Pu242
0.00000E+00 2.89983E-01 6.38526E+04 9.99113E+05 % Am241
0.00000E+00 6.41672E-08 6.72714E-01 2.43254E+01 % Am244
0.00000E+00 8.42973E-13 8.04390E-06 2.93424E-04 % Am245
0.00000E+00 0.00000E+00 0.00000E+00 0.00000E+00 % lost data
5.62266E+04 4.44912E+10 5.93409E+10 6.11556E+10 % total
];

TOT_VOLUME = [ 2.69784E+04 2.69784E+04 2.69784E+04 2.69784E+04 ];

TOT_BURNUP = [ 0.00000E+00 3.76087E-01 6.69437E+00 1.37647E+01 ];

TOT_ADENS = [
0.00000E+00 9.78416E-14 1.56080E-12 2.83162E-12 % H3
0.00000E+00 4.00901E-08 4.02191E-08 4.01182E-08 % Xe135
4.87458E-03 4.86232E-03 4.66011E-03 4.44182E-03 % U235
2.01233E-02 2.01207E-02 2.00750E-02 2.00225E-02 % U238
0.00000E+00 9.90408E-14 2.13542E-09 2.06802E-08 % Pu238
0.00000E+00 1.23064E-06 4.04707E-05 7.60900E-05 % Pu239
0.00000E+00 3.30413E-09 1.86436E-06 6.81130E-06 % Pu240
0.00000E+00 1.48610E-11 1.69200E-07 1.27465E-06 % Pu241
0.00000E+00 1.04497E-14 2.36753E-09 3.81263E-08 % Pu242
0.00000E+00 2.20520E-15 4.85573E-10 7.59785E-09 % Am241
0.00000E+00 3.37204E-23 3.53517E-16 1.27832E-14 % Am244
0.00000E+00 5.94073E-27 5.66882E-20 2.06786E-18 % Am245
0.00000E+00 7.94902E-08 1.42030E-06 2.92948E-06 % lost data
7.04699E-02 7.04795E-02 7.06419E-02 7.08234E-02 % total
];

