
DET1001 = [
    1    1    1    1    1    1    1    1    1    1  4.18480E+18 0.00495 
    2    2    1    1    1    1    1    1    1    1  1.79030E+18 0.00596 
    3    3    1    1    1    1    1    1    1    1  1.85332E+17 0.01135 
];


DET1001E = [
 1.00000E-09  6.25000E-07  3.13000E-07
 6.25000E-07  1.00000E-01  5.00003E-02
 1.00000E-01  2.00000E+01  1.00500E+01
];

DET1002 = [
    1    1    1    1    1    1    1    1    1    1  9.29248E+16 0.00915 
    2    2    1    1    1    1    1    1    1    1  3.45079E+17 0.00492 
    3    3    1    1    1    1    1    1    1    1  1.74086E+17 0.00630 
];


DET1002E = [
 1.00000E-09  6.25000E-07  3.13000E-07
 6.25000E-07  1.00000E-01  5.00003E-02
 1.00000E-01  2.00000E+01  1.00500E+01
];
