
DET1001 = [
    1    1    1    1    1    1    1    1    1    1  4.10145E+18 0.00501 
    2    2    1    1    1    1    1    1    1    1  1.76421E+18 0.00584 
    3    3    1    1    1    1    1    1    1    1  1.84232E+17 0.01146 
];


DET1001E = [
 1.00000E-09  6.25000E-07  3.13000E-07
 6.25000E-07  1.00000E-01  5.00003E-02
 1.00000E-01  2.00000E+01  1.00500E+01
];

DET1002 = [
    1    1    1    1    1    1    1    1    1    1  9.01910E+16 0.00938 
    2    2    1    1    1    1    1    1    1    1  3.32634E+17 0.00517 
    3    3    1    1    1    1    1    1    1    1  1.67024E+17 0.00652 
];


DET1002E = [
 1.00000E-09  6.25000E-07  3.13000E-07
 6.25000E-07  1.00000E-01  5.00003E-02
 1.00000E-01  2.00000E+01  1.00500E+01
];
