
DET1001 = [
    1    1    1    1    1    1    1    1    1    1  4.05775E+18 0.00483 
    2    2    1    1    1    1    1    1    1    1  1.74788E+18 0.00576 
    3    3    1    1    1    1    1    1    1    1  1.82998E+17 0.01211 
];


DET1001E = [
 1.00000E-09  6.25000E-07  3.13000E-07
 6.25000E-07  1.00000E-01  5.00003E-02
 1.00000E-01  2.00000E+01  1.00500E+01
];

DET1002 = [
    1    1    1    1    1    1    1    1    1    1  9.11917E+16 0.00892 
    2    2    1    1    1    1    1    1    1    1  3.26259E+17 0.00510 
    3    3    1    1    1    1    1    1    1    1  1.62825E+17 0.00640 
];


DET1002E = [
 1.00000E-09  6.25000E-07  3.13000E-07
 6.25000E-07  1.00000E-01  5.00003E-02
 1.00000E-01  2.00000E+01  1.00500E+01
];
