
ZAI = [
10030
541350
922350
922380
942380
942390
942400
942410
942420
952410
952440
952450
666
0
];

NAMES = [
'H3              '
'Xe135           '
'U235            '
'U238            '
'Pu238           '
'Pu239           '
'Pu240           '
'Pu241           '
'Pu242           '
'Am241           '
'Am244           '
'Am245           '
'lost            '
'total           '
];

i10030  = 1; iH3               = 1;
i541350 = 2; iXe135            = 2;
i922350 = 3; iU235             = 3;
i922380 = 4; iU238             = 4;
i942380 = 5; iPu238            = 5;
i942390 = 6; iPu239            = 6;
i942400 = 7; iPu240            = 7;
i942410 = 8; iPu241            = 8;
i942420 = 9; iPu242            = 9;
i952410 = 10; iAm241            = 10;
i952440 = 11; iAm244            = 11;
i952450 = 12; iAm245            = 12;
iLOST    = 13;
iTOT     = 14;

MAT_uco_VOLUME = [ 2.71122E+04 2.71122E+04 2.71122E+04 2.71122E+04 ];

MAT_uco_BURNUP = [ 0.00000E+00 3.74234E-01 6.66133E+00 1.36969E+01 ];

MAT_uco_ADENS = [
0.00000E+00 1.06008E-13 1.67540E-12 3.04381E-12 % H3
0.00000E+00 4.07867E-08 4.09715E-08 4.08635E-08 % Xe135
4.87458E-03 4.86233E-03 4.66012E-03 4.44182E-03 % U235
2.01233E-02 2.01206E-02 2.00740E-02 2.00204E-02 % U238
0.00000E+00 1.09754E-13 2.38274E-09 2.27375E-08 % Pu238
0.00000E+00 1.25623E-06 4.13823E-05 7.80708E-05 % Pu239
0.00000E+00 3.34413E-09 1.84730E-06 6.73740E-06 % Pu240
0.00000E+00 1.58590E-11 1.73921E-07 1.30607E-06 % Pu241
0.00000E+00 1.06230E-14 2.30278E-09 3.69516E-08 % Pu242
0.00000E+00 2.36439E-15 4.99710E-10 7.80748E-09 % Am241
0.00000E+00 3.86794E-23 3.75855E-16 1.38632E-14 % Am244
0.00000E+00 6.47219E-27 5.70557E-20 2.11762E-18 % Am245
0.00000E+00 7.91052E-08 1.41347E-06 2.91529E-06 % lost data
7.04699E-02 7.04795E-02 7.06411E-02 7.08217E-02 % total
];

MAT_uco_MDENS = [
0.00000E+00 5.30828E-13 8.38947E-12 1.52417E-11 % H3
0.00000E+00 9.13712E-06 9.17850E-06 9.15431E-06 % Xe135
1.90258E+00 1.89780E+00 1.81887E+00 1.73367E+00 % U235
7.95473E+00 7.95365E+00 7.93524E+00 7.91406E+00 % U238
0.00000E+00 4.33856E-11 9.41891E-07 8.98804E-06 % Pu238
0.00000E+00 4.98675E-04 1.64272E-02 3.09911E-02 % Pu239
0.00000E+00 1.33306E-06 7.36380E-04 2.68570E-03 % Pu240
0.00000E+00 6.34801E-09 6.96164E-05 5.22789E-04 % Pu241
0.00000E+00 4.26998E-12 9.25610E-07 1.48528E-05 % Pu242
0.00000E+00 9.46444E-13 2.00029E-07 3.12526E-06 % Am241
0.00000E+00 1.56762E-20 1.52329E-13 5.61856E-12 % Am244
0.00000E+00 2.63385E-24 2.32188E-17 8.61763E-16 % Am245
0.00000E+00 0.00000E+00 0.00000E+00 0.00000E+00 % lost data
1.10000E+01 1.09999E+01 1.09990E+01 1.09980E+01 % total
];

MAT_uco_A = [
0.00000E+00 5.12405E+06 8.09831E+07 1.47127E+08 % H3
0.00000E+00 2.32949E+16 2.34004E+16 2.33387E+16 % Xe135
4.12337E+09 4.11300E+09 3.94195E+09 3.75730E+09 % U235
2.68209E+09 2.68173E+09 2.67552E+09 2.66838E+09 % U238
0.00000E+00 7.45261E+05 1.61795E+10 1.54393E+11 % Pu238
0.00000E+00 3.10283E+10 1.02213E+12 1.92831E+12 % Pu239
0.00000E+00 3.03529E+08 1.67669E+11 6.11518E+11 % Pu240
0.00000E+00 6.60892E+08 7.24777E+12 5.44276E+13 % Pu241
0.00000E+00 1.68697E+01 3.65688E+06 5.86802E+07 % Pu242
0.00000E+00 3.25477E+03 6.87888E+08 1.07476E+10 % Am241
0.00000E+00 1.99915E+01 1.94262E+08 7.16523E+09 % Am244
0.00000E+00 1.64810E-02 1.45289E+05 5.39239E+06 % Am245
0.00000E+00 0.00000E+00 0.00000E+00 0.00000E+00 % lost data
6.80546E+09 3.33144E+18 3.69203E+18 3.74800E+18 % total
];

MAT_uco_H = [
0.00000E+00 4.67128E-09 7.38273E-08 1.34127E-07 % H3
0.00000E+00 2.10007E+03 2.10958E+03 2.10402E+03 % Xe135
3.04728E-03 3.03962E-03 2.91320E-03 2.77674E-03 % U235
1.83716E-03 1.83692E-03 1.83266E-03 1.82777E-03 % U238
0.00000E+00 6.67297E-07 1.44869E-02 1.38242E-01 % Pu238
0.00000E+00 2.60559E-02 8.58324E-01 1.61929E+00 % Pu239
0.00000E+00 2.55362E-04 1.41062E-01 5.14476E-01 % Pu240
0.00000E+00 5.67034E-07 6.21847E-03 4.66980E-02 % Pu241
0.00000E+00 1.34656E-11 2.91896E-06 4.68392E-05 % Pu242
0.00000E+00 2.91816E-09 6.16748E-04 9.63609E-03 % Am241
0.00000E+00 3.55124E-12 3.45081E-05 1.27281E-03 % Am244
0.00000E+00 8.31523E-16 7.33031E-09 2.72064E-07 % Am245
0.00000E+00 0.00000E+00 0.00000E+00 0.00000E+00 % lost data
4.88444E-03 1.19967E+06 1.23152E+06 1.22715E+06 % total
];

MAT_uco_SF = [
0.00000E+00 0.00000E+00 0.00000E+00 0.00000E+00 % H3
0.00000E+00 0.00000E+00 0.00000E+00 0.00000E+00 % Xe135
2.96882E-01 2.96136E-01 2.83820E-01 2.70525E-01 % U235
1.46442E+05 1.46422E+05 1.46084E+05 1.45693E+05 % U238
0.00000E+00 1.38619E-03 3.00938E+01 2.87172E+02 % Pu238
0.00000E+00 9.61878E-02 3.16859E+00 5.97777E+00 % Pu239
0.00000E+00 1.73011E+01 9.55715E+03 3.48565E+04 % Pu240
0.00000E+00 0.00000E+00 0.00000E+00 0.00000E+00 % Pu241
0.00000E+00 9.27834E-05 2.01128E+01 3.22741E+02 % Pu242
0.00000E+00 1.39955E-08 2.95792E-03 4.62146E-02 % Am241
0.00000E+00 0.00000E+00 0.00000E+00 0.00000E+00 % Am244
0.00000E+00 0.00000E+00 0.00000E+00 0.00000E+00 % Am245
0.00000E+00 0.00000E+00 0.00000E+00 0.00000E+00 % lost data
1.46442E+05 1.46440E+05 1.56690E+05 2.13472E+05 % total
];

MAT_uco_ING_TOX = [
0.00000E+00 2.15210E-04 3.40129E-03 6.17933E-03 % H3
0.00000E+00 4.89192E+09 4.91408E+09 4.90113E+09 % Xe135
1.93798E+02 1.93311E+02 1.85272E+02 1.76593E+02 % U235
1.20694E+02 1.20678E+02 1.20398E+02 1.20077E+02 % U238
0.00000E+00 1.71410E-01 3.72128E+03 3.55105E+04 % Pu238
0.00000E+00 7.75708E+03 2.55531E+05 4.82078E+05 % Pu239
0.00000E+00 7.58822E+01 4.19173E+04 1.52879E+05 % Pu240
0.00000E+00 3.17228E+00 3.47893E+04 2.61253E+05 % Pu241
0.00000E+00 4.04873E-06 8.77650E-01 1.40833E+01 % Pu242
0.00000E+00 6.50953E-04 1.37578E+02 2.14952E+03 % Am241
0.00000E+00 9.19610E-09 8.93603E-02 3.29600E+00 % Am244
0.00000E+00 1.02182E-12 9.00792E-06 3.34328E-04 % Am245
0.00000E+00 0.00000E+00 0.00000E+00 0.00000E+00 % lost data
3.14492E+02 4.60442E+10 6.15291E+10 6.14920E+10 % total
];

MAT_uco_INH_TOX = [
0.00000E+00 1.33225E-03 2.10556E-02 3.82530E-02 % H3
0.00000E+00 2.56243E+09 2.57404E+09 2.56726E+09 % Xe135
3.50486E+04 3.49605E+04 3.35066E+04 3.19370E+04 % U235
2.14567E+04 2.14538E+04 2.14042E+04 2.13470E+04 % U238
0.00000E+00 8.19787E+01 1.77974E+06 1.69833E+07 % Pu238
0.00000E+00 3.72340E+06 1.22655E+08 2.31398E+08 % Pu239
0.00000E+00 3.64234E+04 2.01203E+07 7.33821E+07 % Pu240
0.00000E+00 1.52005E+03 1.66699E+07 1.25184E+08 % Pu241
0.00000E+00 1.85567E-03 4.02256E+02 6.45483E+03 % Pu242
0.00000E+00 3.12457E-01 6.60373E+04 1.03177E+06 % Am241
0.00000E+00 7.39686E-08 7.18768E-01 2.65113E+01 % Am244
0.00000E+00 9.22938E-13 8.13619E-06 3.01974E-04 % Am245
0.00000E+00 0.00000E+00 0.00000E+00 0.00000E+00 % lost data
5.65053E+04 4.45623E+10 5.94450E+10 6.12729E+10 % total
];

TOT_VOLUME = [ 2.71122E+04 2.71122E+04 2.71122E+04 2.71122E+04 ];

TOT_BURNUP = [ 0.00000E+00 3.74234E-01 6.66133E+00 1.36969E+01 ];

TOT_ADENS = [
0.00000E+00 1.06008E-13 1.67540E-12 3.04381E-12 % H3
0.00000E+00 4.07867E-08 4.09715E-08 4.08635E-08 % Xe135
4.87458E-03 4.86233E-03 4.66012E-03 4.44182E-03 % U235
2.01233E-02 2.01206E-02 2.00740E-02 2.00204E-02 % U238
0.00000E+00 1.09754E-13 2.38274E-09 2.27375E-08 % Pu238
0.00000E+00 1.25623E-06 4.13823E-05 7.80708E-05 % Pu239
0.00000E+00 3.34413E-09 1.84730E-06 6.73740E-06 % Pu240
0.00000E+00 1.58590E-11 1.73921E-07 1.30607E-06 % Pu241
0.00000E+00 1.06230E-14 2.30278E-09 3.69516E-08 % Pu242
0.00000E+00 2.36439E-15 4.99710E-10 7.80748E-09 % Am241
0.00000E+00 3.86794E-23 3.75855E-16 1.38632E-14 % Am244
0.00000E+00 6.47219E-27 5.70557E-20 2.11762E-18 % Am245
0.00000E+00 7.91052E-08 1.41347E-06 2.91529E-06 % lost data
7.04699E-02 7.04795E-02 7.06411E-02 7.08217E-02 % total
];

