
DET1001 = [
    1    1    1    1    1    1    1    1    1    1  4.21250E+18 0.00497 
    2    2    1    1    1    1    1    1    1    1  1.83351E+18 0.00614 
    3    3    1    1    1    1    1    1    1    1  1.90649E+17 0.01106 
];


DET1001E = [
 1.00000E-09  6.25000E-07  3.13000E-07
 6.25000E-07  1.00000E-01  5.00003E-02
 1.00000E-01  2.00000E+01  1.00500E+01
];

DET1002 = [
    1    1    1    1    1    1    1    1    1    1  8.92729E+16 0.00952 
    2    2    1    1    1    1    1    1    1    1  3.52381E+17 0.00501 
    3    3    1    1    1    1    1    1    1    1  1.77207E+17 0.00660 
];


DET1002E = [
 1.00000E-09  6.25000E-07  3.13000E-07
 6.25000E-07  1.00000E-01  5.00003E-02
 1.00000E-01  2.00000E+01  1.00500E+01
];
