
DET1001 = [
    1    1    1    1    1    1    1    1    1    1  3.91655E+18 0.00480 
    2    2    1    1    1    1    1    1    1    1  1.71944E+18 0.00566 
    3    3    1    1    1    1    1    1    1    1  1.58629E+17 0.01195 
];


DET1001E = [
 1.00000E-09  6.25000E-07  3.13000E-07
 6.25000E-07  1.00000E-01  5.00003E-02
 1.00000E-01  2.00000E+01  1.00500E+01
];

DET1002 = [
    1    1    1    1    1    1    1    1    1    1  8.98333E+16 0.00900 
    2    2    1    1    1    1    1    1    1    1  3.54137E+17 0.00500 
    3    3    1    1    1    1    1    1    1    1  1.67366E+17 0.00639 
];


DET1002E = [
 1.00000E-09  6.25000E-07  3.13000E-07
 6.25000E-07  1.00000E-01  5.00003E-02
 1.00000E-01  2.00000E+01  1.00500E+01
];
