
ZAI = [
10030
541350
922350
922380
942380
942390
942400
942410
942420
952410
952440
952450
666
0
];

NAMES = [
'H3              '
'Xe135           '
'U235            '
'U238            '
'Pu238           '
'Pu239           '
'Pu240           '
'Pu241           '
'Pu242           '
'Am241           '
'Am244           '
'Am245           '
'lost            '
'total           '
];

i10030  = 1; iH3               = 1;
i541350 = 2; iXe135            = 2;
i922350 = 3; iU235             = 3;
i922380 = 4; iU238             = 4;
i942380 = 5; iPu238            = 5;
i942390 = 6; iPu239            = 6;
i942400 = 7; iPu240            = 7;
i942410 = 8; iPu241            = 8;
i942420 = 9; iPu242            = 9;
i952410 = 10; iAm241            = 10;
i952440 = 11; iAm244            = 11;
i952450 = 12; iAm245            = 12;
iLOST    = 13;
iTOT     = 14;

MAT_uco_VOLUME = [ 3.32126E+04 3.32126E+04 3.32126E+04 3.32126E+04 ];

MAT_uco_BURNUP = [ 0.00000E+00 3.05491E-01 5.43783E+00 1.11811E+01 ];

MAT_uco_ADENS = [
0.00000E+00 8.40410E-14 1.36788E-12 2.54291E-12 % H3
0.00000E+00 3.62674E-08 3.64287E-08 3.64430E-08 % Xe135
4.87458E-03 4.86456E-03 4.69872E-03 4.51873E-03 % U235
2.01233E-02 2.01210E-02 2.00819E-02 2.00372E-02 % U238
0.00000E+00 7.13921E-14 1.37650E-09 1.30643E-08 % Pu238
0.00000E+00 1.05681E-06 3.55755E-05 6.83035E-05 % Pu239
0.00000E+00 2.29523E-09 1.29570E-06 4.85346E-06 % Pu240
0.00000E+00 9.04131E-12 1.02306E-07 7.98691E-07 % Pu241
0.00000E+00 4.87620E-15 1.08380E-09 1.79610E-08 % Pu242
0.00000E+00 1.34988E-15 2.94097E-10 4.77935E-09 % Am241
0.00000E+00 1.26738E-23 1.22955E-16 4.48299E-15 % Am244
0.00000E+00 1.70262E-27 1.50434E-20 5.49789E-19 % Am245
0.00000E+00 6.45743E-08 1.15308E-06 2.37730E-06 % lost data
7.04699E-02 7.04777E-02 7.06096E-02 7.07571E-02 % total
];

MAT_uco_MDENS = [
0.00000E+00 4.20830E-13 6.84956E-12 1.27335E-11 % H3
0.00000E+00 8.12468E-06 8.16083E-06 8.16403E-06 % Xe135
1.90258E+00 1.89867E+00 1.83394E+00 1.76369E+00 % U235
7.95473E+00 7.95382E+00 7.93836E+00 7.92070E+00 % U238
0.00000E+00 2.82211E-11 5.44128E-07 5.16429E-06 % Pu238
0.00000E+00 4.19515E-04 1.41221E-02 2.71139E-02 % Pu239
0.00000E+00 9.14940E-07 5.16500E-04 1.93471E-03 % Pu240
0.00000E+00 3.61903E-09 4.09506E-05 3.19698E-04 % Pu241
0.00000E+00 1.96001E-12 4.35636E-07 7.21951E-06 % Pu242
0.00000E+00 5.40345E-13 1.17724E-07 1.91313E-06 % Am241
0.00000E+00 5.13652E-21 4.98319E-14 1.81689E-12 % Am244
0.00000E+00 6.92878E-25 6.12191E-18 2.23736E-16 % Am245
0.00000E+00 0.00000E+00 0.00000E+00 0.00000E+00 % lost data
1.10000E+01 1.10000E+01 1.09992E+01 1.09984E+01 % total
];

MAT_uco_A = [
0.00000E+00 4.97628E+06 8.09955E+07 1.50572E+08 % H3
0.00000E+00 2.53744E+16 2.54873E+16 2.54973E+16 % Xe135
5.05115E+09 5.04076E+09 4.86892E+09 4.68240E+09 % U235
3.28558E+09 3.28521E+09 3.27882E+09 3.27153E+09 % U238
0.00000E+00 5.93847E+05 1.14499E+10 1.08671E+11 % Pu238
0.00000E+00 3.19762E+10 1.07641E+12 2.06667E+12 % Pu239
0.00000E+00 2.55201E+08 1.44066E+11 5.39643E+11 % Pu240
0.00000E+00 4.61555E+08 5.22266E+12 4.07728E+13 % Pu241
0.00000E+00 9.48590E+00 2.10836E+06 3.49404E+07 % Pu242
0.00000E+00 2.27633E+03 4.95940E+08 8.05948E+09 % Am241
0.00000E+00 8.02439E+00 7.78487E+07 2.83839E+09 % Am244
0.00000E+00 5.31116E-03 4.69266E+04 1.71502E+06 % Am245
0.00000E+00 0.00000E+00 0.00000E+00 0.00000E+00 % lost data
8.33673E+09 3.34265E+18 3.70983E+18 3.76726E+18 % total
];

MAT_uco_H = [
0.00000E+00 4.53657E-09 7.38386E-08 1.37267E-07 % H3
0.00000E+00 2.28754E+03 2.29772E+03 2.29862E+03 % Xe135
3.73293E-03 3.72526E-03 3.59826E-03 3.46042E-03 % U235
2.25054E-03 2.25028E-03 2.24591E-03 2.24091E-03 % U238
0.00000E+00 5.31723E-07 1.02521E-02 9.73023E-02 % Pu238
0.00000E+00 2.68518E-02 9.03912E-01 1.73547E+00 % Pu239
0.00000E+00 2.14703E-04 1.21204E-01 4.54007E-01 % Pu240
0.00000E+00 3.96007E-07 4.48095E-03 3.49824E-02 % Pu241
0.00000E+00 7.57175E-12 1.68291E-06 2.78898E-05 % Pu242
0.00000E+00 2.04091E-09 4.44651E-04 7.22598E-03 % Am241
0.00000E+00 1.42543E-12 1.38288E-05 5.04205E-04 % Am244
0.00000E+00 2.67965E-16 2.36760E-09 8.65282E-08 % Am245
0.00000E+00 0.00000E+00 0.00000E+00 0.00000E+00 % lost data
5.98347E-03 1.20063E+06 1.23524E+06 1.23278E+06 % total
];

MAT_uco_SF = [
0.00000E+00 0.00000E+00 0.00000E+00 0.00000E+00 % H3
0.00000E+00 0.00000E+00 0.00000E+00 0.00000E+00 % Xe135
3.63683E-01 3.62935E-01 3.50562E-01 3.37133E-01 % U235
1.79393E+05 1.79372E+05 1.79024E+05 1.78625E+05 % U238
0.00000E+00 1.10456E-03 2.12969E+01 2.02128E+02 % Pu238
0.00000E+00 9.91261E-02 3.33688E+00 6.40667E+00 % Pu239
0.00000E+00 1.45465E+01 8.21174E+03 3.07597E+04 % Pu240
0.00000E+00 0.00000E+00 0.00000E+00 0.00000E+00 % Pu241
0.00000E+00 5.21724E-05 1.15960E+01 1.92172E+02 % Pu242
0.00000E+00 9.78820E-09 2.13254E-03 3.46558E-02 % Am241
0.00000E+00 0.00000E+00 0.00000E+00 0.00000E+00 % Am244
0.00000E+00 0.00000E+00 0.00000E+00 0.00000E+00 % Am245
0.00000E+00 0.00000E+00 0.00000E+00 0.00000E+00 % lost data
1.79393E+05 1.79387E+05 1.87849E+05 2.29049E+05 % total
];

MAT_uco_ING_TOX = [
0.00000E+00 2.09004E-04 3.40181E-03 6.32403E-03 % H3
0.00000E+00 5.32862E+09 5.35233E+09 5.35443E+09 % Xe135
2.37404E+02 2.36916E+02 2.28839E+02 2.20073E+02 % U235
1.47851E+02 1.47834E+02 1.47547E+02 1.47219E+02 % U238
0.00000E+00 1.36585E-01 2.63348E+03 2.49943E+04 % Pu238
0.00000E+00 7.99404E+03 2.69103E+05 5.16667E+05 % Pu239
0.00000E+00 6.38002E+01 3.60164E+04 1.34911E+05 % Pu240
0.00000E+00 2.21547E+00 2.50688E+04 1.95710E+05 % Pu241
0.00000E+00 2.27662E-06 5.06006E-01 8.38570E+00 % Pu242
0.00000E+00 4.55265E-04 9.91880E+01 1.61190E+03 % Am241
0.00000E+00 3.69122E-09 3.58104E-02 1.30566E+00 % Am244
0.00000E+00 3.29292E-13 2.90945E-06 1.06331E-04 % Am245
0.00000E+00 0.00000E+00 0.00000E+00 0.00000E+00 % lost data
3.85255E+02 4.64876E+10 6.20383E+10 6.20674E+10 % total
];

MAT_uco_INH_TOX = [
0.00000E+00 1.29383E-03 2.10588E-02 3.91488E-02 % H3
0.00000E+00 2.79118E+09 2.80360E+09 2.80470E+09 % Xe135
4.29348E+04 4.28465E+04 4.13858E+04 3.98004E+04 % U235
2.62846E+04 2.62816E+04 2.62306E+04 2.61722E+04 % U238
0.00000E+00 6.53232E+01 1.25949E+06 1.19538E+07 % Pu238
0.00000E+00 3.83714E+06 1.29170E+08 2.48000E+08 % Pu239
0.00000E+00 3.06241E+04 1.72879E+07 6.47572E+07 % Pu240
0.00000E+00 1.06158E+03 1.20121E+07 9.37775E+07 % Pu241
0.00000E+00 1.04345E-03 2.31919E+02 3.84345E+03 % Pu242
0.00000E+00 2.18527E-01 4.76102E+04 7.73710E+05 % Am241
0.00000E+00 2.96903E-08 2.88040E-01 1.05020E+01 % Am244
0.00000E+00 2.97425E-13 2.62789E-06 9.60409E-05 % Am245
0.00000E+00 0.00000E+00 0.00000E+00 0.00000E+00 % lost data
6.92194E+04 4.47971E+10 5.97204E+10 6.15651E+10 % total
];

TOT_VOLUME = [ 3.32126E+04 3.32126E+04 3.32126E+04 3.32126E+04 ];

TOT_BURNUP = [ 0.00000E+00 3.05491E-01 5.43783E+00 1.11811E+01 ];

TOT_ADENS = [
0.00000E+00 8.40410E-14 1.36788E-12 2.54291E-12 % H3
0.00000E+00 3.62674E-08 3.64287E-08 3.64430E-08 % Xe135
4.87458E-03 4.86456E-03 4.69872E-03 4.51873E-03 % U235
2.01233E-02 2.01210E-02 2.00819E-02 2.00372E-02 % U238
0.00000E+00 7.13921E-14 1.37650E-09 1.30643E-08 % Pu238
0.00000E+00 1.05681E-06 3.55755E-05 6.83035E-05 % Pu239
0.00000E+00 2.29523E-09 1.29570E-06 4.85346E-06 % Pu240
0.00000E+00 9.04131E-12 1.02306E-07 7.98691E-07 % Pu241
0.00000E+00 4.87620E-15 1.08380E-09 1.79610E-08 % Pu242
0.00000E+00 1.34988E-15 2.94097E-10 4.77935E-09 % Am241
0.00000E+00 1.26738E-23 1.22955E-16 4.48299E-15 % Am244
0.00000E+00 1.70262E-27 1.50434E-20 5.49789E-19 % Am245
0.00000E+00 6.45743E-08 1.15308E-06 2.37730E-06 % lost data
7.04699E-02 7.04777E-02 7.06096E-02 7.07571E-02 % total
];

