
DET1001 = [
    1    1    1    1    1    1    1    1    1    1  3.83563E+18 0.00515 
    2    2    1    1    1    1    1    1    1    1  1.67449E+18 0.00568 
    3    3    1    1    1    1    1    1    1    1  1.53863E+17 0.01160 
];


DET1001E = [
 1.00000E-09  6.25000E-07  3.13000E-07
 6.25000E-07  1.00000E-01  5.00003E-02
 1.00000E-01  2.00000E+01  1.00500E+01
];

DET1002 = [
    1    1    1    1    1    1    1    1    1    1  8.97611E+16 0.00928 
    2    2    1    1    1    1    1    1    1    1  3.33293E+17 0.00488 
    3    3    1    1    1    1    1    1    1    1  1.57250E+17 0.00611 
];


DET1002E = [
 1.00000E-09  6.25000E-07  3.13000E-07
 6.25000E-07  1.00000E-01  5.00003E-02
 1.00000E-01  2.00000E+01  1.00500E+01
];
