
DET1001 = [
    1    1    1    1    1    1    1    1    1    1  3.95435E+18 0.00490 
    2    2    1    1    1    1    1    1    1    1  1.75507E+18 0.00611 
    3    3    1    1    1    1    1    1    1    1  1.62906E+17 0.01195 
];


DET1001E = [
 1.00000E-09  6.25000E-07  3.13000E-07
 6.25000E-07  1.00000E-01  5.00003E-02
 1.00000E-01  2.00000E+01  1.00500E+01
];

DET1002 = [
    1    1    1    1    1    1    1    1    1    1  8.78293E+16 0.00889 
    2    2    1    1    1    1    1    1    1    1  3.59148E+17 0.00489 
    3    3    1    1    1    1    1    1    1    1  1.71504E+17 0.00641 
];


DET1002E = [
 1.00000E-09  6.25000E-07  3.13000E-07
 6.25000E-07  1.00000E-01  5.00003E-02
 1.00000E-01  2.00000E+01  1.00500E+01
];
