
DET1001 = [
    1    1    1    1    1    1    1    1    1    1  3.87647E+18 0.00505 
    2    2    1    1    1    1    1    1    1    1  1.69391E+18 0.00595 
    3    3    1    1    1    1    1    1    1    1  1.55841E+17 0.01208 
];


DET1001E = [
 1.00000E-09  6.25000E-07  3.13000E-07
 6.25000E-07  1.00000E-01  5.00003E-02
 1.00000E-01  2.00000E+01  1.00500E+01
];

DET1002 = [
    1    1    1    1    1    1    1    1    1    1  8.96260E+16 0.00877 
    2    2    1    1    1    1    1    1    1    1  3.41722E+17 0.00495 
    3    3    1    1    1    1    1    1    1    1  1.64009E+17 0.00616 
];


DET1002E = [
 1.00000E-09  6.25000E-07  3.13000E-07
 6.25000E-07  1.00000E-01  5.00003E-02
 1.00000E-01  2.00000E+01  1.00500E+01
];
