
DET1001 = [
    1    1    1    1    1    1    1    1    1    1  5.08072E+18 0.00421 
    2    2    1    1    1    1    1    1    1    1  2.01173E+18 0.00496 
    3    3    1    1    1    1    1    1    1    1  3.37672E+17 0.00996 
];


DET1001E = [
 1.00000E-09  6.25000E-07  3.13000E-07
 6.25000E-07  1.00000E-01  5.00003E-02
 1.00000E-01  2.00000E+01  1.00500E+01
];

DET1002 = [
    1    1    1    1    1    1    1    1    1    1  1.35122E+17 0.00838 
    2    2    1    1    1    1    1    1    1    1  3.64586E+17 0.00498 
    3    3    1    1    1    1    1    1    1    1  2.02781E+17 0.00628 
];


DET1002E = [
 1.00000E-09  6.25000E-07  3.13000E-07
 6.25000E-07  1.00000E-01  5.00003E-02
 1.00000E-01  2.00000E+01  1.00500E+01
];
