
DET1001 = [
    1    1    1    1    1    1    1    1    1    1  4.88420E+18 0.00436 
    2    2    1    1    1    1    1    1    1    1  1.92128E+18 0.00526 
    3    3    1    1    1    1    1    1    1    1  3.15670E+17 0.01028 
];


DET1001E = [
 1.00000E-09  6.25000E-07  3.13000E-07
 6.25000E-07  1.00000E-01  5.00003E-02
 1.00000E-01  2.00000E+01  1.00500E+01
];

DET1002 = [
    1    1    1    1    1    1    1    1    1    1  1.34617E+17 0.00777 
    2    2    1    1    1    1    1    1    1    1  3.45192E+17 0.00536 
    3    3    1    1    1    1    1    1    1    1  1.88966E+17 0.00621 
];


DET1002E = [
 1.00000E-09  6.25000E-07  3.13000E-07
 6.25000E-07  1.00000E-01  5.00003E-02
 1.00000E-01  2.00000E+01  1.00500E+01
];
