
DET1001 = [
    1    1    1    1    1    1    1    1    1    1  4.92413E+18 0.00427 
    2    2    1    1    1    1    1    1    1    1  1.96539E+18 0.00523 
    3    3    1    1    1    1    1    1    1    1  3.22973E+17 0.01057 
];


DET1001E = [
 1.00000E-09  6.25000E-07  3.13000E-07
 6.25000E-07  1.00000E-01  5.00003E-02
 1.00000E-01  2.00000E+01  1.00500E+01
];

DET1002 = [
    1    1    1    1    1    1    1    1    1    1  1.33987E+17 0.00846 
    2    2    1    1    1    1    1    1    1    1  3.51909E+17 0.00533 
    3    3    1    1    1    1    1    1    1    1  1.94782E+17 0.00644 
];


DET1002E = [
 1.00000E-09  6.25000E-07  3.13000E-07
 6.25000E-07  1.00000E-01  5.00003E-02
 1.00000E-01  2.00000E+01  1.00500E+01
];
