
DET1001 = [
    1    1    1    1    1    1    1    1    1    1  5.17803E+18 0.00421 
    2    2    1    1    1    1    1    1    1    1  2.06527E+18 0.00525 
    3    3    1    1    1    1    1    1    1    1  3.46118E+17 0.00966 
];


DET1001E = [
 1.00000E-09  6.25000E-07  3.13000E-07
 6.25000E-07  1.00000E-01  5.00003E-02
 1.00000E-01  2.00000E+01  1.00500E+01
];

DET1002 = [
    1    1    1    1    1    1    1    1    1    1  1.35577E+17 0.00810 
    2    2    1    1    1    1    1    1    1    1  3.75334E+17 0.00516 
    3    3    1    1    1    1    1    1    1    1  2.08841E+17 0.00649 
];


DET1002E = [
 1.00000E-09  6.25000E-07  3.13000E-07
 6.25000E-07  1.00000E-01  5.00003E-02
 1.00000E-01  2.00000E+01  1.00500E+01
];
