
ZAI = [
10030
541350
922350
922380
942380
942390
942400
942410
942420
952410
952440
952450
666
0
];

NAMES = [
'H3              '
'Xe135           '
'U235            '
'U238            '
'Pu238           '
'Pu239           '
'Pu240           '
'Pu241           '
'Pu242           '
'Am241           '
'Am244           '
'Am245           '
'lost            '
'total           '
];

i10030  = 1; iH3               = 1;
i541350 = 2; iXe135            = 2;
i922350 = 3; iU235             = 3;
i922380 = 4; iU238             = 4;
i942380 = 5; iPu238            = 5;
i942390 = 6; iPu239            = 6;
i942400 = 7; iPu240            = 7;
i942410 = 8; iPu241            = 8;
i942420 = 9; iPu242            = 9;
i952410 = 10; iAm241            = 10;
i952440 = 11; iAm244            = 11;
i952450 = 12; iAm245            = 12;
iLOST    = 13;
iTOT     = 14;

MAT_uco_VOLUME = [ 1.97179E+04 1.97179E+04 1.97179E+04 1.97179E+04 ];

MAT_uco_BURNUP = [ 0.00000E+00 5.14567E-01 9.15926E+00 1.88331E+01 ];

MAT_uco_ADENS = [
0.00000E+00 1.23593E-13 1.85594E-12 3.23094E-12 % H3
0.00000E+00 4.64014E-08 4.63178E-08 4.57577E-08 % Xe135
4.87458E-03 4.85790E-03 4.58381E-03 4.29004E-03 % U235
2.01233E-02 2.01200E-02 2.00635E-02 1.99982E-02 % U238
0.00000E+00 1.64871E-13 4.39914E-09 4.25176E-08 % Pu238
0.00000E+00 1.50914E-06 4.78627E-05 8.62264E-05 % Pu239
0.00000E+00 5.46095E-09 3.01244E-06 1.05248E-05 % Pu240
0.00000E+00 3.03098E-11 3.39532E-07 2.41300E-06 % Pu241
0.00000E+00 2.90890E-14 6.58003E-09 1.01936E-07 % Pu242
0.00000E+00 4.47829E-15 9.72781E-10 1.43063E-08 % Am241
0.00000E+00 1.46585E-22 1.49002E-15 5.31295E-14 % Am244
0.00000E+00 3.48394E-26 3.22326E-19 1.17065E-17 % Am245
0.00000E+00 1.08749E-07 1.94498E-06 4.01316E-06 % lost data
7.04699E-02 7.04831E-02 7.07053E-02 7.09536E-02 % total
];

MAT_uco_MDENS = [
0.00000E+00 6.18886E-13 9.29351E-12 1.61788E-11 % H3
0.00000E+00 1.03949E-05 1.03762E-05 1.02507E-05 % Xe135
1.90258E+00 1.89607E+00 1.78909E+00 1.67443E+00 % U235
7.95473E+00 7.95343E+00 7.93110E+00 7.90528E+00 % U238
0.00000E+00 6.51730E-11 1.73897E-06 1.68071E-05 % Pu238
0.00000E+00 5.99072E-04 1.89997E-02 3.42286E-02 % Pu239
0.00000E+00 2.17687E-06 1.20084E-03 4.19544E-03 % Pu240
0.00000E+00 1.21323E-08 1.35907E-04 9.65868E-04 % Pu241
0.00000E+00 1.16924E-11 2.64487E-06 4.09734E-05 % Pu242
0.00000E+00 1.79262E-12 3.89395E-07 5.72668E-06 % Am241
0.00000E+00 5.94089E-20 6.03882E-13 2.15326E-11 % Am244
0.00000E+00 1.41779E-23 1.31170E-16 4.76394E-15 % Am245
0.00000E+00 0.00000E+00 0.00000E+00 0.00000E+00 % lost data
1.10000E+01 1.09999E+01 1.09987E+01 1.09972E+01 % total
];

MAT_uco_A = [
0.00000E+00 4.34476E+06 6.52432E+07 1.13580E+08 % H3
0.00000E+00 1.92738E+16 1.92391E+16 1.90065E+16 % Xe135
2.99880E+09 2.98854E+09 2.81992E+09 2.63920E+09 % U235
1.95060E+09 1.95029E+09 1.94481E+09 1.93848E+09 % U238
0.00000E+00 8.14192E+05 2.17245E+10 2.09967E+11 % Pu238
0.00000E+00 2.71091E+10 8.59770E+11 1.54891E+12 % Pu239
0.00000E+00 3.60480E+08 1.98853E+11 6.94744E+11 % Pu240
0.00000E+00 9.18613E+08 1.02904E+13 7.31319E+13 % Pu241
0.00000E+00 3.35957E+01 7.59945E+06 1.17728E+08 % Pu242
0.00000E+00 4.48340E+03 9.73892E+08 1.43226E+10 % Am241
0.00000E+00 5.51001E+01 5.60084E+08 1.99709E+10 % Am244
0.00000E+00 6.45209E-02 5.96933E+05 2.16798E+07 % Am245
0.00000E+00 0.00000E+00 0.00000E+00 0.00000E+00 % lost data
4.94941E+09 3.28910E+18 3.63025E+18 3.67704E+18 % total
];

MAT_uco_H = [
0.00000E+00 3.96085E-09 5.94783E-08 1.03544E-07 % H3
0.00000E+00 1.73757E+03 1.73444E+03 1.71346E+03 % Xe135
2.21619E-03 2.20861E-03 2.08400E-03 1.95044E-03 % U235
1.33611E-03 1.33590E-03 1.33215E-03 1.32781E-03 % U238
0.00000E+00 7.29016E-07 1.94518E-02 1.88002E-01 % Pu238
0.00000E+00 2.27647E-02 7.21987E-01 1.30069E+00 % Pu239
0.00000E+00 3.03275E-04 1.67297E-01 5.84495E-01 % Pu240
0.00000E+00 7.88154E-07 8.82896E-03 6.27459E-02 % Pu241
0.00000E+00 2.68164E-11 6.06596E-06 9.39718E-05 % Pu242
0.00000E+00 4.01974E-09 8.73174E-04 1.28414E-02 % Am241
0.00000E+00 9.78785E-12 9.94918E-05 3.54758E-03 % Am244
0.00000E+00 3.25529E-15 3.01172E-08 1.09382E-06 % Am245
0.00000E+00 0.00000E+00 0.00000E+00 0.00000E+00 % lost data
3.55231E-03 1.19604E+06 1.22061E+06 1.21220E+06 % total
];

MAT_uco_SF = [
0.00000E+00 0.00000E+00 0.00000E+00 0.00000E+00 % H3
0.00000E+00 0.00000E+00 0.00000E+00 0.00000E+00 % Xe135
2.15914E-01 2.15175E-01 2.03034E-01 1.90022E-01 % U235
1.06503E+05 1.06486E+05 1.06187E+05 1.05841E+05 % U238
0.00000E+00 1.51440E-03 4.04076E+01 3.90539E+02 % Pu238
0.00000E+00 8.40382E-02 2.66529E+00 4.80161E+00 % Pu239
0.00000E+00 2.05473E+01 1.13346E+04 3.96004E+04 % Pu240
0.00000E+00 0.00000E+00 0.00000E+00 0.00000E+00 % Pu241
0.00000E+00 1.84776E-04 4.17970E+01 6.47504E+02 % Pu242
0.00000E+00 1.92786E-08 4.18774E-03 6.15874E-02 % Am241
0.00000E+00 0.00000E+00 0.00000E+00 0.00000E+00 % Am244
0.00000E+00 0.00000E+00 0.00000E+00 0.00000E+00 % Am245
0.00000E+00 0.00000E+00 0.00000E+00 0.00000E+00 % lost data
1.06503E+05 1.06507E+05 1.19583E+05 2.08366E+05 % total
];

MAT_uco_ING_TOX = [
0.00000E+00 1.82480E-04 2.74022E-03 4.77035E-03 % H3
0.00000E+00 4.04751E+09 4.04021E+09 3.99136E+09 % Xe135
1.40944E+02 1.40461E+02 1.32536E+02 1.24042E+02 % U235
8.77772E+01 8.77630E+01 8.75165E+01 8.72316E+01 % U238
0.00000E+00 1.87264E-01 4.99664E+03 4.82924E+04 % Pu238
0.00000E+00 6.77728E+03 2.14942E+05 3.87227E+05 % Pu239
0.00000E+00 9.01199E+01 4.97132E+04 1.73686E+05 % Pu240
0.00000E+00 4.40934E+00 4.93938E+04 3.51033E+05 % Pu241
0.00000E+00 8.06296E-06 1.82387E+00 2.82547E+01 % Pu242
0.00000E+00 8.96681E-04 1.94778E+02 2.86453E+03 % Am241
0.00000E+00 2.53461E-08 2.57639E-01 9.18662E+00 % Am244
0.00000E+00 4.00030E-12 3.70098E-05 1.34415E-03 % Am245
0.00000E+00 0.00000E+00 0.00000E+00 0.00000E+00 % lost data
2.28721E+02 4.51633E+10 6.03734E+10 6.01560E+10 % total
];

MAT_uco_INH_TOX = [
0.00000E+00 1.12964E-03 1.69632E-02 2.95307E-02 % H3
0.00000E+00 2.12012E+09 2.11630E+09 2.09071E+09 % Xe135
2.54898E+04 2.54026E+04 2.39693E+04 2.24332E+04 % U235
1.56048E+04 1.56023E+04 1.55585E+04 1.55078E+04 % U238
0.00000E+00 8.95611E+01 2.38970E+06 2.30964E+07 % Pu238
0.00000E+00 3.25309E+06 1.03172E+08 1.85869E+08 % Pu239
0.00000E+00 4.32575E+04 2.38623E+07 8.33692E+07 % Pu240
0.00000E+00 2.11281E+03 2.36678E+07 1.68203E+08 % Pu241
0.00000E+00 3.69553E-03 8.35940E+02 1.29501E+04 % Pu242
0.00000E+00 4.30407E-01 9.34936E+04 1.37497E+06 % Am241
0.00000E+00 2.03871E-07 2.07231E+00 7.38924E+01 % Am244
0.00000E+00 3.61317E-12 3.34282E-05 1.21407E-03 % Am245
0.00000E+00 0.00000E+00 0.00000E+00 0.00000E+00 % lost data
4.10947E+04 4.40702E+10 5.87188E+10 6.04238E+10 % total
];

TOT_VOLUME = [ 1.97179E+04 1.97179E+04 1.97179E+04 1.97179E+04 ];

TOT_BURNUP = [ 0.00000E+00 5.14567E-01 9.15926E+00 1.88331E+01 ];

TOT_ADENS = [
0.00000E+00 1.23593E-13 1.85594E-12 3.23094E-12 % H3
0.00000E+00 4.64014E-08 4.63178E-08 4.57577E-08 % Xe135
4.87458E-03 4.85790E-03 4.58381E-03 4.29004E-03 % U235
2.01233E-02 2.01200E-02 2.00635E-02 1.99982E-02 % U238
0.00000E+00 1.64871E-13 4.39914E-09 4.25176E-08 % Pu238
0.00000E+00 1.50914E-06 4.78627E-05 8.62264E-05 % Pu239
0.00000E+00 5.46095E-09 3.01244E-06 1.05248E-05 % Pu240
0.00000E+00 3.03098E-11 3.39532E-07 2.41300E-06 % Pu241
0.00000E+00 2.90890E-14 6.58003E-09 1.01936E-07 % Pu242
0.00000E+00 4.47829E-15 9.72781E-10 1.43063E-08 % Am241
0.00000E+00 1.46585E-22 1.49002E-15 5.31295E-14 % Am244
0.00000E+00 3.48394E-26 3.22326E-19 1.17065E-17 % Am245
0.00000E+00 1.08749E-07 1.94498E-06 4.01316E-06 % lost data
7.04699E-02 7.04831E-02 7.07053E-02 7.09536E-02 % total
];

