
DET1001 = [
    1    1    1    1    1    1    1    1    1    1  4.64852E+18 0.00460 
    2    2    1    1    1    1    1    1    1    1  1.86386E+18 0.00558 
    3    3    1    1    1    1    1    1    1    1  1.92064E+17 0.01146 
];


DET1001E = [
 1.00000E-09  6.25000E-07  3.13000E-07
 6.25000E-07  1.00000E-01  5.00003E-02
 1.00000E-01  2.00000E+01  1.00500E+01
];

DET1002 = [
    1    1    1    1    1    1    1    1    1    1  1.20617E+17 0.00863 
    2    2    1    1    1    1    1    1    1    1  3.55488E+17 0.00511 
    3    3    1    1    1    1    1    1    1    1  1.73051E+17 0.00618 
];


DET1002E = [
 1.00000E-09  6.25000E-07  3.13000E-07
 6.25000E-07  1.00000E-01  5.00003E-02
 1.00000E-01  2.00000E+01  1.00500E+01
];
