
DET1001 = [
    1    1    1    1    1    1    1    1    1    1  4.65262E+18 0.00454 
    2    2    1    1    1    1    1    1    1    1  1.89755E+18 0.00549 
    3    3    1    1    1    1    1    1    1    1  1.99463E+17 0.01166 
];


DET1001E = [
 1.00000E-09  6.25000E-07  3.13000E-07
 6.25000E-07  1.00000E-01  5.00003E-02
 1.00000E-01  2.00000E+01  1.00500E+01
];

DET1002 = [
    1    1    1    1    1    1    1    1    1    1  1.20444E+17 0.00807 
    2    2    1    1    1    1    1    1    1    1  3.60971E+17 0.00508 
    3    3    1    1    1    1    1    1    1    1  1.78071E+17 0.00669 
];


DET1002E = [
 1.00000E-09  6.25000E-07  3.13000E-07
 6.25000E-07  1.00000E-01  5.00003E-02
 1.00000E-01  2.00000E+01  1.00500E+01
];
