
ZAI = [
10030
541350
922350
922380
942380
942390
942400
942410
942420
952410
952440
952450
666
0
];

NAMES = [
'H3              '
'Xe135           '
'U235            '
'U238            '
'Pu238           '
'Pu239           '
'Pu240           '
'Pu241           '
'Pu242           '
'Am241           '
'Am244           '
'Am245           '
'lost            '
'total           '
];

i10030  = 1; iH3               = 1;
i541350 = 2; iXe135            = 2;
i922350 = 3; iU235             = 3;
i922380 = 4; iU238             = 4;
i942380 = 5; iPu238            = 5;
i942390 = 6; iPu239            = 6;
i942400 = 7; iPu240            = 7;
i942410 = 8; iPu241            = 8;
i942420 = 9; iPu242            = 9;
i952410 = 10; iAm241            = 10;
i952440 = 11; iAm244            = 11;
i952450 = 12; iAm245            = 12;
iLOST    = 13;
iTOT     = 14;

MAT_uco_VOLUME = [ 3.32126E+04 3.32126E+04 3.32126E+04 3.32126E+04 ];

MAT_uco_BURNUP = [ 0.00000E+00 3.05480E-01 5.43752E+00 1.11805E+01 ];

MAT_uco_ADENS = [
0.00000E+00 9.11432E-14 1.44097E-12 2.61872E-12 % H3
0.00000E+00 3.16492E-08 3.19593E-08 3.20058E-08 % Xe135
3.74777E-03 3.73784E-03 3.57477E-03 3.40010E-03 % U235
2.12374E-02 2.12348E-02 2.11908E-02 2.11403E-02 % U238
0.00000E+00 9.50342E-14 1.76799E-09 1.65702E-08 % Pu238
0.00000E+00 1.18446E-06 3.88024E-05 7.26907E-05 % Pu239
0.00000E+00 3.28341E-09 1.85607E-06 6.73362E-06 % Pu240
0.00000E+00 1.45896E-11 1.66292E-07 1.24211E-06 % Pu241
0.00000E+00 1.03932E-14 2.35087E-09 3.73631E-08 % Pu242
0.00000E+00 2.16274E-15 4.77181E-10 7.42430E-09 % Am241
0.00000E+00 3.28664E-23 3.36014E-16 1.19917E-14 % Am244
0.00000E+00 5.77687E-27 5.34199E-20 1.90142E-18 % Am245
0.00000E+00 6.45571E-08 1.15469E-06 2.38312E-06 % lost data
7.04339E-02 7.04418E-02 7.05738E-02 7.07212E-02 % total
];

MAT_uco_MDENS = [
0.00000E+00 4.56394E-13 7.21558E-12 1.31131E-11 % H3
0.00000E+00 7.09012E-06 7.15958E-06 7.17001E-06 % Xe135
1.46278E+00 1.45890E+00 1.39525E+00 1.32708E+00 % U235
8.39511E+00 8.39410E+00 8.37672E+00 8.35673E+00 % U238
0.00000E+00 3.75667E-11 6.98881E-07 6.55015E-06 % Pu238
0.00000E+00 4.70184E-04 1.54031E-02 2.88554E-02 % Pu239
0.00000E+00 1.30885E-06 7.39878E-04 2.68419E-03 % Pu240
0.00000E+00 5.83987E-09 6.65630E-05 4.97190E-04 % Pu241
0.00000E+00 4.17760E-12 9.44940E-07 1.50183E-05 % Pu242
0.00000E+00 8.65725E-13 1.91011E-07 2.97188E-06 % Am241
0.00000E+00 1.33203E-20 1.36181E-13 4.86004E-12 % Am244
0.00000E+00 2.35089E-24 2.17392E-17 7.73780E-16 % Am245
0.00000E+00 0.00000E+00 0.00000E+00 0.00000E+00 % lost data
1.10000E+01 1.10000E+01 1.09992E+01 1.09984E+01 % total
];

MAT_uco_A = [
0.00000E+00 5.39682E+06 8.53236E+07 1.55061E+08 % H3
0.00000E+00 2.21433E+16 2.23603E+16 2.23928E+16 % Xe135
3.88352E+09 3.87323E+09 3.70425E+09 3.52326E+09 % U235
3.46747E+09 3.46706E+09 3.45987E+09 3.45162E+09 % U238
0.00000E+00 7.90505E+05 1.47064E+10 1.37833E+11 % Pu238
0.00000E+00 3.58382E+10 1.17405E+12 2.19941E+12 % Pu239
0.00000E+00 3.65074E+08 2.06371E+11 7.48693E+11 % Pu240
0.00000E+00 7.44791E+08 8.48915E+12 6.34094E+13 % Pu241
0.00000E+00 2.02184E+01 4.57325E+06 7.26842E+07 % Pu242
0.00000E+00 3.64706E+03 8.04677E+08 1.25197E+10 % Am241
0.00000E+00 2.08093E+01 2.12746E+08 7.59248E+09 % Am244
0.00000E+00 1.80204E-02 1.66638E+05 5.93129E+06 % Am245
0.00000E+00 0.00000E+00 0.00000E+00 0.00000E+00 % lost data
7.35099E+09 3.37679E+18 3.75233E+18 3.80570E+18 % total
];

MAT_uco_H = [
0.00000E+00 4.91995E-09 7.77843E-08 1.41359E-07 % H3
0.00000E+00 1.99626E+03 2.01581E+03 2.01875E+03 % Xe135
2.87002E-03 2.86242E-03 2.73754E-03 2.60378E-03 % U235
2.37513E-03 2.37484E-03 2.36993E-03 2.36427E-03 % U238
0.00000E+00 7.07808E-07 1.31679E-02 1.23414E-01 % Pu238
0.00000E+00 3.00950E-02 9.85900E-01 1.84694E+00 % Pu239
0.00000E+00 3.07140E-04 1.73622E-01 6.29883E-01 % Pu240
0.00000E+00 6.39018E-07 7.28355E-03 5.44042E-02 % Pu241
0.00000E+00 1.61386E-11 3.65042E-06 5.80173E-05 % Pu242
0.00000E+00 3.26989E-09 7.21458E-04 1.12249E-02 % Am241
0.00000E+00 3.69651E-12 3.77917E-05 1.34871E-03 % Am244
0.00000E+00 9.09189E-16 8.40746E-09 2.99253E-07 % Am245
0.00000E+00 0.00000E+00 0.00000E+00 0.00000E+00 % lost data
5.24515E-03 1.20299E+06 1.23714E+06 1.23075E+06 % total
];

MAT_uco_SF = [
0.00000E+00 0.00000E+00 0.00000E+00 0.00000E+00 % H3
0.00000E+00 0.00000E+00 0.00000E+00 0.00000E+00 % Xe135
2.79613E-01 2.78873E-01 2.66706E-01 2.53675E-01 % U235
1.89324E+05 1.89301E+05 1.88909E+05 1.88459E+05 % U238
0.00000E+00 1.47034E-03 2.73538E+01 2.56369E+02 % Pu238
0.00000E+00 1.11098E-01 3.63955E+00 6.81818E+00 % Pu239
0.00000E+00 2.08092E+01 1.17632E+04 4.26755E+04 % Pu240
0.00000E+00 0.00000E+00 0.00000E+00 0.00000E+00 % Pu241
0.00000E+00 1.11201E-04 2.51529E+01 3.99763E+02 % Pu242
0.00000E+00 1.56824E-08 3.46011E-03 5.38347E-02 % Am241
0.00000E+00 0.00000E+00 0.00000E+00 0.00000E+00 % Am244
0.00000E+00 0.00000E+00 0.00000E+00 0.00000E+00 % Am245
0.00000E+00 0.00000E+00 0.00000E+00 0.00000E+00 % lost data
1.89324E+05 1.89322E+05 2.01932E+05 2.70533E+05 % total
];

MAT_uco_ING_TOX = [
0.00000E+00 2.26667E-04 3.58359E-03 6.51255E-03 % H3
0.00000E+00 4.65010E+09 4.69566E+09 4.70249E+09 % Xe135
1.82525E+02 1.82042E+02 1.74100E+02 1.65593E+02 % U235
1.56036E+02 1.56017E+02 1.55694E+02 1.55323E+02 % U238
0.00000E+00 1.81816E-01 3.38246E+03 3.17016E+04 % Pu238
0.00000E+00 8.95956E+03 2.93512E+05 5.49853E+05 % Pu239
0.00000E+00 9.12684E+01 5.15929E+04 1.87173E+05 % Pu240
0.00000E+00 3.57500E+00 4.07479E+04 3.04365E+05 % Pu241
0.00000E+00 4.85242E-06 1.09758E+00 1.74442E+01 % Pu242
0.00000E+00 7.29412E-04 1.60935E+02 2.50394E+03 % Am241
0.00000E+00 9.57227E-09 9.78632E-02 3.49254E+00 % Am244
0.00000E+00 1.11726E-12 1.03316E-05 3.67740E-04 % Am245
0.00000E+00 0.00000E+00 0.00000E+00 0.00000E+00 % lost data
3.38562E+02 4.58201E+10 6.15019E+10 6.14663E+10 % total
];

MAT_uco_INH_TOX = [
0.00000E+00 1.40317E-03 2.21841E-02 4.03158E-02 % H3
0.00000E+00 2.43577E+09 2.45963E+09 2.46321E+09 % Xe135
3.30099E+04 3.29225E+04 3.14862E+04 2.99477E+04 % U235
2.77398E+04 2.77364E+04 2.76790E+04 2.76130E+04 % U238
0.00000E+00 8.69556E+01 1.61770E+06 1.51616E+07 % Pu238
0.00000E+00 4.30059E+06 1.40886E+08 2.63929E+08 % Pu239
0.00000E+00 4.38088E+04 2.47646E+07 8.98431E+07 % Pu240
0.00000E+00 1.71302E+03 1.95250E+07 1.45842E+08 % Pu241
0.00000E+00 2.22403E-03 5.03057E+02 7.99526E+03 % Pu242
0.00000E+00 3.50118E-01 7.72490E+04 1.20189E+06 % Am241
0.00000E+00 7.69944E-08 7.87160E-01 2.80922E+01 % Am244
0.00000E+00 1.00914E-12 9.33175E-06 3.32152E-04 % Am245
0.00000E+00 0.00000E+00 0.00000E+00 0.00000E+00 % lost data
6.07497E+04 4.44592E+10 5.95823E+10 6.14655E+10 % total
];

TOT_VOLUME = [ 3.32126E+04 3.32126E+04 3.32126E+04 3.32126E+04 ];

TOT_BURNUP = [ 0.00000E+00 3.05480E-01 5.43752E+00 1.11805E+01 ];

TOT_ADENS = [
0.00000E+00 9.11432E-14 1.44097E-12 2.61872E-12 % H3
0.00000E+00 3.16492E-08 3.19593E-08 3.20058E-08 % Xe135
3.74777E-03 3.73784E-03 3.57477E-03 3.40010E-03 % U235
2.12374E-02 2.12348E-02 2.11908E-02 2.11403E-02 % U238
0.00000E+00 9.50342E-14 1.76799E-09 1.65702E-08 % Pu238
0.00000E+00 1.18446E-06 3.88024E-05 7.26907E-05 % Pu239
0.00000E+00 3.28341E-09 1.85607E-06 6.73362E-06 % Pu240
0.00000E+00 1.45896E-11 1.66292E-07 1.24211E-06 % Pu241
0.00000E+00 1.03932E-14 2.35087E-09 3.73631E-08 % Pu242
0.00000E+00 2.16274E-15 4.77181E-10 7.42430E-09 % Am241
0.00000E+00 3.28664E-23 3.36014E-16 1.19917E-14 % Am244
0.00000E+00 5.77687E-27 5.34199E-20 1.90142E-18 % Am245
0.00000E+00 6.45571E-08 1.15469E-06 2.38312E-06 % lost data
7.04339E-02 7.04418E-02 7.05738E-02 7.07212E-02 % total
];

