
DET1001 = [
    1    1    1    1    1    1    1    1    1    1  4.79959E+18 0.00473 
    2    2    1    1    1    1    1    1    1    1  1.96565E+18 0.00579 
    3    3    1    1    1    1    1    1    1    1  2.03987E+17 0.01210 
];


DET1001E = [
 1.00000E-09  6.25000E-07  3.13000E-07
 6.25000E-07  1.00000E-01  5.00003E-02
 1.00000E-01  2.00000E+01  1.00500E+01
];

DET1002 = [
    1    1    1    1    1    1    1    1    1    1  1.19321E+17 0.00876 
    2    2    1    1    1    1    1    1    1    1  3.84673E+17 0.00492 
    3    3    1    1    1    1    1    1    1    1  1.87921E+17 0.00665 
];


DET1002E = [
 1.00000E-09  6.25000E-07  3.13000E-07
 6.25000E-07  1.00000E-01  5.00003E-02
 1.00000E-01  2.00000E+01  1.00500E+01
];
