
DET1001 = [
    1    1    1    1    1    1    1    1    1    1  4.72621E+18 0.00453 
    2    2    1    1    1    1    1    1    1    1  1.93407E+18 0.00558 
    3    3    1    1    1    1    1    1    1    1  1.97431E+17 0.01175 
];


DET1001E = [
 1.00000E-09  6.25000E-07  3.13000E-07
 6.25000E-07  1.00000E-01  5.00003E-02
 1.00000E-01  2.00000E+01  1.00500E+01
];

DET1002 = [
    1    1    1    1    1    1    1    1    1    1  1.19989E+17 0.00800 
    2    2    1    1    1    1    1    1    1    1  3.78157E+17 0.00485 
    3    3    1    1    1    1    1    1    1    1  1.83258E+17 0.00617 
];


DET1002E = [
 1.00000E-09  6.25000E-07  3.13000E-07
 6.25000E-07  1.00000E-01  5.00003E-02
 1.00000E-01  2.00000E+01  1.00500E+01
];
