
DET1001 = [
    1    1    1    1    1    1    1    1    1    1  6.29934E+18 0.00440 
    2    2    1    1    1    1    1    1    1    1  2.23470E+18 0.00535 
    3    3    1    1    1    1    1    1    1    1  3.76420E+17 0.00985 
];


DET1001E = [
 1.00000E-09  6.25000E-07  3.13000E-07
 6.25000E-07  1.00000E-01  5.00003E-02
 1.00000E-01  2.00000E+01  1.00500E+01
];

DET1002 = [
    1    1    1    1    1    1    1    1    1    1  2.21439E+17 0.00623 
    2    2    1    1    1    1    1    1    1    1  4.03603E+17 0.00486 
    3    3    1    1    1    1    1    1    1    1  2.10528E+17 0.00623 
];


DET1002E = [
 1.00000E-09  6.25000E-07  3.13000E-07
 6.25000E-07  1.00000E-01  5.00003E-02
 1.00000E-01  2.00000E+01  1.00500E+01
];
