
ZAI = [
10030
541350
922350
922380
942380
942390
942400
942410
942420
952410
952440
952450
666
0
];

NAMES = [
'H3              '
'Xe135           '
'U235            '
'U238            '
'Pu238           '
'Pu239           '
'Pu240           '
'Pu241           '
'Pu242           '
'Am241           '
'Am244           '
'Am245           '
'lost            '
'total           '
];

i10030  = 1; iH3               = 1;
i541350 = 2; iXe135            = 2;
i922350 = 3; iU235             = 3;
i922380 = 4; iU238             = 4;
i942380 = 5; iPu238            = 5;
i942390 = 6; iPu239            = 6;
i942400 = 7; iPu240            = 7;
i942410 = 8; iPu241            = 8;
i942420 = 9; iPu242            = 9;
i952410 = 10; iAm241            = 10;
i952440 = 11; iAm244            = 11;
i952450 = 12; iAm245            = 12;
iLOST    = 13;
iTOT     = 14;

MAT_uco_VOLUME = [ 2.32244E+04 2.32244E+04 2.32244E+04 2.32244E+04 ];

MAT_uco_BURNUP = [ 0.00000E+00 4.36850E-01 7.77597E+00 1.59889E+01 ];

MAT_uco_ADENS = [
0.00000E+00 9.56545E-14 1.43091E-12 2.44640E-12 % H3
0.00000E+00 3.58211E-08 3.59126E-08 3.55037E-08 % Xe135
3.74777E-03 3.73375E-03 3.50460E-03 3.26126E-03 % U235
2.12374E-02 2.12343E-02 2.11805E-02 2.11185E-02 % U238
0.00000E+00 1.22099E-13 2.97806E-09 2.88155E-08 % Pu238
0.00000E+00 1.44040E-06 4.48823E-05 7.94526E-05 % Pu239
0.00000E+00 5.58199E-09 3.16987E-06 1.10664E-05 % Pu240
0.00000E+00 2.78456E-11 3.16052E-07 2.23742E-06 % Pu241
0.00000E+00 2.95176E-14 6.78676E-09 1.05170E-07 % Pu242
0.00000E+00 4.08052E-15 9.03425E-10 1.32160E-08 % Am241
0.00000E+00 1.09876E-22 1.17655E-15 4.27343E-14 % Am244
0.00000E+00 2.84982E-26 2.74879E-19 1.01411E-17 % Am245
0.00000E+00 9.22943E-08 1.65275E-06 3.41269E-06 % lost data
7.04339E-02 7.04452E-02 7.06339E-02 7.08447E-02 % total
];

MAT_uco_MDENS = [
0.00000E+00 4.78984E-13 7.16517E-12 1.22502E-11 % H3
0.00000E+00 8.02470E-06 8.04520E-06 7.95360E-06 % Xe135
1.46278E+00 1.45730E+00 1.36786E+00 1.27289E+00 % U235
8.39511E+00 8.39388E+00 8.37263E+00 8.34812E+00 % U238
0.00000E+00 4.82654E-11 1.17722E-06 1.13907E-05 % Pu238
0.00000E+00 5.71786E-04 1.78166E-02 3.15397E-02 % Pu239
0.00000E+00 2.22513E-06 1.26359E-03 4.41135E-03 % Pu240
0.00000E+00 1.11460E-08 1.26508E-04 8.95588E-04 % Pu241
0.00000E+00 1.18647E-11 2.72796E-06 4.22737E-05 % Pu242
0.00000E+00 1.63339E-12 3.61633E-07 5.29022E-06 % Am241
0.00000E+00 4.45310E-20 4.76838E-13 1.73196E-11 % Am244
0.00000E+00 1.15973E-23 1.11862E-16 4.12689E-15 % Am245
0.00000E+00 0.00000E+00 0.00000E+00 0.00000E+00 % lost data
1.10000E+01 1.09999E+01 1.09989E+01 1.09977E+01 % total
];

MAT_uco_A = [
0.00000E+00 3.96060E+06 5.92471E+07 1.01294E+08 % H3
0.00000E+00 1.75251E+16 1.75699E+16 1.73698E+16 % Xe135
2.71561E+09 2.70545E+09 2.53941E+09 2.36309E+09 % U235
2.42469E+09 2.42433E+09 2.41819E+09 2.41111E+09 % U238
0.00000E+00 7.10198E+05 1.73221E+10 1.67607E+11 % Pu238
0.00000E+00 3.04757E+10 9.49609E+11 1.68104E+12 % Pu239
0.00000E+00 4.33997E+08 2.46456E+11 8.60406E+11 % Pu240
0.00000E+00 9.94011E+08 1.12822E+13 7.98696E+13 % Pu241
0.00000E+00 4.01532E+01 9.23212E+06 1.43065E+08 % Pu242
0.00000E+00 4.81167E+03 1.06530E+09 1.55840E+10 % Am241
0.00000E+00 4.86461E+01 5.20903E+08 1.89201E+10 % Am244
0.00000E+00 6.21629E-02 5.99593E+05 2.21206E+07 % Am245
0.00000E+00 0.00000E+00 0.00000E+00 0.00000E+00 % lost data
5.14030E+09 3.31953E+18 3.66938E+18 3.70957E+18 % total
];

MAT_uco_H = [
0.00000E+00 3.61064E-09 5.40119E-08 9.23433E-08 % H3
0.00000E+00 1.57992E+03 1.58395E+03 1.56592E+03 % Xe135
2.00691E-03 1.99940E-03 1.87669E-03 1.74639E-03 % U235
1.66085E-03 1.66060E-03 1.65640E-03 1.65155E-03 % U238
0.00000E+00 6.35902E-07 1.55100E-02 1.50073E-01 % Pu238
0.00000E+00 2.55918E-02 7.97429E-01 1.41164E+00 % Pu239
0.00000E+00 3.65126E-04 2.07346E-01 7.23869E-01 % Pu240
0.00000E+00 8.52845E-07 9.67992E-03 6.85268E-02 % Pu241
0.00000E+00 3.20507E-11 7.36918E-06 1.14196E-04 % Pu242
0.00000E+00 4.31406E-09 9.55130E-04 1.39723E-02 % Am241
0.00000E+00 8.64137E-12 9.25318E-05 3.36091E-03 % Am244
0.00000E+00 3.13633E-15 3.02514E-08 1.11606E-06 % Am245
0.00000E+00 0.00000E+00 0.00000E+00 0.00000E+00 % lost data
3.66775E-03 1.19801E+06 1.22332E+06 1.21168E+06 % total
];

MAT_uco_SF = [
0.00000E+00 0.00000E+00 0.00000E+00 0.00000E+00 % H3
0.00000E+00 0.00000E+00 0.00000E+00 0.00000E+00 % Xe135
1.95524E-01 1.94793E-01 1.82838E-01 1.70143E-01 % U235
1.32388E+05 1.32368E+05 1.32033E+05 1.31647E+05 % U238
0.00000E+00 1.32097E-03 3.22191E+01 3.11750E+02 % Pu238
0.00000E+00 9.44748E-02 2.94379E+00 5.21122E+00 % Pu239
0.00000E+00 2.47378E+01 1.40480E+04 4.90431E+04 % Pu240
0.00000E+00 0.00000E+00 0.00000E+00 0.00000E+00 % Pu241
0.00000E+00 2.20843E-04 5.07767E+01 7.86856E+02 % Pu242
0.00000E+00 2.06902E-08 4.58080E-03 6.70112E-02 % Am241
0.00000E+00 0.00000E+00 0.00000E+00 0.00000E+00 % Am244
0.00000E+00 0.00000E+00 0.00000E+00 0.00000E+00 % Am245
0.00000E+00 0.00000E+00 0.00000E+00 0.00000E+00 % lost data
1.32388E+05 1.32393E+05 1.48444E+05 2.52759E+05 % total
];

MAT_uco_ING_TOX = [
0.00000E+00 1.66345E-04 2.48838E-03 4.25434E-03 % H3
0.00000E+00 3.68027E+09 3.68967E+09 3.64766E+09 % Xe135
1.27634E+02 1.27156E+02 1.19352E+02 1.11065E+02 % U235
1.09111E+02 1.09095E+02 1.08819E+02 1.08500E+02 % U238
0.00000E+00 1.63346E-01 3.98408E+03 3.85497E+04 % Pu238
0.00000E+00 7.61893E+03 2.37402E+05 4.20260E+05 % Pu239
0.00000E+00 1.08499E+02 6.16140E+04 2.15102E+05 % Pu240
0.00000E+00 4.77125E+00 5.41544E+04 3.83374E+05 % Pu241
0.00000E+00 9.63678E-06 2.21571E+00 3.43355E+01 % Pu242
0.00000E+00 9.62335E-04 2.13060E+02 3.11680E+03 % Am241
0.00000E+00 2.23772E-08 2.39615E-01 8.70324E+00 % Am244
0.00000E+00 3.85410E-12 3.71747E-05 1.37148E-03 % Am245
0.00000E+00 0.00000E+00 0.00000E+00 0.00000E+00 % lost data
2.36745E+02 4.47975E+10 6.01526E+10 5.98720E+10 % total
];

MAT_uco_INH_TOX = [
0.00000E+00 1.02976E-03 1.54042E-02 2.63364E-02 % H3
0.00000E+00 1.92776E+09 1.93268E+09 1.91068E+09 % Xe135
2.30827E+04 2.29963E+04 2.15850E+04 2.00863E+04 % U235
1.93975E+04 1.93946E+04 1.93455E+04 1.92889E+04 % U238
0.00000E+00 7.81218E+01 1.90543E+06 1.84368E+07 % Pu238
0.00000E+00 3.65709E+06 1.13953E+08 2.01725E+08 % Pu239
0.00000E+00 5.20796E+04 2.95747E+07 1.03249E+08 % Pu240
0.00000E+00 2.28623E+03 2.59490E+07 1.83700E+08 % Pu241
0.00000E+00 4.41686E-03 1.01553E+03 1.57371E+04 % Pu242
0.00000E+00 4.61921E-01 1.02269E+05 1.49607E+06 % Am241
0.00000E+00 1.79991E-07 1.92734E+00 7.00043E+01 % Am244
0.00000E+00 3.48112E-12 3.35772E-05 1.23876E-03 % Am245
0.00000E+00 0.00000E+00 0.00000E+00 0.00000E+00 % lost data
4.24802E+04 4.38772E+10 5.87167E+10 6.04055E+10 % total
];

TOT_VOLUME = [ 2.32244E+04 2.32244E+04 2.32244E+04 2.32244E+04 ];

TOT_BURNUP = [ 0.00000E+00 4.36850E-01 7.77597E+00 1.59889E+01 ];

TOT_ADENS = [
0.00000E+00 9.56545E-14 1.43091E-12 2.44640E-12 % H3
0.00000E+00 3.58211E-08 3.59126E-08 3.55037E-08 % Xe135
3.74777E-03 3.73375E-03 3.50460E-03 3.26126E-03 % U235
2.12374E-02 2.12343E-02 2.11805E-02 2.11185E-02 % U238
0.00000E+00 1.22099E-13 2.97806E-09 2.88155E-08 % Pu238
0.00000E+00 1.44040E-06 4.48823E-05 7.94526E-05 % Pu239
0.00000E+00 5.58199E-09 3.16987E-06 1.10664E-05 % Pu240
0.00000E+00 2.78456E-11 3.16052E-07 2.23742E-06 % Pu241
0.00000E+00 2.95176E-14 6.78676E-09 1.05170E-07 % Pu242
0.00000E+00 4.08052E-15 9.03425E-10 1.32160E-08 % Am241
0.00000E+00 1.09876E-22 1.17655E-15 4.27343E-14 % Am244
0.00000E+00 2.84982E-26 2.74879E-19 1.01411E-17 % Am245
0.00000E+00 9.22943E-08 1.65275E-06 3.41269E-06 % lost data
7.04339E-02 7.04452E-02 7.06339E-02 7.08447E-02 % total
];

