
DET1001 = [
    1    1    1    1    1    1    1    1    1    1  6.55949E+18 0.00405 
    2    2    1    1    1    1    1    1    1    1  2.36585E+18 0.00523 
    3    3    1    1    1    1    1    1    1    1  3.86141E+17 0.00985 
];


DET1001E = [
 1.00000E-09  6.25000E-07  3.13000E-07
 6.25000E-07  1.00000E-01  5.00003E-02
 1.00000E-01  2.00000E+01  1.00500E+01
];

DET1002 = [
    1    1    1    1    1    1    1    1    1    1  2.25090E+17 0.00666 
    2    2    1    1    1    1    1    1    1    1  4.33259E+17 0.00503 
    3    3    1    1    1    1    1    1    1    1  2.24794E+17 0.00628 
];


DET1002E = [
 1.00000E-09  6.25000E-07  3.13000E-07
 6.25000E-07  1.00000E-01  5.00003E-02
 1.00000E-01  2.00000E+01  1.00500E+01
];
