
DET1001 = [
    1    1    1    1    1    1    1    1    1    1  6.69992E+18 0.00438 
    2    2    1    1    1    1    1    1    1    1  2.40860E+18 0.00516 
    3    3    1    1    1    1    1    1    1    1  3.90584E+17 0.01004 
];


DET1001E = [
 1.00000E-09  6.25000E-07  3.13000E-07
 6.25000E-07  1.00000E-01  5.00003E-02
 1.00000E-01  2.00000E+01  1.00500E+01
];

DET1002 = [
    1    1    1    1    1    1    1    1    1    1  2.26206E+17 0.00663 
    2    2    1    1    1    1    1    1    1    1  4.47207E+17 0.00475 
    3    3    1    1    1    1    1    1    1    1  2.33167E+17 0.00603 
];


DET1002E = [
 1.00000E-09  6.25000E-07  3.13000E-07
 6.25000E-07  1.00000E-01  5.00003E-02
 1.00000E-01  2.00000E+01  1.00500E+01
];
