
DET1001 = [
    1    1    1    1    1    1    1    1    1    1  4.40668E+18 0.00487 
    2    2    1    1    1    1    1    1    1    1  1.83379E+18 0.00571 
    3    3    1    1    1    1    1    1    1    1  1.69288E+17 0.01188 
];


DET1001E = [
 1.00000E-09  6.25000E-07  3.13000E-07
 6.25000E-07  1.00000E-01  5.00003E-02
 1.00000E-01  2.00000E+01  1.00500E+01
];

DET1002 = [
    1    1    1    1    1    1    1    1    1    1  1.19492E+17 0.00843 
    2    2    1    1    1    1    1    1    1    1  3.86626E+17 0.00500 
    3    3    1    1    1    1    1    1    1    1  1.81139E+17 0.00623 
];


DET1002E = [
 1.00000E-09  6.25000E-07  3.13000E-07
 6.25000E-07  1.00000E-01  5.00003E-02
 1.00000E-01  2.00000E+01  1.00500E+01
];
