
DET1001 = [
    1    1    1    1    1    1    1    1    1    1  4.21620E+18 0.00502 
    2    2    1    1    1    1    1    1    1    1  1.73374E+18 0.00595 
    3    3    1    1    1    1    1    1    1    1  1.59057E+17 0.01157 
];


DET1001E = [
 1.00000E-09  6.25000E-07  3.13000E-07
 6.25000E-07  1.00000E-01  5.00003E-02
 1.00000E-01  2.00000E+01  1.00500E+01
];

DET1002 = [
    1    1    1    1    1    1    1    1    1    1  1.22501E+17 0.00848 
    2    2    1    1    1    1    1    1    1    1  3.57878E+17 0.00501 
    3    3    1    1    1    1    1    1    1    1  1.67887E+17 0.00633 
];


DET1002E = [
 1.00000E-09  6.25000E-07  3.13000E-07
 6.25000E-07  1.00000E-01  5.00003E-02
 1.00000E-01  2.00000E+01  1.00500E+01
];
