
DET1001 = [
    1    1    1    1    1    1    1    1    1    1  4.33449E+18 0.00476 
    2    2    1    1    1    1    1    1    1    1  1.79812E+18 0.00587 
    3    3    1    1    1    1    1    1    1    1  1.65086E+17 0.01175 
];


DET1001E = [
 1.00000E-09  6.25000E-07  3.13000E-07
 6.25000E-07  1.00000E-01  5.00003E-02
 1.00000E-01  2.00000E+01  1.00500E+01
];

DET1002 = [
    1    1    1    1    1    1    1    1    1    1  1.19207E+17 0.00821 
    2    2    1    1    1    1    1    1    1    1  3.75191E+17 0.00508 
    3    3    1    1    1    1    1    1    1    1  1.76996E+17 0.00592 
];


DET1002E = [
 1.00000E-09  6.25000E-07  3.13000E-07
 6.25000E-07  1.00000E-01  5.00003E-02
 1.00000E-01  2.00000E+01  1.00500E+01
];
