
DET1001 = [
    1    1    1    1    1    1    1    1    1    1  4.28901E+18 0.00462 
    2    2    1    1    1    1    1    1    1    1  1.77724E+18 0.00593 
    3    3    1    1    1    1    1    1    1    1  1.62470E+17 0.01237 
];


DET1001E = [
 1.00000E-09  6.25000E-07  3.13000E-07
 6.25000E-07  1.00000E-01  5.00003E-02
 1.00000E-01  2.00000E+01  1.00500E+01
];

DET1002 = [
    1    1    1    1    1    1    1    1    1    1  1.21373E+17 0.00790 
    2    2    1    1    1    1    1    1    1    1  3.65366E+17 0.00477 
    3    3    1    1    1    1    1    1    1    1  1.72267E+17 0.00616 
];


DET1002E = [
 1.00000E-09  6.25000E-07  3.13000E-07
 6.25000E-07  1.00000E-01  5.00003E-02
 1.00000E-01  2.00000E+01  1.00500E+01
];
