
DET1001 = [
    1    1    1    1    1    1    1    1    1    1  6.66614E+18 0.00424 
    2    2    1    1    1    1    1    1    1    1  2.06959E+18 0.00593 
    3    3    1    1    1    1    1    1    1    1  2.10978E+17 0.01151 
];


DET1001E = [
 1.00000E-09  6.25000E-07  3.13000E-07
 6.25000E-07  1.00000E-01  5.00003E-02
 1.00000E-01  2.00000E+01  1.00500E+01
];

DET1002 = [
    1    1    1    1    1    1    1    1    1    1  3.07138E+17 0.00596 
    2    2    1    1    1    1    1    1    1    1  4.59647E+17 0.00469 
    3    3    1    1    1    1    1    1    1    1  2.14742E+17 0.00620 
];


DET1002E = [
 1.00000E-09  6.25000E-07  3.13000E-07
 6.25000E-07  1.00000E-01  5.00003E-02
 1.00000E-01  2.00000E+01  1.00500E+01
];
