
DET1001 = [
    1    1    1    1    1    1    1    1    1    1  6.50320E+18 0.00405 
    2    2    1    1    1    1    1    1    1    1  2.01128E+18 0.00566 
    3    3    1    1    1    1    1    1    1    1  1.99326E+17 0.01115 
];


DET1001E = [
 1.00000E-09  6.25000E-07  3.13000E-07
 6.25000E-07  1.00000E-01  5.00003E-02
 1.00000E-01  2.00000E+01  1.00500E+01
];

DET1002 = [
    1    1    1    1    1    1    1    1    1    1  3.00074E+17 0.00618 
    2    2    1    1    1    1    1    1    1    1  4.39671E+17 0.00459 
    3    3    1    1    1    1    1    1    1    1  2.02360E+17 0.00666 
];


DET1002E = [
 1.00000E-09  6.25000E-07  3.13000E-07
 6.25000E-07  1.00000E-01  5.00003E-02
 1.00000E-01  2.00000E+01  1.00500E+01
];
