
DET1001 = [
    1    1    1    1    1    1    1    1    1    1  4.99905E+18 0.00438 
    2    2    1    1    1    1    1    1    1    1  1.96393E+18 0.00501 
    3    3    1    1    1    1    1    1    1    1  3.24892E+17 0.01000 
];


DET1001E = [
 1.00000E-09  6.25000E-07  3.13000E-07
 6.25000E-07  1.00000E-01  5.00003E-02
 1.00000E-01  2.00000E+01  1.00500E+01
];

DET1002 = [
    1    1    1    1    1    1    1    1    1    1  1.37320E+17 0.00781 
    2    2    1    1    1    1    1    1    1    1  3.48147E+17 0.00509 
    3    3    1    1    1    1    1    1    1    1  1.93579E+17 0.00689 
];


DET1002E = [
 1.00000E-09  6.25000E-07  3.13000E-07
 6.25000E-07  1.00000E-01  5.00003E-02
 1.00000E-01  2.00000E+01  1.00500E+01
];
