
DET1001 = [
    1    1    1    1    1    1    1    1    1    1  5.11453E+18 0.00430 
    2    2    1    1    1    1    1    1    1    1  2.02698E+18 0.00533 
    3    3    1    1    1    1    1    1    1    1  3.35053E+17 0.01004 
];


DET1001E = [
 1.00000E-09  6.25000E-07  3.13000E-07
 6.25000E-07  1.00000E-01  5.00003E-02
 1.00000E-01  2.00000E+01  1.00500E+01
];

DET1002 = [
    1    1    1    1    1    1    1    1    1    1  1.38039E+17 0.00800 
    2    2    1    1    1    1    1    1    1    1  3.59279E+17 0.00496 
    3    3    1    1    1    1    1    1    1    1  2.01439E+17 0.00639 
];


DET1002E = [
 1.00000E-09  6.25000E-07  3.13000E-07
 6.25000E-07  1.00000E-01  5.00003E-02
 1.00000E-01  2.00000E+01  1.00500E+01
];
