
DET1001 = [
    1    1    1    1    1    1    1    1    1    1  5.35486E+18 0.00432 
    2    2    1    1    1    1    1    1    1    1  2.12203E+18 0.00561 
    3    3    1    1    1    1    1    1    1    1  3.56860E+17 0.01022 
];


DET1001E = [
 1.00000E-09  6.25000E-07  3.13000E-07
 6.25000E-07  1.00000E-01  5.00003E-02
 1.00000E-01  2.00000E+01  1.00500E+01
];

DET1002 = [
    1    1    1    1    1    1    1    1    1    1  1.39932E+17 0.00803 
    2    2    1    1    1    1    1    1    1    1  3.88217E+17 0.00497 
    3    3    1    1    1    1    1    1    1    1  2.15195E+17 0.00636 
];


DET1002E = [
 1.00000E-09  6.25000E-07  3.13000E-07
 6.25000E-07  1.00000E-01  5.00003E-02
 1.00000E-01  2.00000E+01  1.00500E+01
];
