
ZAI = [
10030
541350
922350
922380
942380
942390
942400
942410
942420
952410
952440
952450
666
0
];

NAMES = [
'H3              '
'Xe135           '
'U235            '
'U238            '
'Pu238           '
'Pu239           '
'Pu240           '
'Pu241           '
'Pu242           '
'Am241           '
'Am244           '
'Am245           '
'lost            '
'total           '
];

i10030  = 1; iH3               = 1;
i541350 = 2; iXe135            = 2;
i922350 = 3; iU235             = 3;
i922380 = 4; iU238             = 4;
i942380 = 5; iPu238            = 5;
i942390 = 6; iPu239            = 6;
i942400 = 7; iPu240            = 7;
i942410 = 8; iPu241            = 8;
i942420 = 9; iPu242            = 9;
i952410 = 10; iAm241            = 10;
i952440 = 11; iAm244            = 11;
i952450 = 12; iAm245            = 12;
iLOST    = 13;
iTOT     = 14;

MAT_uco_VOLUME = [ 2.13640E+04 2.13640E+04 2.13640E+04 2.13640E+04 ];

MAT_uco_BURNUP = [ 0.00000E+00 4.74907E-01 8.45337E+00 1.73817E+01 ];

MAT_uco_ADENS = [
0.00000E+00 1.20221E-13 1.83878E-12 3.17178E-12 % H3
0.00000E+00 4.17400E-08 4.19055E-08 4.15695E-08 % Xe135
4.31104E-03 4.29566E-03 4.04404E-03 3.77643E-03 % U235
2.06805E-02 2.06770E-02 2.06168E-02 2.05471E-02 % U238
0.00000E+00 1.65993E-13 4.26556E-09 4.11650E-08 % Pu238
0.00000E+00 1.60772E-06 5.06928E-05 9.10976E-05 % Pu239
0.00000E+00 6.05164E-09 3.31559E-06 1.14610E-05 % Pu240
0.00000E+00 3.41651E-11 3.75791E-07 2.66179E-06 % Pu241
0.00000E+00 3.41515E-14 7.58242E-09 1.16386E-07 % Pu242
0.00000E+00 5.04400E-15 1.07625E-09 1.57701E-08 % Am241
0.00000E+00 1.76373E-22 1.77421E-15 6.26900E-14 % Am244
0.00000E+00 4.37489E-26 3.99154E-19 1.43158E-17 % Am245
0.00000E+00 1.00361E-07 1.79703E-06 3.71043E-06 % lost data
7.04520E-02 7.04642E-02 7.06693E-02 7.08985E-02 % total
];

MAT_uco_MDENS = [
0.00000E+00 6.02001E-13 9.20755E-12 1.58825E-11 % H3
0.00000E+00 9.35068E-06 9.38774E-06 9.31248E-06 % Xe135
1.68262E+00 1.67662E+00 1.57841E+00 1.47396E+00 % U235
8.17497E+00 8.17360E+00 8.14980E+00 8.12224E+00 % U238
0.00000E+00 6.56164E-11 1.68616E-06 1.62724E-05 % Pu238
0.00000E+00 6.38203E-04 2.01231E-02 3.61623E-02 % Pu239
0.00000E+00 2.41234E-06 1.32168E-03 4.56867E-03 % Pu240
0.00000E+00 1.36755E-08 1.50421E-04 1.06545E-03 % Pu241
0.00000E+00 1.37273E-11 3.04779E-06 4.67819E-05 % Pu242
0.00000E+00 2.01907E-12 4.30815E-07 6.31264E-06 % Am241
0.00000E+00 7.14816E-20 7.19060E-13 2.54073E-11 % Am244
0.00000E+00 1.78036E-23 1.62436E-16 5.82578E-15 % Am245
0.00000E+00 0.00000E+00 0.00000E+00 0.00000E+00 % lost data
1.10000E+01 1.09999E+01 1.09988E+01 1.09975E+01 % total
];

MAT_uco_A = [
0.00000E+00 4.57905E+06 7.00362E+07 1.20808E+08 % H3
0.00000E+00 1.87850E+16 1.88595E+16 1.87083E+16 % Xe135
2.87352E+09 2.86327E+09 2.69555E+09 2.51718E+09 % U235
2.17196E+09 2.17160E+09 2.16528E+09 2.15796E+09 % U238
0.00000E+00 8.88165E+05 2.28234E+10 2.20258E+11 % Pu238
0.00000E+00 3.12909E+10 9.86629E+11 1.77302E+12 % Pu239
0.00000E+00 4.32821E+08 2.37135E+11 8.19708E+11 % Pu240
0.00000E+00 1.12190E+09 1.23401E+13 8.74069E+13 % Pu241
0.00000E+00 4.27352E+01 9.48822E+06 1.45639E+08 % Pu242
0.00000E+00 5.47134E+03 1.16744E+09 1.71062E+10 % Am241
0.00000E+00 7.18319E+01 7.22584E+08 2.55319E+10 % Am244
0.00000E+00 8.77846E-02 8.00927E+05 2.87254E+07 % Am245
0.00000E+00 0.00000E+00 0.00000E+00 0.00000E+00 % lost data
5.04549E+09 3.32906E+18 3.68434E+18 3.73036E+18 % total
];

MAT_uco_H = [
0.00000E+00 4.17444E-09 6.38477E-08 1.10133E-07 % H3
0.00000E+00 1.69350E+03 1.70022E+03 1.68658E+03 % Xe135
2.12361E-03 2.11603E-03 1.99209E-03 1.86026E-03 % U235
1.48774E-03 1.48749E-03 1.48316E-03 1.47814E-03 % U238
0.00000E+00 7.95251E-07 2.04358E-02 1.97217E-01 % Pu238
0.00000E+00 2.62763E-02 8.28516E-01 1.48889E+00 % Pu239
0.00000E+00 3.64137E-04 1.99504E-01 6.89629E-01 % Pu240
0.00000E+00 9.62573E-07 1.05876E-02 7.49937E-02 % Pu241
0.00000E+00 3.41117E-11 7.57360E-06 1.16251E-04 % Pu242
0.00000E+00 4.90550E-09 1.04670E-03 1.53371E-02 % Am241
0.00000E+00 1.27600E-11 1.28358E-04 4.53542E-03 % Am244
0.00000E+00 4.42903E-15 4.04094E-08 1.44929E-06 % Am245
0.00000E+00 0.00000E+00 0.00000E+00 0.00000E+00 % lost data
3.61135E-03 1.19895E+06 1.22584E+06 1.21562E+06 % total
];

MAT_uco_SF = [
0.00000E+00 0.00000E+00 0.00000E+00 0.00000E+00 % H3
0.00000E+00 0.00000E+00 0.00000E+00 0.00000E+00 % Xe135
2.06893E-01 2.06156E-01 1.94080E-01 1.81237E-01 % U235
1.18589E+05 1.18569E+05 1.18224E+05 1.17824E+05 % U238
0.00000E+00 1.65199E-03 4.24515E+01 4.09681E+02 % Pu238
0.00000E+00 9.70017E-02 3.05855E+00 5.49637E+00 % Pu239
0.00000E+00 2.46708E+01 1.35167E+04 4.67234E+04 % Pu240
0.00000E+00 0.00000E+00 0.00000E+00 0.00000E+00 % Pu241
0.00000E+00 2.35044E-04 5.21852E+01 8.01015E+02 % Pu242
0.00000E+00 2.35268E-08 5.01998E-03 7.35567E-02 % Am241
0.00000E+00 0.00000E+00 0.00000E+00 0.00000E+00 % Am244
0.00000E+00 0.00000E+00 0.00000E+00 0.00000E+00 % Am245
0.00000E+00 0.00000E+00 0.00000E+00 0.00000E+00 % lost data
1.18589E+05 1.18594E+05 1.34293E+05 2.42030E+05 % total
];

MAT_uco_ING_TOX = [
0.00000E+00 1.92320E-04 2.94152E-03 5.07394E-03 % H3
0.00000E+00 3.94486E+09 3.96050E+09 3.92875E+09 % Xe135
1.35055E+02 1.34574E+02 1.26691E+02 1.18307E+02 % U235
9.77384E+01 9.77220E+01 9.74375E+01 9.71080E+01 % U238
0.00000E+00 2.04278E-01 5.24938E+03 5.06595E+04 % Pu238
0.00000E+00 7.82272E+03 2.46657E+05 4.43256E+05 % Pu239
0.00000E+00 1.08205E+02 5.92838E+04 2.04927E+05 % Pu240
0.00000E+00 5.38513E+00 5.92325E+04 4.19553E+05 % Pu241
0.00000E+00 1.02565E-05 2.27717E+00 3.49534E+01 % Pu242
0.00000E+00 1.09427E-03 2.33487E+02 3.42124E+03 % Am241
0.00000E+00 3.30427E-08 3.32389E-01 1.17447E+01 % Am244
0.00000E+00 5.44265E-12 4.96575E-05 1.78098E-03 % Am245
0.00000E+00 0.00000E+00 0.00000E+00 0.00000E+00 % lost data
2.32794E+02 4.50792E+10 6.04898E+10 6.02726E+10 % total
];

MAT_uco_INH_TOX = [
0.00000E+00 1.19055E-03 1.82094E-02 3.14101E-02 % H3
0.00000E+00 2.06636E+09 2.07455E+09 2.05791E+09 % Xe135
2.44249E+04 2.43378E+04 2.29122E+04 2.13960E+04 % U235
1.73757E+04 1.73728E+04 1.73222E+04 1.72636E+04 % U238
0.00000E+00 9.76982E+01 2.51057E+06 2.42284E+07 % Pu238
0.00000E+00 3.75490E+06 1.18395E+08 2.12763E+08 % Pu239
0.00000E+00 5.19385E+04 2.84562E+07 9.83650E+07 % Pu240
0.00000E+00 2.58038E+03 2.83822E+07 2.01036E+08 % Pu241
0.00000E+00 4.70087E-03 1.04370E+03 1.60203E+04 % Pu242
0.00000E+00 5.25248E-01 1.12074E+05 1.64220E+06 % Am241
0.00000E+00 2.65778E-07 2.67356E+00 9.44679E+01 % Am244
0.00000E+00 4.91594E-12 4.48519E-05 1.60862E-03 % Am245
0.00000E+00 0.00000E+00 0.00000E+00 0.00000E+00 % lost data
4.18006E+04 4.40430E+10 5.89351E+10 6.07049E+10 % total
];

TOT_VOLUME = [ 2.13640E+04 2.13640E+04 2.13640E+04 2.13640E+04 ];

TOT_BURNUP = [ 0.00000E+00 4.74907E-01 8.45337E+00 1.73817E+01 ];

TOT_ADENS = [
0.00000E+00 1.20221E-13 1.83878E-12 3.17178E-12 % H3
0.00000E+00 4.17400E-08 4.19055E-08 4.15695E-08 % Xe135
4.31104E-03 4.29566E-03 4.04404E-03 3.77643E-03 % U235
2.06805E-02 2.06770E-02 2.06168E-02 2.05471E-02 % U238
0.00000E+00 1.65993E-13 4.26556E-09 4.11650E-08 % Pu238
0.00000E+00 1.60772E-06 5.06928E-05 9.10976E-05 % Pu239
0.00000E+00 6.05164E-09 3.31559E-06 1.14610E-05 % Pu240
0.00000E+00 3.41651E-11 3.75791E-07 2.66179E-06 % Pu241
0.00000E+00 3.41515E-14 7.58242E-09 1.16386E-07 % Pu242
0.00000E+00 5.04400E-15 1.07625E-09 1.57701E-08 % Am241
0.00000E+00 1.76373E-22 1.77421E-15 6.26900E-14 % Am244
0.00000E+00 4.37489E-26 3.99154E-19 1.43158E-17 % Am245
0.00000E+00 1.00361E-07 1.79703E-06 3.71043E-06 % lost data
7.04520E-02 7.04642E-02 7.06693E-02 7.08985E-02 % total
];

