
DET1001 = [
    1    1    1    1    1    1    1    1    1    1  5.16386E+18 0.00431 
    2    2    1    1    1    1    1    1    1    1  2.04719E+18 0.00527 
    3    3    1    1    1    1    1    1    1    1  3.50622E+17 0.01017 
];


DET1001E = [
 1.00000E-09  6.25000E-07  3.13000E-07
 6.25000E-07  1.00000E-01  5.00003E-02
 1.00000E-01  2.00000E+01  1.00500E+01
];

DET1002 = [
    1    1    1    1    1    1    1    1    1    1  1.35372E+17 0.00817 
    2    2    1    1    1    1    1    1    1    1  3.71443E+17 0.00523 
    3    3    1    1    1    1    1    1    1    1  2.06413E+17 0.00628 
];


DET1002E = [
 1.00000E-09  6.25000E-07  3.13000E-07
 6.25000E-07  1.00000E-01  5.00003E-02
 1.00000E-01  2.00000E+01  1.00500E+01
];
