
DET1001 = [
    1    1    1    1    1    1    1    1    1    1  3.46260E+18 0.00521 
    2    2    1    1    1    1    1    1    1    1  1.60608E+18 0.00594 
    3    3    1    1    1    1    1    1    1    1  1.48791E+17 0.01152 
];


DET1001E = [
 1.00000E-09  6.25000E-07  3.13000E-07
 6.25000E-07  1.00000E-01  5.00003E-02
 1.00000E-01  2.00000E+01  1.00500E+01
];

DET1002 = [
    1    1    1    1    1    1    1    1    1    1  6.53299E+16 0.01026 
    2    2    1    1    1    1    1    1    1    1  3.12740E+17 0.00505 
    3    3    1    1    1    1    1    1    1    1  1.55294E+17 0.00684 
];


DET1002E = [
 1.00000E-09  6.25000E-07  3.13000E-07
 6.25000E-07  1.00000E-01  5.00003E-02
 1.00000E-01  2.00000E+01  1.00500E+01
];
