
DET1001 = [
    1    1    1    1    1    1    1    1    1    1  3.61122E+18 0.00532 
    2    2    1    1    1    1    1    1    1    1  1.68261E+18 0.00615 
    3    3    1    1    1    1    1    1    1    1  1.58172E+17 0.01196 
];


DET1001E = [
 1.00000E-09  6.25000E-07  3.13000E-07
 6.25000E-07  1.00000E-01  5.00003E-02
 1.00000E-01  2.00000E+01  1.00500E+01
];

DET1002 = [
    1    1    1    1    1    1    1    1    1    1  6.67695E+16 0.01004 
    2    2    1    1    1    1    1    1    1    1  3.33618E+17 0.00496 
    3    3    1    1    1    1    1    1    1    1  1.65861E+17 0.00635 
];


DET1002E = [
 1.00000E-09  6.25000E-07  3.13000E-07
 6.25000E-07  1.00000E-01  5.00003E-02
 1.00000E-01  2.00000E+01  1.00500E+01
];
