
ZAI = [
10030
541350
922350
922380
942380
942390
942400
942410
942420
952410
952440
952450
666
0
];

NAMES = [
'H3              '
'Xe135           '
'U235            '
'U238            '
'Pu238           '
'Pu239           '
'Pu240           '
'Pu241           '
'Pu242           '
'Am241           '
'Am244           '
'Am245           '
'lost            '
'total           '
];

i10030  = 1; iH3               = 1;
i541350 = 2; iXe135            = 2;
i922350 = 3; iU235             = 3;
i922380 = 4; iU238             = 4;
i942380 = 5; iPu238            = 5;
i942390 = 6; iPu239            = 6;
i942400 = 7; iPu240            = 7;
i942410 = 8; iPu241            = 8;
i942420 = 9; iPu242            = 9;
i952410 = 10; iAm241            = 10;
i952440 = 11; iAm244            = 11;
i952450 = 12; iAm245            = 12;
iLOST    = 13;
iTOT     = 14;

MAT_uco_VOLUME = [ 3.45065E+04 3.45065E+04 3.45065E+04 3.45065E+04 ];

MAT_uco_BURNUP = [ 0.00000E+00 2.94035E-01 5.23396E+00 1.07619E+01 ];

MAT_uco_ADENS = [
0.00000E+00 9.80351E-14 1.62694E-12 3.02331E-12 % H3
0.00000E+00 3.62000E-08 3.64471E-08 3.65032E-08 % Xe135
4.87458E-03 4.86487E-03 4.70414E-03 4.52973E-03 % U235
2.01233E-02 2.01210E-02 2.00810E-02 2.00353E-02 % U238
0.00000E+00 8.39649E-14 1.56152E-09 1.46610E-08 % Pu238
0.00000E+00 1.07833E-06 3.64435E-05 7.04138E-05 % Pu239
0.00000E+00 2.28897E-09 1.25201E-06 4.68193E-06 % Pu240
0.00000E+00 9.54333E-12 1.03801E-07 8.05950E-07 % Pu241
0.00000E+00 4.91062E-15 1.04263E-09 1.71138E-08 % Pu242
0.00000E+00 1.43379E-15 2.98781E-10 4.83419E-09 % Am241
0.00000E+00 1.44207E-23 1.35736E-16 5.00115E-15 % Am244
0.00000E+00 1.86477E-27 1.60333E-20 5.94873E-19 % Am245
0.00000E+00 6.21682E-08 1.11013E-06 2.28887E-06 % lost data
7.04699E-02 7.04774E-02 7.06044E-02 7.07463E-02 % total
];

MAT_uco_MDENS = [
0.00000E+00 4.90905E-13 8.14682E-12 1.51390E-11 % H3
0.00000E+00 8.10960E-06 8.16495E-06 8.17750E-06 % Xe135
1.90258E+00 1.89879E+00 1.83605E+00 1.76798E+00 % U235
7.95473E+00 7.95380E+00 7.93801E+00 7.91994E+00 % U238
0.00000E+00 3.31911E-11 6.17265E-07 5.79546E-06 % Pu238
0.00000E+00 4.28055E-04 1.44667E-02 2.79516E-02 % Pu239
0.00000E+00 9.12442E-07 4.99085E-04 1.86634E-03 % Pu240
0.00000E+00 3.81998E-09 4.15494E-05 3.22604E-04 % Pu241
0.00000E+00 1.97384E-12 4.19090E-07 6.87894E-06 % Pu242
0.00000E+00 5.73932E-13 1.19599E-07 1.93508E-06 % Am241
0.00000E+00 5.84452E-21 5.50119E-14 2.02689E-12 % Am244
0.00000E+00 7.58866E-25 6.52473E-18 2.42083E-16 % Am245
0.00000E+00 0.00000E+00 0.00000E+00 0.00000E+00 % lost data
1.10000E+01 1.10000E+01 1.09992E+01 1.09985E+01 % total
];

MAT_uco_A = [
0.00000E+00 6.03105E+06 1.00088E+08 1.85992E+08 % H3
0.00000E+00 2.63140E+16 2.64936E+16 2.65343E+16 % Xe135
5.24793E+09 5.23747E+09 5.06443E+09 4.87666E+09 % U235
3.41358E+09 3.41318E+09 3.40640E+09 3.39865E+09 % U238
0.00000E+00 7.25639E+05 1.34949E+10 1.26703E+11 % Pu238
0.00000E+00 3.38982E+10 1.14563E+12 2.21352E+12 % Pu239
0.00000E+00 2.64419E+08 1.44631E+11 5.40852E+11 % Pu240
0.00000E+00 5.06163E+08 5.50546E+12 4.27463E+13 % Pu241
0.00000E+00 9.92501E+00 2.10730E+06 3.45892E+07 % Pu242
0.00000E+00 2.51201E+03 5.23467E+08 8.46955E+09 % Am241
0.00000E+00 9.48615E+00 8.92890E+07 3.28982E+09 % Am244
0.00000E+00 6.04359E-03 5.19628E+04 1.92794E+06 % Am245
0.00000E+00 0.00000E+00 0.00000E+00 0.00000E+00 % lost data
8.66151E+09 3.36248E+18 3.73432E+18 3.79384E+18 % total
];

MAT_uco_H = [
0.00000E+00 5.49814E-09 9.12445E-08 1.69557E-07 % H3
0.00000E+00 2.37225E+03 2.38844E+03 2.39211E+03 % Xe135
3.87836E-03 3.87063E-03 3.74275E-03 3.60398E-03 % U235
2.33821E-03 2.33794E-03 2.33330E-03 2.32799E-03 % U238
0.00000E+00 6.49727E-07 1.20832E-02 1.13448E-01 % Pu238
0.00000E+00 2.84658E-02 9.62040E-01 1.85879E+00 % Pu239
0.00000E+00 2.22459E-04 1.21680E-01 4.55024E-01 % Pu240
0.00000E+00 4.34279E-07 4.72359E-03 3.66756E-02 % Pu241
0.00000E+00 7.92225E-12 1.68207E-06 2.76094E-05 % Pu242
0.00000E+00 2.25222E-09 4.69331E-04 7.59364E-03 % Am241
0.00000E+00 1.68510E-12 1.58611E-05 5.84396E-04 % Am244
0.00000E+00 3.04919E-16 2.62170E-09 9.72710E-08 % Am245
0.00000E+00 0.00000E+00 0.00000E+00 0.00000E+00 % lost data
6.21657E-03 1.20234E+06 1.23786E+06 1.23577E+06 % total
];

MAT_uco_SF = [
0.00000E+00 0.00000E+00 0.00000E+00 0.00000E+00 % H3
0.00000E+00 0.00000E+00 0.00000E+00 0.00000E+00 % Xe135
3.77851E-01 3.77098E-01 3.64639E-01 3.51120E-01 % U235
1.86381E+05 1.86360E+05 1.85990E+05 1.85566E+05 % U238
0.00000E+00 1.34969E-03 2.51006E+01 2.35668E+02 % Pu238
0.00000E+00 1.05084E-01 3.55147E+00 6.86191E+00 % Pu239
0.00000E+00 1.50719E+01 8.24398E+03 3.08286E+04 % Pu240
0.00000E+00 0.00000E+00 0.00000E+00 0.00000E+00 % Pu241
0.00000E+00 5.45876E-05 1.15901E+01 1.90240E+02 % Pu242
0.00000E+00 1.08016E-08 2.25091E-03 3.64191E-02 % Am241
0.00000E+00 0.00000E+00 0.00000E+00 0.00000E+00 % Am244
0.00000E+00 0.00000E+00 0.00000E+00 0.00000E+00 % Am245
0.00000E+00 0.00000E+00 0.00000E+00 0.00000E+00 % lost data
1.86382E+05 1.86375E+05 1.94869E+05 2.36603E+05 % total
];

MAT_uco_ING_TOX = [
0.00000E+00 2.53304E-04 4.20372E-03 7.81165E-03 % H3
0.00000E+00 5.52593E+09 5.56365E+09 5.57221E+09 % Xe135
2.46653E+02 2.46161E+02 2.38028E+02 2.29203E+02 % U235
1.53611E+02 1.53593E+02 1.53288E+02 1.52939E+02 % U238
0.00000E+00 1.66897E-01 3.10384E+03 2.91417E+04 % Pu238
0.00000E+00 8.47455E+03 2.86408E+05 5.53380E+05 % Pu239
0.00000E+00 6.61048E+01 3.61578E+04 1.35213E+05 % Pu240
0.00000E+00 2.42958E+00 2.64262E+04 2.05182E+05 % Pu241
0.00000E+00 2.38200E-06 5.05752E-01 8.30140E+00 % Pu242
0.00000E+00 5.02401E-04 1.04693E+02 1.69391E+03 % Am241
0.00000E+00 4.36363E-09 4.10730E-02 1.51332E+00 % Am244
0.00000E+00 3.74702E-13 3.22169E-06 1.19532E-04 % Am245
0.00000E+00 0.00000E+00 0.00000E+00 0.00000E+00 % lost data
4.00264E+02 4.67072E+10 6.23082E+10 6.23612E+10 % total
];

MAT_uco_INH_TOX = [
0.00000E+00 1.56807E-03 2.60230E-02 4.83578E-02 % H3
0.00000E+00 2.89454E+09 2.91429E+09 2.91877E+09 % Xe135
4.46074E+04 4.45185E+04 4.30477E+04 4.14516E+04 % U235
2.73086E+04 2.73054E+04 2.72512E+04 2.71892E+04 % U238
0.00000E+00 7.98203E+01 1.48444E+06 1.39373E+07 % Pu238
0.00000E+00 4.06778E+06 1.37476E+08 2.65622E+08 % Pu239
0.00000E+00 3.17303E+04 1.73558E+07 6.49022E+07 % Pu240
0.00000E+00 1.16417E+03 1.26626E+07 9.83165E+07 % Pu241
0.00000E+00 1.09175E-03 2.31803E+02 3.80481E+03 % Pu242
0.00000E+00 2.41153E-01 5.02528E+04 8.13077E+05 % Am241
0.00000E+00 3.50988E-08 3.30369E-01 1.21723E+01 % Am244
0.00000E+00 3.38441E-13 2.90992E-06 1.07965E-04 % Am245
0.00000E+00 0.00000E+00 0.00000E+00 0.00000E+00 % lost data
7.19160E+04 4.49377E+10 5.99133E+10 6.17945E+10 % total
];

TOT_VOLUME = [ 3.45065E+04 3.45065E+04 3.45065E+04 3.45065E+04 ];

TOT_BURNUP = [ 0.00000E+00 2.94035E-01 5.23396E+00 1.07619E+01 ];

TOT_ADENS = [
0.00000E+00 9.80351E-14 1.62694E-12 3.02331E-12 % H3
0.00000E+00 3.62000E-08 3.64471E-08 3.65032E-08 % Xe135
4.87458E-03 4.86487E-03 4.70414E-03 4.52973E-03 % U235
2.01233E-02 2.01210E-02 2.00810E-02 2.00353E-02 % U238
0.00000E+00 8.39649E-14 1.56152E-09 1.46610E-08 % Pu238
0.00000E+00 1.07833E-06 3.64435E-05 7.04138E-05 % Pu239
0.00000E+00 2.28897E-09 1.25201E-06 4.68193E-06 % Pu240
0.00000E+00 9.54333E-12 1.03801E-07 8.05950E-07 % Pu241
0.00000E+00 4.91062E-15 1.04263E-09 1.71138E-08 % Pu242
0.00000E+00 1.43379E-15 2.98781E-10 4.83419E-09 % Am241
0.00000E+00 1.44207E-23 1.35736E-16 5.00115E-15 % Am244
0.00000E+00 1.86477E-27 1.60333E-20 5.94873E-19 % Am245
0.00000E+00 6.21682E-08 1.11013E-06 2.28887E-06 % lost data
7.04699E-02 7.04774E-02 7.06044E-02 7.07463E-02 % total
];

