
DET1001 = [
    1    1    1    1    1    1    1    1    1    1  3.51272E+18 0.00519 
    2    2    1    1    1    1    1    1    1    1  1.62865E+18 0.00583 
    3    3    1    1    1    1    1    1    1    1  1.49421E+17 0.01125 
];


DET1001E = [
 1.00000E-09  6.25000E-07  3.13000E-07
 6.25000E-07  1.00000E-01  5.00003E-02
 1.00000E-01  2.00000E+01  1.00500E+01
];

DET1002 = [
    1    1    1    1    1    1    1    1    1    1  6.61722E+16 0.01063 
    2    2    1    1    1    1    1    1    1    1  3.18700E+17 0.00534 
    3    3    1    1    1    1    1    1    1    1  1.57956E+17 0.00659 
];


DET1002E = [
 1.00000E-09  6.25000E-07  3.13000E-07
 6.25000E-07  1.00000E-01  5.00003E-02
 1.00000E-01  2.00000E+01  1.00500E+01
];
