
DET1001 = [
    1    1    1    1    1    1    1    1    1    1  4.27027E+18 0.00473 
    2    2    1    1    1    1    1    1    1    1  2.08455E+18 0.00532 
    3    3    1    1    1    1    1    1    1    1  3.55748E+17 0.00928 
];


DET1001E = [
 1.00000E-09  6.25000E-07  3.13000E-07
 6.25000E-07  1.00000E-01  5.00003E-02
 1.00000E-01  2.00000E+01  1.00500E+01
];

DET1002 = [
    1    1    1    1    1    1    1    1    1    1  6.59456E+16 0.01124 
    2    2    1    1    1    1    1    1    1    1  3.22833E+17 0.00580 
    3    3    1    1    1    1    1    1    1    1  1.85245E+17 0.00664 
];


DET1002E = [
 1.00000E-09  6.25000E-07  3.13000E-07
 6.25000E-07  1.00000E-01  5.00003E-02
 1.00000E-01  2.00000E+01  1.00500E+01
];
