
DET1001 = [
    1    1    1    1    1    1    1    1    1    1  4.31963E+18 0.00477 
    2    2    1    1    1    1    1    1    1    1  2.15833E+18 0.00515 
    3    3    1    1    1    1    1    1    1    1  3.64278E+17 0.01004 
];


DET1001E = [
 1.00000E-09  6.25000E-07  3.13000E-07
 6.25000E-07  1.00000E-01  5.00003E-02
 1.00000E-01  2.00000E+01  1.00500E+01
];

DET1002 = [
    1    1    1    1    1    1    1    1    1    1  6.42965E+16 0.01091 
    2    2    1    1    1    1    1    1    1    1  3.28779E+17 0.00504 
    3    3    1    1    1    1    1    1    1    1  1.88761E+17 0.00657 
];


DET1002E = [
 1.00000E-09  6.25000E-07  3.13000E-07
 6.25000E-07  1.00000E-01  5.00003E-02
 1.00000E-01  2.00000E+01  1.00500E+01
];
