
DET1001 = [
    1    1    1    1    1    1    1    1    1    1  4.39200E+18 0.00493 
    2    2    1    1    1    1    1    1    1    1  2.16246E+18 0.00519 
    3    3    1    1    1    1    1    1    1    1  3.65563E+17 0.00992 
];


DET1001E = [
 1.00000E-09  6.25000E-07  3.13000E-07
 6.25000E-07  1.00000E-01  5.00003E-02
 1.00000E-01  2.00000E+01  1.00500E+01
];

DET1002 = [
    1    1    1    1    1    1    1    1    1    1  6.50766E+16 0.01117 
    2    2    1    1    1    1    1    1    1    1  3.36953E+17 0.00495 
    3    3    1    1    1    1    1    1    1    1  1.91400E+17 0.00668 
];


DET1002E = [
 1.00000E-09  6.25000E-07  3.13000E-07
 6.25000E-07  1.00000E-01  5.00003E-02
 1.00000E-01  2.00000E+01  1.00500E+01
];
