
ZAI = [
10030
541350
922350
922380
942380
942390
942400
942410
942420
952410
952440
952450
666
0
];

NAMES = [
'H3              '
'Xe135           '
'U235            '
'U238            '
'Pu238           '
'Pu239           '
'Pu240           '
'Pu241           '
'Pu242           '
'Am241           '
'Am244           '
'Am245           '
'lost            '
'total           '
];

i10030  = 1; iH3               = 1;
i541350 = 2; iXe135            = 2;
i922350 = 3; iU235             = 3;
i922380 = 4; iU238             = 4;
i942380 = 5; iPu238            = 5;
i942390 = 6; iPu239            = 6;
i942400 = 7; iPu240            = 7;
i942410 = 8; iPu241            = 8;
i942420 = 9; iPu242            = 9;
i952410 = 10; iAm241            = 10;
i952440 = 11; iAm244            = 11;
i952450 = 12; iAm245            = 12;
iLOST    = 13;
iTOT     = 14;

MAT_uco_VOLUME = [ 4.22705E+04 4.22705E+04 4.22705E+04 4.22705E+04 ];

MAT_uco_BURNUP = [ 0.00000E+00 2.40036E-01 4.27262E+00 8.78523E+00 ];

MAT_uco_ADENS = [
0.00000E+00 8.97529E-14 1.49245E-12 2.86127E-12 % H3
0.00000E+00 3.16630E-08 3.18724E-08 3.19544E-08 % Xe135
4.87458E-03 4.86664E-03 4.73482E-03 4.59119E-03 % U235
2.01233E-02 2.01213E-02 2.00877E-02 2.00493E-02 % U238
0.00000E+00 6.48145E-14 1.02362E-09 9.37386E-09 % Pu238
0.00000E+00 9.11893E-07 3.11411E-05 6.10300E-05 % Pu239
0.00000E+00 1.62119E-09 8.91912E-07 3.39254E-06 % Pu240
0.00000E+00 5.93099E-12 6.52202E-08 5.14876E-07 % Pu241
0.00000E+00 2.63638E-15 5.64788E-10 9.36371E-09 % Pu242
0.00000E+00 8.92253E-16 1.87797E-10 3.09183E-09 % Am241
0.00000E+00 6.36825E-24 5.85972E-17 2.15371E-15 % Am244
0.00000E+00 7.37869E-28 6.18080E-21 2.27302E-19 % Am245
0.00000E+00 5.07594E-08 9.05940E-07 1.86728E-06 % lost data
7.04699E-02 7.04760E-02 7.05797E-02 7.06956E-02 % total
];

MAT_uco_MDENS = [
0.00000E+00 4.49432E-13 7.47337E-12 1.43276E-11 % H3
0.00000E+00 7.09320E-06 7.14011E-06 7.15848E-06 % Xe135
1.90258E+00 1.89948E+00 1.84803E+00 1.79197E+00 % U235
7.95473E+00 7.95395E+00 7.94063E+00 7.92545E+00 % U238
0.00000E+00 2.56210E-11 4.04633E-07 3.70546E-06 % Pu238
0.00000E+00 3.61987E-04 1.23618E-02 2.42266E-02 % Pu239
0.00000E+00 6.46248E-07 3.55539E-04 1.35235E-03 % Pu240
0.00000E+00 2.37404E-09 2.61062E-05 2.06093E-04 % Pu241
0.00000E+00 1.05970E-12 2.27019E-07 3.76378E-06 % Pu242
0.00000E+00 3.57160E-13 7.51735E-08 1.23763E-06 % Am241
0.00000E+00 2.58096E-21 2.37486E-14 8.72867E-13 % Am244
0.00000E+00 3.00275E-25 2.51527E-18 9.25004E-17 % Am245
0.00000E+00 0.00000E+00 0.00000E+00 0.00000E+00 % lost data
1.10000E+01 1.10000E+01 1.09994E+01 1.09987E+01 % total
];

MAT_uco_A = [
0.00000E+00 6.76389E+06 1.12473E+08 2.15629E+08 % H3
0.00000E+00 2.81946E+16 2.83811E+16 2.84541E+16 % Xe135
6.42873E+09 6.41825E+09 6.24441E+09 6.05497E+09 % U235
4.18164E+09 4.18123E+09 4.17423E+09 4.16625E+09 % U238
0.00000E+00 6.86170E+05 1.08367E+10 9.92380E+10 % Pu238
0.00000E+00 3.51161E+10 1.19921E+12 2.35020E+12 % Pu239
0.00000E+00 2.29416E+08 1.26215E+11 4.80081E+11 % Pu240
0.00000E+00 3.85349E+08 4.23749E+12 3.34526E+13 % Pu241
0.00000E+00 6.52739E+00 1.39835E+06 2.31835E+07 % Pu242
0.00000E+00 1.91497E+03 4.03053E+08 6.63573E+09 % Am241
0.00000E+00 5.13168E+00 4.72189E+07 1.73551E+09 % Am244
0.00000E+00 2.92945E-03 2.45387E+04 9.02424E+05 % Am245
0.00000E+00 0.00000E+00 0.00000E+00 0.00000E+00 % lost data
1.06104E+10 3.37649E+18 3.75092E+18 3.81228E+18 % total
];

MAT_uco_H = [
0.00000E+00 6.16623E-09 1.02535E-07 1.96576E-07 % H3
0.00000E+00 2.54179E+03 2.55860E+03 2.56518E+03 % Xe135
4.75100E-03 4.74325E-03 4.61478E-03 4.47479E-03 % U235
2.86432E-03 2.86403E-03 2.85924E-03 2.85377E-03 % U238
0.00000E+00 6.14387E-07 9.70305E-03 8.88564E-02 % Pu238
0.00000E+00 2.94885E-02 1.00703E+00 1.97357E+00 % Pu239
0.00000E+00 1.93010E-04 1.06186E-01 4.03897E-01 % Pu240
0.00000E+00 3.30623E-07 3.63570E-03 2.87018E-02 % Pu241
0.00000E+00 5.21023E-12 1.11618E-06 1.85053E-05 % Pu242
0.00000E+00 1.71692E-09 3.61370E-04 5.94947E-03 % Am241
0.00000E+00 9.11578E-13 8.38784E-06 3.08291E-04 % Am244
0.00000E+00 1.47800E-16 1.23806E-09 4.55303E-08 % Am245
0.00000E+00 0.00000E+00 0.00000E+00 0.00000E+00 % lost data
7.61531E-03 1.20367E+06 1.24071E+06 1.24007E+06 % total
];

MAT_uco_SF = [
0.00000E+00 0.00000E+00 0.00000E+00 0.00000E+00 % H3
0.00000E+00 0.00000E+00 0.00000E+00 0.00000E+00 % Xe135
4.62868E-01 4.62114E-01 4.49597E-01 4.35958E-01 % U235
2.28317E+05 2.28295E+05 2.27913E+05 2.27477E+05 % U238
0.00000E+00 1.27628E-03 2.01563E+01 1.84583E+02 % Pu238
0.00000E+00 1.08860E-01 3.71756E+00 7.28563E+00 % Pu239
0.00000E+00 1.30767E+01 7.19427E+03 2.73646E+04 % Pu240
0.00000E+00 0.00000E+00 0.00000E+00 0.00000E+00 % Pu241
0.00000E+00 3.59006E-05 7.69095E+00 1.27509E+02 % Pu242
0.00000E+00 8.23435E-09 1.73313E-03 2.85336E-02 % Am241
0.00000E+00 0.00000E+00 0.00000E+00 0.00000E+00 % Am244
0.00000E+00 0.00000E+00 0.00000E+00 0.00000E+00 % Am245
0.00000E+00 0.00000E+00 0.00000E+00 0.00000E+00 % lost data
2.28318E+05 2.28309E+05 2.35539E+05 2.68530E+05 % total
];

MAT_uco_ING_TOX = [
0.00000E+00 2.84084E-04 4.72388E-03 9.05642E-03 % H3
0.00000E+00 5.92087E+09 5.96003E+09 5.97536E+09 % Xe135
3.02150E+02 3.01658E+02 2.93487E+02 2.84584E+02 % U235
1.88174E+02 1.88155E+02 1.87840E+02 1.87481E+02 % U238
0.00000E+00 1.57819E-01 2.49244E+03 2.28247E+04 % Pu238
0.00000E+00 8.77902E+03 2.99803E+05 5.87551E+05 % Pu239
0.00000E+00 5.73540E+01 3.15538E+04 1.20020E+05 % Pu240
0.00000E+00 1.84967E+00 2.03400E+04 1.60572E+05 % Pu241
0.00000E+00 1.56657E-06 3.35605E-01 5.56404E+00 % Pu242
0.00000E+00 3.82993E-04 8.06107E+01 1.32715E+03 % Am241
0.00000E+00 2.36057E-09 2.17207E-02 7.98333E-01 % Am244
0.00000E+00 1.81626E-13 1.52140E-06 5.59503E-05 % Am245
0.00000E+00 0.00000E+00 0.00000E+00 0.00000E+00 % lost data
4.90324E+02 4.71205E+10 6.27488E+10 6.28386E+10 % total
];

MAT_uco_INH_TOX = [
0.00000E+00 1.75861E-03 2.92431E-02 5.60635E-02 % H3
0.00000E+00 3.10141E+09 3.12192E+09 3.12995E+09 % Xe135
5.46442E+04 5.45551E+04 5.30775E+04 5.14673E+04 % U235
3.34531E+04 3.34498E+04 3.33938E+04 3.33300E+04 % U238
0.00000E+00 7.54787E+01 1.19204E+06 1.09162E+07 % Pu238
0.00000E+00 4.21393E+06 1.43905E+08 2.82024E+08 % Pu239
0.00000E+00 2.75299E+04 1.51458E+07 5.76097E+07 % Pu240
0.00000E+00 8.86302E+02 9.74623E+06 7.69410E+07 % Pu241
0.00000E+00 7.18013E-04 1.53819E+02 2.55019E+03 % Pu242
0.00000E+00 1.83837E-01 3.86931E+04 6.37030E+05 % Am241
0.00000E+00 1.89872E-08 1.74710E-01 6.42137E+00 % Am244
0.00000E+00 1.64049E-13 1.37417E-06 5.05357E-05 % Am245
0.00000E+00 0.00000E+00 0.00000E+00 0.00000E+00 % lost data
8.80973E+04 4.51724E+10 6.01579E+10 6.20435E+10 % total
];

TOT_VOLUME = [ 4.22705E+04 4.22705E+04 4.22705E+04 4.22705E+04 ];

TOT_BURNUP = [ 0.00000E+00 2.40036E-01 4.27262E+00 8.78523E+00 ];

TOT_ADENS = [
0.00000E+00 8.97529E-14 1.49245E-12 2.86127E-12 % H3
0.00000E+00 3.16630E-08 3.18724E-08 3.19544E-08 % Xe135
4.87458E-03 4.86664E-03 4.73482E-03 4.59119E-03 % U235
2.01233E-02 2.01213E-02 2.00877E-02 2.00493E-02 % U238
0.00000E+00 6.48145E-14 1.02362E-09 9.37386E-09 % Pu238
0.00000E+00 9.11893E-07 3.11411E-05 6.10300E-05 % Pu239
0.00000E+00 1.62119E-09 8.91912E-07 3.39254E-06 % Pu240
0.00000E+00 5.93099E-12 6.52202E-08 5.14876E-07 % Pu241
0.00000E+00 2.63638E-15 5.64788E-10 9.36371E-09 % Pu242
0.00000E+00 8.92253E-16 1.87797E-10 3.09183E-09 % Am241
0.00000E+00 6.36825E-24 5.85972E-17 2.15371E-15 % Am244
0.00000E+00 7.37869E-28 6.18080E-21 2.27302E-19 % Am245
0.00000E+00 5.07594E-08 9.05940E-07 1.86728E-06 % lost data
7.04699E-02 7.04760E-02 7.05797E-02 7.06956E-02 % total
];

