
DET1001 = [
    1    1    1    1    1    1    1    1    1    1  5.12081E+18 0.00461 
    2    2    1    1    1    1    1    1    1    1  1.83601E+18 0.00582 
    3    3    1    1    1    1    1    1    1    1  1.90341E+17 0.01136 
];


DET1001E = [
 1.00000E-09  6.25000E-07  3.13000E-07
 6.25000E-07  1.00000E-01  5.00003E-02
 1.00000E-01  2.00000E+01  1.00500E+01
];

DET1002 = [
    1    1    1    1    1    1    1    1    1    1  1.82029E+17 0.00749 
    2    2    1    1    1    1    1    1    1    1  3.87818E+17 0.00496 
    3    3    1    1    1    1    1    1    1    1  1.83969E+17 0.00638 
];


DET1002E = [
 1.00000E-09  6.25000E-07  3.13000E-07
 6.25000E-07  1.00000E-01  5.00003E-02
 1.00000E-01  2.00000E+01  1.00500E+01
];
