
DET1001 = [
    1    1    1    1    1    1    1    1    1    1  5.03747E+18 0.00453 
    2    2    1    1    1    1    1    1    1    1  1.79633E+18 0.00584 
    3    3    1    1    1    1    1    1    1    1  1.84358E+17 0.01183 
];


DET1001E = [
 1.00000E-09  6.25000E-07  3.13000E-07
 6.25000E-07  1.00000E-01  5.00003E-02
 1.00000E-01  2.00000E+01  1.00500E+01
];

DET1002 = [
    1    1    1    1    1    1    1    1    1    1  1.80581E+17 0.00695 
    2    2    1    1    1    1    1    1    1    1  3.74975E+17 0.00488 
    3    3    1    1    1    1    1    1    1    1  1.78924E+17 0.00619 
];


DET1002E = [
 1.00000E-09  6.25000E-07  3.13000E-07
 6.25000E-07  1.00000E-01  5.00003E-02
 1.00000E-01  2.00000E+01  1.00500E+01
];
