
DET1001 = [
    1    1    1    1    1    1    1    1    1    1  5.42426E+18 0.00453 
    2    2    1    1    1    1    1    1    1    1  1.93589E+18 0.00589 
    3    3    1    1    1    1    1    1    1    1  2.01550E+17 0.01178 
];


DET1001E = [
 1.00000E-09  6.25000E-07  3.13000E-07
 6.25000E-07  1.00000E-01  5.00003E-02
 1.00000E-01  2.00000E+01  1.00500E+01
];

DET1002 = [
    1    1    1    1    1    1    1    1    1    1  1.92103E+17 0.00722 
    2    2    1    1    1    1    1    1    1    1  4.16951E+17 0.00532 
    3    3    1    1    1    1    1    1    1    1  2.02118E+17 0.00662 
];


DET1002E = [
 1.00000E-09  6.25000E-07  3.13000E-07
 6.25000E-07  1.00000E-01  5.00003E-02
 1.00000E-01  2.00000E+01  1.00500E+01
];
