
DET1001 = [
    1    1    1    1    1    1    1    1    1    1  3.87906E+18 0.00504 
    2    2    1    1    1    1    1    1    1    1  1.80221E+18 0.00571 
    3    3    1    1    1    1    1    1    1    1  1.63502E+17 0.01139 
];


DET1001E = [
 1.00000E-09  6.25000E-07  3.13000E-07
 6.25000E-07  1.00000E-01  5.00003E-02
 1.00000E-01  2.00000E+01  1.00500E+01
];

DET1002 = [
    1    1    1    1    1    1    1    1    1    1  7.51000E+16 0.01020 
    2    2    1    1    1    1    1    1    1    1  3.44825E+17 0.00469 
    3    3    1    1    1    1    1    1    1    1  1.64259E+17 0.00616 
];


DET1002E = [
 1.00000E-09  6.25000E-07  3.13000E-07
 6.25000E-07  1.00000E-01  5.00003E-02
 1.00000E-01  2.00000E+01  1.00500E+01
];
