
DET1001 = [
    1    1    1    1    1    1    1    1    1    1  3.89116E+18 0.00518 
    2    2    1    1    1    1    1    1    1    1  1.81154E+18 0.00608 
    3    3    1    1    1    1    1    1    1    1  1.68541E+17 0.01177 
];


DET1001E = [
 1.00000E-09  6.25000E-07  3.13000E-07
 6.25000E-07  1.00000E-01  5.00003E-02
 1.00000E-01  2.00000E+01  1.00500E+01
];

DET1002 = [
    1    1    1    1    1    1    1    1    1    1  7.47068E+16 0.00988 
    2    2    1    1    1    1    1    1    1    1  3.56002E+17 0.00487 
    3    3    1    1    1    1    1    1    1    1  1.70646E+17 0.00646 
];


DET1002E = [
 1.00000E-09  6.25000E-07  3.13000E-07
 6.25000E-07  1.00000E-01  5.00003E-02
 1.00000E-01  2.00000E+01  1.00500E+01
];
