
DET1001 = [
    1    1    1    1    1    1    1    1    1    1  3.94795E+18 0.00516 
    2    2    1    1    1    1    1    1    1    1  1.87071E+18 0.00591 
    3    3    1    1    1    1    1    1    1    1  1.72204E+17 0.01231 
];


DET1001E = [
 1.00000E-09  6.25000E-07  3.13000E-07
 6.25000E-07  1.00000E-01  5.00003E-02
 1.00000E-01  2.00000E+01  1.00500E+01
];

DET1002 = [
    1    1    1    1    1    1    1    1    1    1  7.22191E+16 0.01016 
    2    2    1    1    1    1    1    1    1    1  3.55724E+17 0.00503 
    3    3    1    1    1    1    1    1    1    1  1.71791E+17 0.00632 
];


DET1002E = [
 1.00000E-09  6.25000E-07  3.13000E-07
 6.25000E-07  1.00000E-01  5.00003E-02
 1.00000E-01  2.00000E+01  1.00500E+01
];
