
ZAI = [
10030
541350
922350
922380
942380
942390
942400
942410
942420
952410
952440
952450
666
0
];

NAMES = [
'H3              '
'Xe135           '
'U235            '
'U238            '
'Pu238           '
'Pu239           '
'Pu240           '
'Pu241           '
'Pu242           '
'Am241           '
'Am244           '
'Am245           '
'lost            '
'total           '
];

i10030  = 1; iH3               = 1;
i541350 = 2; iXe135            = 2;
i922350 = 3; iU235             = 3;
i922380 = 4; iU238             = 4;
i942380 = 5; iPu238            = 5;
i942390 = 6; iPu239            = 6;
i942400 = 7; iPu240            = 7;
i942410 = 8; iPu241            = 8;
i942420 = 9; iPu242            = 9;
i952410 = 10; iAm241            = 10;
i952440 = 11; iAm244            = 11;
i952450 = 12; iAm245            = 12;
iLOST    = 13;
iTOT     = 14;

MAT_uco_VOLUME = [ 5.00346E+04 5.00346E+04 5.00346E+04 5.00346E+04 ];

MAT_uco_BURNUP = [ 0.00000E+00 2.02780E-01 3.60943E+00 7.42173E+00 ];

MAT_uco_ADENS = [
0.00000E+00 7.10942E-14 1.16974E-12 2.24109E-12 % H3
0.00000E+00 2.69228E-08 2.71268E-08 2.72397E-08 % Xe135
4.31104E-03 4.30435E-03 4.19347E-03 4.07273E-03 % U235
2.06805E-02 2.06787E-02 2.06480E-02 2.06131E-02 % U238
0.00000E+00 4.48987E-14 6.88199E-10 6.25398E-09 % Pu238
0.00000E+00 8.32614E-07 2.85654E-05 5.61298E-05 % Pu239
0.00000E+00 1.37583E-09 7.77342E-07 2.98864E-06 % Pu240
0.00000E+00 4.47851E-12 4.98942E-08 3.98488E-07 % Pu241
0.00000E+00 1.80584E-15 3.91718E-10 6.55799E-09 % Pu242
0.00000E+00 6.72106E-16 1.43581E-10 2.39504E-09 % Am241
0.00000E+00 3.20996E-24 3.05738E-17 1.10557E-15 % Am244
0.00000E+00 3.27182E-28 2.84908E-21 1.01966E-19 % Am245
0.00000E+00 4.28684E-08 7.65159E-07 1.57723E-06 % lost data
7.04520E-02 7.04572E-02 7.05447E-02 7.06426E-02 % total
];

MAT_uco_MDENS = [
0.00000E+00 3.56000E-13 5.85738E-12 1.12221E-11 % H3
0.00000E+00 6.03130E-06 6.07699E-06 6.10228E-06 % Xe135
1.68262E+00 1.68001E+00 1.63674E+00 1.58961E+00 % U235
8.17497E+00 8.17426E+00 8.16213E+00 8.14834E+00 % U238
0.00000E+00 1.77483E-11 2.72043E-07 2.47218E-06 % Pu238
0.00000E+00 3.30516E-04 1.13394E-02 2.22814E-02 % Pu239
0.00000E+00 5.48443E-07 3.09869E-04 1.19135E-03 % Pu240
0.00000E+00 1.79264E-09 1.99715E-05 1.59506E-04 % Pu241
0.00000E+00 7.25864E-13 1.57453E-07 2.63601E-06 % Pu242
0.00000E+00 2.69038E-13 5.74743E-08 9.58711E-07 % Am241
0.00000E+00 1.30095E-21 1.23911E-14 4.48069E-13 % Am244
0.00000E+00 1.33146E-25 1.15943E-18 4.14950E-17 % Am245
0.00000E+00 0.00000E+00 0.00000E+00 0.00000E+00 % lost data
1.10000E+01 1.10000E+01 1.09995E+01 1.09989E+01 % total
];

MAT_uco_A = [
0.00000E+00 6.34183E+06 1.04344E+08 1.99913E+08 % H3
0.00000E+00 2.83770E+16 2.85920E+16 2.87110E+16 % Xe135
6.72979E+09 6.71935E+09 6.54627E+09 6.35778E+09 % U235
5.08674E+09 5.08630E+09 5.07876E+09 5.07018E+09 % U238
0.00000E+00 5.62634E+05 8.62394E+09 7.83697E+10 % Pu238
0.00000E+00 3.79523E+10 1.30207E+12 2.55852E+12 % Pu239
0.00000E+00 2.30456E+08 1.30207E+11 5.00607E+11 % Pu240
0.00000E+00 3.44423E+08 3.83716E+12 3.06460E+13 % Pu241
0.00000E+00 5.29228E+00 1.14799E+06 1.92192E+07 % Pu242
0.00000E+00 1.70743E+03 3.64757E+08 6.08440E+09 % Am241
0.00000E+00 3.06176E+00 2.91623E+07 1.05452E+09 % Am244
0.00000E+00 1.53755E-03 1.33889E+04 4.79176E+05 % Am245
0.00000E+00 0.00000E+00 0.00000E+00 0.00000E+00 % lost data
1.18165E+10 3.40361E+18 3.78620E+18 3.84700E+18 % total
];

MAT_uco_H = [
0.00000E+00 5.78146E-09 9.51242E-08 1.82248E-07 % H3
0.00000E+00 2.55824E+03 2.57762E+03 2.58834E+03 % Xe135
4.97349E-03 4.96578E-03 4.83787E-03 4.69857E-03 % U235
3.48429E-03 3.48399E-03 3.47882E-03 3.47294E-03 % U238
0.00000E+00 5.03775E-07 7.72176E-03 7.01712E-02 % Pu238
0.00000E+00 3.18702E-02 1.09341E+00 2.14850E+00 % Pu239
0.00000E+00 1.93885E-04 1.09545E-01 4.21166E-01 % Pu240
0.00000E+00 2.95509E-07 3.29222E-03 2.62938E-02 % Pu241
0.00000E+00 4.22435E-12 9.16337E-07 1.53409E-05 % Pu242
0.00000E+00 1.53085E-09 3.27035E-04 5.45516E-03 % Am241
0.00000E+00 5.43883E-13 5.18031E-06 1.87323E-04 % Am244
0.00000E+00 7.75743E-17 6.75512E-10 2.41760E-08 % Am245
0.00000E+00 0.00000E+00 0.00000E+00 0.00000E+00 % lost data
8.45778E-03 1.20554E+06 1.24431E+06 1.24366E+06 % total
];

MAT_uco_SF = [
0.00000E+00 0.00000E+00 0.00000E+00 0.00000E+00 % H3
0.00000E+00 0.00000E+00 0.00000E+00 0.00000E+00 % Xe135
4.84545E-01 4.83793E-01 4.71331E-01 4.57760E-01 % U235
2.77736E+05 2.77712E+05 2.77300E+05 2.76832E+05 % U238
0.00000E+00 1.04650E-03 1.60405E+01 1.45768E+02 % Pu238
0.00000E+00 1.17652E-01 4.03643E+00 7.93140E+00 % Pu239
0.00000E+00 1.31360E+01 7.42180E+03 2.85346E+04 % Pu240
0.00000E+00 0.00000E+00 0.00000E+00 0.00000E+00 % Pu241
0.00000E+00 2.91075E-05 6.31394E+00 1.05705E+02 % Pu242
0.00000E+00 7.34196E-09 1.56846E-03 2.61629E-02 % Am241
0.00000E+00 0.00000E+00 0.00000E+00 0.00000E+00 % Am244
0.00000E+00 0.00000E+00 0.00000E+00 0.00000E+00 % Am245
0.00000E+00 0.00000E+00 0.00000E+00 0.00000E+00 % lost data
2.77737E+05 2.77726E+05 2.85071E+05 3.16512E+05 % total
];

MAT_uco_ING_TOX = [
0.00000E+00 2.66357E-04 4.38246E-03 8.39634E-03 % H3
0.00000E+00 5.95918E+09 6.00433E+09 6.02931E+09 % Xe135
3.16300E+02 3.15809E+02 3.07675E+02 2.98816E+02 % U235
2.28904E+02 2.28884E+02 2.28544E+02 2.28158E+02 % U238
0.00000E+00 1.29406E-01 1.98351E+03 1.80250E+04 % Pu238
0.00000E+00 9.48808E+03 3.25518E+05 6.39629E+05 % Pu239
0.00000E+00 5.76140E+01 3.25518E+04 1.25152E+05 % Pu240
0.00000E+00 1.65323E+00 1.84183E+04 1.47101E+05 % Pu241
0.00000E+00 1.27015E-06 2.75517E-01 4.61260E+00 % Pu242
0.00000E+00 3.41486E-04 7.29515E+01 1.21688E+03 % Am241
0.00000E+00 1.40841E-09 1.34146E-02 4.85080E-01 % Am244
0.00000E+00 9.53278E-14 8.30109E-07 2.97089E-05 % Am245
0.00000E+00 0.00000E+00 0.00000E+00 0.00000E+00 % lost data
5.45204E+02 4.71605E+10 6.28711E+10 6.29826E+10 % total
];

MAT_uco_INH_TOX = [
0.00000E+00 1.64888E-03 2.71295E-02 5.19773E-02 % H3
0.00000E+00 3.12147E+09 3.14512E+09 3.15821E+09 % Xe135
5.72032E+04 5.71145E+04 5.56433E+04 5.40411E+04 % U235
4.06940E+04 4.06904E+04 4.06300E+04 4.05614E+04 % U238
0.00000E+00 6.18898E+01 9.48634E+05 8.62067E+06 % Pu238
0.00000E+00 4.55428E+06 1.56249E+08 3.07022E+08 % Pu239
0.00000E+00 2.76547E+04 1.56248E+07 6.00728E+07 % Pu240
0.00000E+00 7.92174E+02 8.82546E+06 7.04859E+07 % Pu241
0.00000E+00 5.82151E-04 1.26279E+02 2.11411E+03 % Pu242
0.00000E+00 1.63914E-01 3.50167E+04 5.84102E+05 % Am241
0.00000E+00 1.13285E-08 1.07900E-01 3.90173E+00 % Am244
0.00000E+00 8.61026E-14 7.49776E-07 2.68339E-05 % Am245
0.00000E+00 0.00000E+00 0.00000E+00 0.00000E+00 % lost data
9.78972E+04 4.51891E+10 6.02671E+10 6.21791E+10 % total
];

TOT_VOLUME = [ 5.00346E+04 5.00346E+04 5.00346E+04 5.00346E+04 ];

TOT_BURNUP = [ 0.00000E+00 2.02780E-01 3.60943E+00 7.42173E+00 ];

TOT_ADENS = [
0.00000E+00 7.10942E-14 1.16974E-12 2.24109E-12 % H3
0.00000E+00 2.69228E-08 2.71268E-08 2.72397E-08 % Xe135
4.31104E-03 4.30435E-03 4.19347E-03 4.07273E-03 % U235
2.06805E-02 2.06787E-02 2.06480E-02 2.06131E-02 % U238
0.00000E+00 4.48987E-14 6.88199E-10 6.25398E-09 % Pu238
0.00000E+00 8.32614E-07 2.85654E-05 5.61298E-05 % Pu239
0.00000E+00 1.37583E-09 7.77342E-07 2.98864E-06 % Pu240
0.00000E+00 4.47851E-12 4.98942E-08 3.98488E-07 % Pu241
0.00000E+00 1.80584E-15 3.91718E-10 6.55799E-09 % Pu242
0.00000E+00 6.72106E-16 1.43581E-10 2.39504E-09 % Am241
0.00000E+00 3.20996E-24 3.05738E-17 1.10557E-15 % Am244
0.00000E+00 3.27182E-28 2.84908E-21 1.01966E-19 % Am245
0.00000E+00 4.28684E-08 7.65159E-07 1.57723E-06 % lost data
7.04520E-02 7.04572E-02 7.05447E-02 7.06426E-02 % total
];

