
DET1001 = [
    1    1    1    1    1    1    1    1    1    1  5.19419E+18 0.00412 
    2    2    1    1    1    1    1    1    1    1  1.98585E+18 0.00521 
    3    3    1    1    1    1    1    1    1    1  3.34014E+17 0.01079 
];


DET1001E = [
 1.00000E-09  6.25000E-07  3.13000E-07
 6.25000E-07  1.00000E-01  5.00003E-02
 1.00000E-01  2.00000E+01  1.00500E+01
];

DET1002 = [
    1    1    1    1    1    1    1    1    1    1  1.53069E+17 0.00735 
    2    2    1    1    1    1    1    1    1    1  3.66481E+17 0.00516 
    3    3    1    1    1    1    1    1    1    1  1.97727E+17 0.00642 
];


DET1002E = [
 1.00000E-09  6.25000E-07  3.13000E-07
 6.25000E-07  1.00000E-01  5.00003E-02
 1.00000E-01  2.00000E+01  1.00500E+01
];
