
DET1001 = [
    1    1    1    1    1    1    1    1    1    1  5.16071E+18 0.00427 
    2    2    1    1    1    1    1    1    1    1  1.94752E+18 0.00508 
    3    3    1    1    1    1    1    1    1    1  3.28893E+17 0.01032 
];


DET1001E = [
 1.00000E-09  6.25000E-07  3.13000E-07
 6.25000E-07  1.00000E-01  5.00003E-02
 1.00000E-01  2.00000E+01  1.00500E+01
];

DET1002 = [
    1    1    1    1    1    1    1    1    1    1  1.53331E+17 0.00738 
    2    2    1    1    1    1    1    1    1    1  3.53837E+17 0.00493 
    3    3    1    1    1    1    1    1    1    1  1.93662E+17 0.00631 
];


DET1002E = [
 1.00000E-09  6.25000E-07  3.13000E-07
 6.25000E-07  1.00000E-01  5.00003E-02
 1.00000E-01  2.00000E+01  1.00500E+01
];
