
ZAI = [
10030
541350
922350
922380
942380
942390
942400
942410
942420
952410
952440
952450
666
0
];

NAMES = [
'H3              '
'Xe135           '
'U235            '
'U238            '
'Pu238           '
'Pu239           '
'Pu240           '
'Pu241           '
'Pu242           '
'Am241           '
'Am244           '
'Am245           '
'lost            '
'total           '
];

i10030  = 1; iH3               = 1;
i541350 = 2; iXe135            = 2;
i922350 = 3; iU235             = 3;
i922380 = 4; iU238             = 4;
i942380 = 5; iPu238            = 5;
i942390 = 6; iPu239            = 6;
i942400 = 7; iPu240            = 7;
i942410 = 8; iPu241            = 8;
i942420 = 9; iPu242            = 9;
i952410 = 10; iAm241            = 10;
i952440 = 11; iAm244            = 11;
i952450 = 12; iAm245            = 12;
iLOST    = 13;
iTOT     = 14;

MAT_uco_VOLUME = [ 1.97179E+04 1.97179E+04 1.97179E+04 1.97179E+04 ];

MAT_uco_BURNUP = [ 0.00000E+00 5.14550E-01 9.15906E+00 1.88325E+01 ];

MAT_uco_ADENS = [
0.00000E+00 1.24880E-13 1.90643E-12 3.29857E-12 % H3
0.00000E+00 4.28821E-08 4.28673E-08 4.22529E-08 % Xe135
4.31104E-03 4.29442E-03 4.02247E-03 3.73311E-03 % U235
2.06805E-02 2.06770E-02 2.06172E-02 2.05479E-02 % U238
0.00000E+00 1.88120E-13 4.84489E-09 4.69296E-08 % Pu238
0.00000E+00 1.59765E-06 4.95677E-05 8.77080E-05 % Pu239
0.00000E+00 6.48152E-09 3.53823E-06 1.21330E-05 % Pu240
0.00000E+00 3.75770E-11 4.12686E-07 2.87054E-06 % Pu241
0.00000E+00 4.08127E-14 9.05041E-09 1.37892E-07 % Pu242
0.00000E+00 5.53562E-15 1.18105E-09 1.69663E-08 % Am241
0.00000E+00 2.25848E-22 2.28011E-15 7.95391E-14 % Am244
0.00000E+00 6.04511E-26 5.53143E-19 1.96623E-17 % Am245
0.00000E+00 1.08731E-07 1.94678E-06 4.01883E-06 % lost data
7.04520E-02 7.04652E-02 7.06875E-02 7.09357E-02 % total
];

MAT_uco_MDENS = [
0.00000E+00 6.25327E-13 9.54631E-12 1.65174E-11 % H3
0.00000E+00 9.60652E-06 9.60320E-06 9.46558E-06 % Xe135
1.68262E+00 1.67614E+00 1.56999E+00 1.45705E+00 % U235
8.17497E+00 8.17360E+00 8.14997E+00 8.12257E+00 % U238
0.00000E+00 7.43631E-11 1.91517E-06 1.85511E-05 % Pu238
0.00000E+00 6.34206E-04 1.96765E-02 3.48168E-02 % Pu239
0.00000E+00 2.58370E-06 1.41043E-03 4.83652E-03 % Pu240
0.00000E+00 1.50412E-08 1.65189E-04 1.14901E-03 % Pu241
0.00000E+00 1.64048E-11 3.63785E-06 5.54264E-05 % Pu242
0.00000E+00 2.21586E-12 4.72765E-07 6.79145E-06 % Am241
0.00000E+00 9.15330E-20 9.24097E-13 3.22360E-11 % Am244
0.00000E+00 2.46005E-23 2.25101E-16 8.00155E-15 % Am245
0.00000E+00 0.00000E+00 0.00000E+00 0.00000E+00 % lost data
1.10000E+01 1.09999E+01 1.09987E+01 1.09973E+01 % total
];

MAT_uco_A = [
0.00000E+00 4.38998E+06 6.70179E+07 1.15957E+08 % H3
0.00000E+00 1.78120E+16 1.78059E+16 1.75507E+16 % Xe135
2.65211E+09 2.64189E+09 2.47459E+09 2.29658E+09 % U235
2.00461E+09 2.00428E+09 1.99848E+09 1.99176E+09 % U238
0.00000E+00 9.29002E+05 2.39258E+10 2.31755E+11 % Pu238
0.00000E+00 2.86990E+10 8.90398E+11 1.57552E+12 % Pu239
0.00000E+00 4.27848E+08 2.33560E+11 8.00904E+11 % Pu240
0.00000E+00 1.13886E+09 1.25075E+13 8.69988E+13 % Pu241
0.00000E+00 4.71357E+01 1.04526E+07 1.59256E+08 % Pu242
0.00000E+00 5.54194E+03 1.18240E+09 1.69857E+10 % Am241
0.00000E+00 8.48944E+01 8.57074E+08 2.98980E+10 % Am244
0.00000E+00 1.11952E-01 1.02439E+06 3.64136E+07 % Am245
0.00000E+00 0.00000E+00 0.00000E+00 0.00000E+00 % lost data
4.65672E+09 3.30285E+18 3.64482E+18 3.68723E+18 % total
];

MAT_uco_H = [
0.00000E+00 4.00208E-09 6.10961E-08 1.05711E-07 % H3
0.00000E+00 1.60578E+03 1.60523E+03 1.58222E+03 % Xe135
1.95998E-03 1.95243E-03 1.82878E-03 1.69723E-03 % U235
1.37311E-03 1.37288E-03 1.36891E-03 1.36431E-03 % U238
0.00000E+00 8.31816E-07 2.14229E-02 2.07511E-01 % Pu238
0.00000E+00 2.40998E-02 7.47707E-01 1.32304E+00 % Pu239
0.00000E+00 3.59953E-04 1.96496E-01 6.73809E-01 % Pu240
0.00000E+00 9.77126E-07 1.07312E-02 7.46435E-02 % Pu241
0.00000E+00 3.76242E-11 8.34334E-06 1.27120E-04 % Pu242
0.00000E+00 4.96880E-09 1.06012E-03 1.52290E-02 % Am241
0.00000E+00 1.50804E-11 1.52248E-04 5.31101E-03 % Am244
0.00000E+00 5.64837E-15 5.16840E-08 1.83719E-06 % Am245
0.00000E+00 0.00000E+00 0.00000E+00 0.00000E+00 % lost data
3.33309E-03 1.19688E+06 1.22023E+06 1.20906E+06 % total
];

MAT_uco_SF = [
0.00000E+00 0.00000E+00 0.00000E+00 0.00000E+00 % H3
0.00000E+00 0.00000E+00 0.00000E+00 0.00000E+00 % Xe135
1.90952E-01 1.90216E-01 1.78170E-01 1.65353E-01 % U235
1.09452E+05 1.09433E+05 1.09117E+05 1.08750E+05 % U238
0.00000E+00 1.72794E-03 4.45020E+01 4.31065E+02 % Pu238
0.00000E+00 8.89668E-02 2.76023E+00 4.88412E+00 % Pu239
0.00000E+00 2.43874E+01 1.33129E+04 4.56515E+04 % Pu240
0.00000E+00 0.00000E+00 0.00000E+00 0.00000E+00 % Pu241
0.00000E+00 2.59246E-04 5.74891E+01 8.75906E+02 % Pu242
0.00000E+00 2.38303E-08 5.08433E-03 7.30384E-02 % Am241
0.00000E+00 0.00000E+00 0.00000E+00 0.00000E+00 % Am244
0.00000E+00 0.00000E+00 0.00000E+00 0.00000E+00 % Am245
0.00000E+00 0.00000E+00 0.00000E+00 0.00000E+00 % lost data
1.09452E+05 1.09458E+05 1.25208E+05 2.38053E+05 % total
];

MAT_uco_ING_TOX = [
0.00000E+00 1.84379E-04 2.81475E-03 4.87020E-03 % H3
0.00000E+00 3.74052E+09 3.73923E+09 3.68564E+09 % Xe135
1.24649E+02 1.24169E+02 1.16306E+02 1.07939E+02 % U235
9.02075E+01 9.01924E+01 8.99317E+01 8.96293E+01 % U238
0.00000E+00 2.13670E-01 5.50294E+03 5.33037E+04 % Pu238
0.00000E+00 7.17474E+03 2.22599E+05 3.93881E+05 % Pu239
0.00000E+00 1.06962E+02 5.83900E+04 2.00226E+05 % Pu240
0.00000E+00 5.46655E+00 6.00359E+04 4.17594E+05 % Pu241
0.00000E+00 1.13126E-05 2.50861E+00 3.82214E+01 % Pu242
0.00000E+00 1.10839E-03 2.36481E+02 3.39713E+03 % Am241
0.00000E+00 3.90514E-08 3.94254E-01 1.37531E+01 % Am244
0.00000E+00 6.94105E-12 6.35124E-05 2.25764E-03 % Am245
0.00000E+00 0.00000E+00 0.00000E+00 0.00000E+00 % lost data
2.14857E+02 4.48571E+10 6.00945E+10 5.97963E+10 % total
];

MAT_uco_INH_TOX = [
0.00000E+00 1.14140E-03 1.74247E-02 3.01489E-02 % H3
0.00000E+00 1.95932E+09 1.95864E+09 1.93057E+09 % Xe135
2.25430E+04 2.24561E+04 2.10340E+04 1.95209E+04 % U235
1.60369E+04 1.60342E+04 1.59879E+04 1.59341E+04 % U238
0.00000E+00 1.02190E+02 2.63184E+06 2.54931E+07 % Pu238
0.00000E+00 3.44388E+06 1.06848E+08 1.89063E+08 % Pu239
0.00000E+00 5.13418E+04 2.80272E+07 9.61084E+07 % Pu240
0.00000E+00 2.61939E+03 2.87672E+07 2.00097E+08 % Pu241
0.00000E+00 5.18492E-03 1.14978E+03 1.75181E+04 % Pu242
0.00000E+00 5.32026E-01 1.13511E+05 1.63062E+06 % Am241
0.00000E+00 3.14109E-07 3.17117E+00 1.10623E+02 % Am244
0.00000E+00 6.26934E-12 5.73660E-05 2.03916E-03 % Am245
0.00000E+00 0.00000E+00 0.00000E+00 0.00000E+00 % lost data
3.85798E+04 4.39128E+10 5.86286E+10 6.03111E+10 % total
];

TOT_VOLUME = [ 1.97179E+04 1.97179E+04 1.97179E+04 1.97179E+04 ];

TOT_BURNUP = [ 0.00000E+00 5.14550E-01 9.15906E+00 1.88325E+01 ];

TOT_ADENS = [
0.00000E+00 1.24880E-13 1.90643E-12 3.29857E-12 % H3
0.00000E+00 4.28821E-08 4.28673E-08 4.22529E-08 % Xe135
4.31104E-03 4.29442E-03 4.02247E-03 3.73311E-03 % U235
2.06805E-02 2.06770E-02 2.06172E-02 2.05479E-02 % U238
0.00000E+00 1.88120E-13 4.84489E-09 4.69296E-08 % Pu238
0.00000E+00 1.59765E-06 4.95677E-05 8.77080E-05 % Pu239
0.00000E+00 6.48152E-09 3.53823E-06 1.21330E-05 % Pu240
0.00000E+00 3.75770E-11 4.12686E-07 2.87054E-06 % Pu241
0.00000E+00 4.08127E-14 9.05041E-09 1.37892E-07 % Pu242
0.00000E+00 5.53562E-15 1.18105E-09 1.69663E-08 % Am241
0.00000E+00 2.25848E-22 2.28011E-15 7.95391E-14 % Am244
0.00000E+00 6.04511E-26 5.53143E-19 1.96623E-17 % Am245
0.00000E+00 1.08731E-07 1.94678E-06 4.01883E-06 % lost data
7.04520E-02 7.04652E-02 7.06875E-02 7.09357E-02 % total
];

