
DET1001 = [
    1    1    1    1    1    1    1    1    1    1  5.36323E+18 0.00422 
    2    2    1    1    1    1    1    1    1    1  2.05201E+18 0.00559 
    3    3    1    1    1    1    1    1    1    1  3.37541E+17 0.01005 
];


DET1001E = [
 1.00000E-09  6.25000E-07  3.13000E-07
 6.25000E-07  1.00000E-01  5.00003E-02
 1.00000E-01  2.00000E+01  1.00500E+01
];

DET1002 = [
    1    1    1    1    1    1    1    1    1    1  1.53067E+17 0.00727 
    2    2    1    1    1    1    1    1    1    1  3.76587E+17 0.00504 
    3    3    1    1    1    1    1    1    1    1  2.04620E+17 0.00622 
];


DET1002E = [
 1.00000E-09  6.25000E-07  3.13000E-07
 6.25000E-07  1.00000E-01  5.00003E-02
 1.00000E-01  2.00000E+01  1.00500E+01
];
