
DET1001 = [
    1    1    1    1    1    1    1    1    1    1  5.47510E+18 0.00440 
    2    2    1    1    1    1    1    1    1    1  2.10972E+18 0.00547 
    3    3    1    1    1    1    1    1    1    1  3.52114E+17 0.01016 
];


DET1001E = [
 1.00000E-09  6.25000E-07  3.13000E-07
 6.25000E-07  1.00000E-01  5.00003E-02
 1.00000E-01  2.00000E+01  1.00500E+01
];

DET1002 = [
    1    1    1    1    1    1    1    1    1    1  1.55533E+17 0.00805 
    2    2    1    1    1    1    1    1    1    1  3.91973E+17 0.00530 
    3    3    1    1    1    1    1    1    1    1  2.15233E+17 0.00643 
];


DET1002E = [
 1.00000E-09  6.25000E-07  3.13000E-07
 6.25000E-07  1.00000E-01  5.00003E-02
 1.00000E-01  2.00000E+01  1.00500E+01
];
