
ZAI = [
10030
541350
922350
922380
942380
942390
942400
942410
942420
952410
952440
952450
666
0
];

NAMES = [
'H3              '
'Xe135           '
'U235            '
'U238            '
'Pu238           '
'Pu239           '
'Pu240           '
'Pu241           '
'Pu242           '
'Am241           '
'Am244           '
'Am245           '
'lost            '
'total           '
];

i10030  = 1; iH3               = 1;
i541350 = 2; iXe135            = 2;
i922350 = 3; iU235             = 3;
i922380 = 4; iU238             = 4;
i942380 = 5; iPu238            = 5;
i942390 = 6; iPu239            = 6;
i942400 = 7; iPu240            = 7;
i942410 = 8; iPu241            = 8;
i942420 = 9; iPu242            = 9;
i952410 = 10; iAm241            = 10;
i952440 = 11; iAm244            = 11;
i952450 = 12; iAm245            = 12;
iLOST    = 13;
iTOT     = 14;

MAT_uco_VOLUME = [ 2.69784E+04 2.69784E+04 2.69784E+04 2.69784E+04 ];

MAT_uco_BURNUP = [ 0.00000E+00 3.76071E-01 6.69414E+00 1.37643E+01 ];

MAT_uco_ADENS = [
0.00000E+00 9.88440E-14 1.55896E-12 2.78100E-12 % H3
0.00000E+00 3.74008E-08 3.76447E-08 3.75193E-08 % Xe135
4.31104E-03 4.29883E-03 4.09815E-03 3.88295E-03 % U235
2.06805E-02 2.06777E-02 2.06293E-02 2.05738E-02 % U238
0.00000E+00 1.09935E-13 2.35132E-09 2.25919E-08 % Pu238
0.00000E+00 1.29714E-06 4.22120E-05 7.80207E-05 % Pu239
0.00000E+00 3.88840E-09 2.19617E-06 7.89734E-06 % Pu240
0.00000E+00 1.83452E-11 2.09426E-07 1.54925E-06 % Pu241
0.00000E+00 1.45888E-14 3.31669E-09 5.26562E-08 % Pu242
0.00000E+00 2.71383E-15 6.00440E-10 9.22035E-09 % Am241
0.00000E+00 5.32748E-23 5.31590E-16 1.92690E-14 % Am244
0.00000E+00 1.05947E-26 9.50685E-20 3.48081E-18 % Am245
0.00000E+00 7.94770E-08 1.42136E-06 2.93293E-06 % lost data
7.04520E-02 7.04616E-02 7.06241E-02 7.08056E-02 % total
];

MAT_uco_MDENS = [
0.00000E+00 4.94955E-13 7.80640E-12 1.39257E-11 % H3
0.00000E+00 8.37859E-06 8.43323E-06 8.40514E-06 % Xe135
1.68262E+00 1.67786E+00 1.59953E+00 1.51554E+00 % U235
8.17497E+00 8.17386E+00 8.15474E+00 8.13281E+00 % U238
0.00000E+00 4.34570E-11 9.29468E-07 8.93049E-06 % Pu238
0.00000E+00 5.14916E-04 1.67566E-02 3.09712E-02 % Pu239
0.00000E+00 1.55002E-06 8.75451E-04 3.14808E-03 % Pu240
0.00000E+00 7.34315E-09 8.38286E-05 6.20129E-04 % Pu241
0.00000E+00 5.86403E-12 1.33316E-06 2.11654E-05 % Pu242
0.00000E+00 1.08632E-12 2.40351E-07 3.69082E-06 % Am241
0.00000E+00 2.15915E-20 2.15446E-13 7.80945E-12 % Am244
0.00000E+00 4.31149E-24 3.86880E-17 1.41651E-15 % Am245
0.00000E+00 0.00000E+00 0.00000E+00 0.00000E+00 % lost data
1.10000E+01 1.09999E+01 1.09990E+01 1.09980E+01 % total
];

MAT_uco_A = [
0.00000E+00 4.75421E+06 7.49830E+07 1.33761E+08 % H3
0.00000E+00 2.12556E+16 2.13943E+16 2.13230E+16 % Xe135
3.62868E+09 3.61840E+09 3.44949E+09 3.26835E+09 % U235
2.74275E+09 2.74238E+09 2.73597E+09 2.72861E+09 % U238
0.00000E+00 7.42806E+05 1.58873E+10 1.52648E+11 % Pu238
0.00000E+00 3.18808E+10 1.03748E+12 1.91757E+12 % Pu239
0.00000E+00 3.51188E+08 1.98352E+11 7.13263E+11 % Pu240
0.00000E+00 7.60725E+08 8.68435E+12 6.42432E+13 % Pu241
0.00000E+00 2.30532E+01 5.24102E+06 8.32071E+07 % Pu242
0.00000E+00 3.71736E+03 8.22474E+08 1.26299E+10 % Am241
0.00000E+00 2.73993E+01 2.73398E+08 9.91010E+09 % Am244
0.00000E+00 2.68456E-02 2.40892E+05 8.81994E+06 % Am245
0.00000E+00 0.00000E+00 0.00000E+00 0.00000E+00 % lost data
6.37143E+09 3.33738E+18 3.70025E+18 3.75011E+18 % total
];

MAT_uco_H = [
0.00000E+00 4.33412E-09 6.83574E-08 1.21941E-07 % H3
0.00000E+00 1.91623E+03 1.92873E+03 1.92230E+03 % Xe135
2.68169E-03 2.67410E-03 2.54926E-03 2.41540E-03 % U235
1.87872E-03 1.87846E-03 1.87407E-03 1.86903E-03 % U238
0.00000E+00 6.65098E-07 1.42253E-02 1.36679E-01 % Pu238
0.00000E+00 2.67717E-02 8.71215E-01 1.61027E+00 % Pu239
0.00000E+00 2.95458E-04 1.66875E-01 6.00076E-01 % Pu240
0.00000E+00 6.52689E-07 7.45102E-03 5.51196E-02 % Pu241
0.00000E+00 1.84013E-11 4.18344E-06 6.64168E-05 % Pu242
0.00000E+00 3.33291E-09 7.37415E-04 1.13237E-02 % Am241
0.00000E+00 4.86715E-12 4.85657E-05 1.76040E-03 % Am244
0.00000E+00 1.35445E-15 1.21538E-08 4.44995E-07 % Am245
0.00000E+00 0.00000E+00 0.00000E+00 0.00000E+00 % lost data
4.56040E-03 1.19987E+06 1.23076E+06 1.22381E+06 % total
];

MAT_uco_SF = [
0.00000E+00 0.00000E+00 0.00000E+00 0.00000E+00 % H3
0.00000E+00 0.00000E+00 0.00000E+00 0.00000E+00 % Xe135
2.61265E-01 2.60525E-01 2.48363E-01 2.35321E-01 % U235
1.49754E+05 1.49734E+05 1.49384E+05 1.48982E+05 % U238
0.00000E+00 1.38162E-03 2.95504E+01 2.83925E+02 % Pu238
0.00000E+00 9.88305E-02 3.21617E+00 5.94447E+00 % Pu239
0.00000E+00 2.00177E+01 1.13060E+04 4.06560E+04 % Pu240
0.00000E+00 0.00000E+00 0.00000E+00 0.00000E+00 % Pu241
0.00000E+00 1.26792E-04 2.88256E+01 4.57639E+02 % Pu242
0.00000E+00 1.59846E-08 3.53664E-03 5.43085E-02 % Am241
0.00000E+00 0.00000E+00 0.00000E+00 0.00000E+00 % Am244
0.00000E+00 0.00000E+00 0.00000E+00 0.00000E+00 % Am245
0.00000E+00 0.00000E+00 0.00000E+00 0.00000E+00 % lost data
1.49755E+05 1.49754E+05 1.62120E+05 2.34332E+05 % total
];

MAT_uco_ING_TOX = [
0.00000E+00 1.99677E-04 3.14929E-03 5.61795E-03 % H3
0.00000E+00 4.46369E+09 4.49280E+09 4.47783E+09 % Xe135
1.70548E+02 1.70065E+02 1.62126E+02 1.53613E+02 % U235
1.23424E+02 1.23407E+02 1.23119E+02 1.22787E+02 % U238
0.00000E+00 1.70845E-01 3.65408E+03 3.51090E+04 % Pu238
0.00000E+00 7.97021E+03 2.59369E+05 4.79392E+05 % Pu239
0.00000E+00 8.77970E+01 4.95879E+04 1.78316E+05 % Pu240
0.00000E+00 3.65148E+00 4.16849E+04 3.08368E+05 % Pu241
0.00000E+00 5.53276E-06 1.25784E+00 1.99697E+01 % Pu242
0.00000E+00 7.43472E-04 1.64495E+02 2.52598E+03 % Am241
0.00000E+00 1.26037E-08 1.25763E-01 4.55865E+00 % Am244
0.00000E+00 1.66443E-12 1.49353E-05 5.46837E-04 % Am245
0.00000E+00 0.00000E+00 0.00000E+00 0.00000E+00 % lost data
2.93972E+02 4.56087E+10 6.11197E+10 6.10190E+10 % total
];

MAT_uco_INH_TOX = [
0.00000E+00 1.23609E-03 1.94956E-02 3.47778E-02 % H3
0.00000E+00 2.33812E+09 2.35337E+09 2.34553E+09 % Xe135
3.08438E+04 3.07564E+04 2.93207E+04 2.77810E+04 % U235
2.19420E+04 2.19391E+04 2.18877E+04 2.18289E+04 % U238
0.00000E+00 8.17086E+01 1.74760E+06 1.67913E+07 % Pu238
0.00000E+00 3.82570E+06 1.24497E+08 2.30108E+08 % Pu239
0.00000E+00 4.21426E+04 2.38022E+07 8.55916E+07 % Pu240
0.00000E+00 1.74967E+03 1.99740E+07 1.47759E+08 % Pu241
0.00000E+00 2.53585E-03 5.76512E+02 9.15278E+03 % Pu242
0.00000E+00 3.56866E-01 7.89575E+04 1.21247E+06 % Am241
0.00000E+00 1.01378E-07 1.01157E+00 3.66674E+01 % Am244
0.00000E+00 1.50335E-12 1.34900E-05 4.93917E-04 % Am245
0.00000E+00 0.00000E+00 0.00000E+00 0.00000E+00 % lost data
5.27858E+04 4.43270E+10 5.92677E+10 6.10742E+10 % total
];

TOT_VOLUME = [ 2.69784E+04 2.69784E+04 2.69784E+04 2.69784E+04 ];

TOT_BURNUP = [ 0.00000E+00 3.76071E-01 6.69414E+00 1.37643E+01 ];

TOT_ADENS = [
0.00000E+00 9.88440E-14 1.55896E-12 2.78100E-12 % H3
0.00000E+00 3.74008E-08 3.76447E-08 3.75193E-08 % Xe135
4.31104E-03 4.29883E-03 4.09815E-03 3.88295E-03 % U235
2.06805E-02 2.06777E-02 2.06293E-02 2.05738E-02 % U238
0.00000E+00 1.09935E-13 2.35132E-09 2.25919E-08 % Pu238
0.00000E+00 1.29714E-06 4.22120E-05 7.80207E-05 % Pu239
0.00000E+00 3.88840E-09 2.19617E-06 7.89734E-06 % Pu240
0.00000E+00 1.83452E-11 2.09426E-07 1.54925E-06 % Pu241
0.00000E+00 1.45888E-14 3.31669E-09 5.26562E-08 % Pu242
0.00000E+00 2.71383E-15 6.00440E-10 9.22035E-09 % Am241
0.00000E+00 5.32748E-23 5.31590E-16 1.92690E-14 % Am244
0.00000E+00 1.05947E-26 9.50685E-20 3.48081E-18 % Am245
0.00000E+00 7.94770E-08 1.42136E-06 2.93293E-06 % lost data
7.04520E-02 7.04616E-02 7.06241E-02 7.08056E-02 % total
];

