
DET1001 = [
    1    1    1    1    1    1    1    1    1    1  5.14172E+18 0.00446 
    2    2    1    1    1    1    1    1    1    1  2.09801E+18 0.00503 
    3    3    1    1    1    1    1    1    1    1  3.51562E+17 0.00966 
];


DET1001E = [
 1.00000E-09  6.25000E-07  3.13000E-07
 6.25000E-07  1.00000E-01  5.00003E-02
 1.00000E-01  2.00000E+01  1.00500E+01
];

DET1002 = [
    1    1    1    1    1    1    1    1    1    1  1.31556E+17 0.00834 
    2    2    1    1    1    1    1    1    1    1  3.56050E+17 0.00500 
    3    3    1    1    1    1    1    1    1    1  1.93792E+17 0.00655 
];


DET1002E = [
 1.00000E-09  6.25000E-07  3.13000E-07
 6.25000E-07  1.00000E-01  5.00003E-02
 1.00000E-01  2.00000E+01  1.00500E+01
];
