
DET1001 = [
    1    1    1    1    1    1    1    1    1    1  5.42617E+18 0.00441 
    2    2    1    1    1    1    1    1    1    1  2.23961E+18 0.00503 
    3    3    1    1    1    1    1    1    1    1  3.74916E+17 0.01024 
];


DET1001E = [
 1.00000E-09  6.25000E-07  3.13000E-07
 6.25000E-07  1.00000E-01  5.00003E-02
 1.00000E-01  2.00000E+01  1.00500E+01
];

DET1002 = [
    1    1    1    1    1    1    1    1    1    1  1.32044E+17 0.00827 
    2    2    1    1    1    1    1    1    1    1  3.87838E+17 0.00524 
    3    3    1    1    1    1    1    1    1    1  2.12929E+17 0.00650 
];


DET1002E = [
 1.00000E-09  6.25000E-07  3.13000E-07
 6.25000E-07  1.00000E-01  5.00003E-02
 1.00000E-01  2.00000E+01  1.00500E+01
];
