
DET1001 = [
    1    1    1    1    1    1    1    1    1    1  5.21887E+18 0.00430 
    2    2    1    1    1    1    1    1    1    1  2.14518E+18 0.00525 
    3    3    1    1    1    1    1    1    1    1  3.59131E+17 0.00958 
];


DET1001E = [
 1.00000E-09  6.25000E-07  3.13000E-07
 6.25000E-07  1.00000E-01  5.00003E-02
 1.00000E-01  2.00000E+01  1.00500E+01
];

DET1002 = [
    1    1    1    1    1    1    1    1    1    1  1.32319E+17 0.00869 
    2    2    1    1    1    1    1    1    1    1  3.67044E+17 0.00499 
    3    3    1    1    1    1    1    1    1    1  1.98674E+17 0.00596 
];


DET1002E = [
 1.00000E-09  6.25000E-07  3.13000E-07
 6.25000E-07  1.00000E-01  5.00003E-02
 1.00000E-01  2.00000E+01  1.00500E+01
];
