
DET1001 = [
    1    1    1    1    1    1    1    1    1    1  5.31098E+18 0.00437 
    2    2    1    1    1    1    1    1    1    1  2.17506E+18 0.00513 
    3    3    1    1    1    1    1    1    1    1  3.62904E+17 0.00923 
];


DET1001E = [
 1.00000E-09  6.25000E-07  3.13000E-07
 6.25000E-07  1.00000E-01  5.00003E-02
 1.00000E-01  2.00000E+01  1.00500E+01
];

DET1002 = [
    1    1    1    1    1    1    1    1    1    1  1.32129E+17 0.00851 
    2    2    1    1    1    1    1    1    1    1  3.80268E+17 0.00507 
    3    3    1    1    1    1    1    1    1    1  2.07844E+17 0.00606 
];


DET1002E = [
 1.00000E-09  6.25000E-07  3.13000E-07
 6.25000E-07  1.00000E-01  5.00003E-02
 1.00000E-01  2.00000E+01  1.00500E+01
];
