
ZAI = [
10030
541350
922350
922380
942380
942390
942400
942410
942420
952410
952440
952450
666
0
];

NAMES = [
'H3              '
'Xe135           '
'U235            '
'U238            '
'Pu238           '
'Pu239           '
'Pu240           '
'Pu241           '
'Pu242           '
'Am241           '
'Am244           '
'Am245           '
'lost            '
'total           '
];

i10030  = 1; iH3               = 1;
i541350 = 2; iXe135            = 2;
i922350 = 3; iU235             = 3;
i922380 = 4; iU238             = 4;
i942380 = 5; iPu238            = 5;
i942390 = 6; iPu239            = 6;
i942400 = 7; iPu240            = 7;
i942410 = 8; iPu241            = 8;
i942420 = 9; iPu242            = 9;
i952410 = 10; iAm241            = 10;
i952440 = 11; iAm244            = 11;
i952450 = 12; iAm245            = 12;
iLOST    = 13;
iTOT     = 14;

MAT_uco_VOLUME = [ 1.49548E+04 1.49548E+04 1.49548E+04 1.49548E+04 ];

MAT_uco_BURNUP = [ 0.00000E+00 6.78434E-01 1.20760E+01 2.48306E+01 ];

MAT_uco_ADENS = [
0.00000E+00 1.15599E-13 1.68449E-12 2.68579E-12 % H3
0.00000E+00 4.57357E-08 4.51748E-08 4.37504E-08 % Xe135
4.31104E-03 4.28933E-03 3.93578E-03 3.56223E-03 % U235
2.06805E-02 2.06764E-02 2.06055E-02 2.05227E-02 % U238
0.00000E+00 2.02404E-13 6.73306E-09 6.72605E-08 % Pu238
0.00000E+00 1.88345E-06 5.55882E-05 9.29692E-05 % Pu239
0.00000E+00 9.73311E-09 5.33302E-06 1.76520E-05 % Pu240
0.00000E+00 5.90884E-11 6.50324E-07 4.31999E-06 % Pu241
0.00000E+00 8.41723E-14 1.92888E-08 2.88087E-07 % Pu242
0.00000E+00 8.62962E-15 1.85379E-09 2.51830E-08 % Am241
0.00000E+00 4.76208E-22 5.02336E-15 1.73311E-13 % Am244
0.00000E+00 1.64486E-25 1.58267E-18 5.63756E-17 % Am245
0.00000E+00 1.43322E-07 2.56879E-06 5.30368E-06 % lost data
7.04520E-02 7.04694E-02 7.07625E-02 7.10896E-02 % total
];

MAT_uco_MDENS = [
0.00000E+00 5.78854E-13 8.43497E-12 1.34490E-11 % H3
0.00000E+00 1.02458E-05 1.01201E-05 9.80104E-06 % Xe135
1.68262E+00 1.67415E+00 1.53616E+00 1.39036E+00 % U235
8.17497E+00 8.17336E+00 8.14532E+00 8.11260E+00 % U238
0.00000E+00 8.00096E-11 2.66156E-06 2.65879E-05 % Pu238
0.00000E+00 7.47659E-04 2.20664E-02 3.69052E-02 % Pu239
0.00000E+00 3.87987E-06 2.12588E-03 7.03654E-03 % Pu240
0.00000E+00 2.36517E-08 2.60310E-04 1.72920E-03 % Pu241
0.00000E+00 3.38334E-11 7.75319E-06 1.15798E-04 % Pu242
0.00000E+00 3.45436E-12 7.42054E-07 1.00805E-05 % Am241
0.00000E+00 1.93000E-19 2.03590E-12 7.02405E-11 % Am244
0.00000E+00 6.69374E-23 6.44066E-16 2.29420E-14 % Am245
0.00000E+00 0.00000E+00 0.00000E+00 0.00000E+00 % lost data
1.10000E+01 1.09999E+01 1.09982E+01 1.09964E+01 % total
];

MAT_uco_A = [
0.00000E+00 3.08208E+06 4.49116E+07 7.16082E+07 % H3
0.00000E+00 1.44083E+16 1.42315E+16 1.37828E+16 % Xe135
2.01146E+09 2.00133E+09 1.83637E+09 1.66208E+09 % U235
1.52037E+09 1.52007E+09 1.51485E+09 1.50877E+09 % U238
0.00000E+00 7.58088E+05 2.52182E+10 2.51919E+11 % Pu238
0.00000E+00 2.56601E+10 7.57333E+11 1.26661E+12 % Pu239
0.00000E+00 4.87285E+08 2.66996E+11 8.83742E+11 % Pu240
0.00000E+00 1.35822E+09 1.49485E+13 9.93006E+13 % Pu241
0.00000E+00 7.37297E+01 1.68958E+07 2.52347E+08 % Pu242
0.00000E+00 6.55249E+03 1.40759E+09 1.91215E+10 % Am241
0.00000E+00 1.35762E+02 1.43211E+09 4.94091E+10 % Am244
0.00000E+00 2.31035E-01 2.22300E+06 7.91844E+07 % Am245
0.00000E+00 0.00000E+00 0.00000E+00 0.00000E+00 % lost data
3.53183E+09 3.26887E+18 3.58498E+18 3.61386E+18 % total
];

MAT_uco_H = [
0.00000E+00 2.80974E-09 4.09431E-08 6.52808E-08 % H3
0.00000E+00 1.29893E+03 1.28300E+03 1.24254E+03 % Xe135
1.48652E-03 1.47904E-03 1.35712E-03 1.22832E-03 % U235
1.04141E-03 1.04121E-03 1.03764E-03 1.03347E-03 % U238
0.00000E+00 6.78782E-07 2.25800E-02 2.25565E-01 % Pu238
0.00000E+00 2.15479E-02 6.35966E-01 1.06363E+00 % Pu239
0.00000E+00 4.09958E-04 2.24627E-01 7.43502E-01 % Pu240
0.00000E+00 1.16533E-06 1.28256E-02 8.51982E-02 % Pu241
0.00000E+00 5.88518E-11 1.34864E-05 2.01426E-04 % Pu242
0.00000E+00 5.87485E-09 1.26202E-03 1.71440E-02 % Am241
0.00000E+00 2.41164E-11 2.54396E-04 8.77691E-03 % Am244
0.00000E+00 1.16565E-14 1.12158E-07 3.99512E-06 % Am245
0.00000E+00 0.00000E+00 0.00000E+00 0.00000E+00 % lost data
2.52793E-03 1.19359E+06 1.20712E+06 1.19041E+06 % total
];

MAT_uco_SF = [
0.00000E+00 0.00000E+00 0.00000E+00 0.00000E+00 % H3
0.00000E+00 0.00000E+00 0.00000E+00 0.00000E+00 % Xe135
1.44825E-01 1.44096E-01 1.32219E-01 1.19669E-01 % U235
8.30122E+04 8.29958E+04 8.27111E+04 8.23788E+04 % U238
0.00000E+00 1.41004E-03 4.69059E+01 4.68570E+02 % Pu238
0.00000E+00 7.95464E-02 2.34773E+00 3.92649E+00 % Pu239
0.00000E+00 2.77753E+01 1.52188E+04 5.03733E+04 % Pu240
0.00000E+00 0.00000E+00 0.00000E+00 0.00000E+00 % Pu241
0.00000E+00 4.05513E-04 9.29267E+01 1.38791E+03 % Pu242
0.00000E+00 2.81757E-08 6.05262E-03 8.22226E-02 % Am241
0.00000E+00 0.00000E+00 0.00000E+00 0.00000E+00 % Am244
0.00000E+00 0.00000E+00 0.00000E+00 0.00000E+00 % Am245
0.00000E+00 0.00000E+00 0.00000E+00 0.00000E+00 % lost data
8.30123E+04 8.30239E+04 1.02160E+05 2.56814E+05 % total
];

MAT_uco_ING_TOX = [
0.00000E+00 1.29447E-04 1.88629E-03 3.00755E-03 % H3
0.00000E+00 3.02574E+09 2.98862E+09 2.89439E+09 % Xe135
9.45385E+01 9.40626E+01 8.63093E+01 7.81176E+01 % U235
6.84166E+01 6.84032E+01 6.81685E+01 6.78946E+01 % U238
0.00000E+00 1.74360E-01 5.80019E+03 5.79415E+04 % Pu238
0.00000E+00 6.41503E+03 1.89333E+05 3.16653E+05 % Pu239
0.00000E+00 1.21821E+02 6.67490E+04 2.20936E+05 % Pu240
0.00000E+00 6.51946E+00 7.17529E+04 4.76643E+05 % Pu241
0.00000E+00 1.76951E-05 4.05498E+00 6.05632E+01 % Pu242
0.00000E+00 1.31050E-03 2.81517E+02 3.82431E+03 % Am241
0.00000E+00 6.24504E-08 6.58769E-01 2.27282E+01 % Am244
0.00000E+00 1.43242E-11 1.37826E-04 4.90944E-03 % Am245
0.00000E+00 0.00000E+00 0.00000E+00 0.00000E+00 % lost data
1.62955E+02 4.40986E+10 5.89398E+10 5.83660E+10 % total
];

MAT_uco_INH_TOX = [
0.00000E+00 8.01340E-04 1.16770E-02 1.86181E-02 % H3
0.00000E+00 1.58491E+09 1.56547E+09 1.51611E+09 % Xe135
1.70974E+04 1.70113E+04 1.56091E+04 1.41276E+04 % U235
1.21630E+04 1.21606E+04 1.21188E+04 1.20702E+04 % U238
0.00000E+00 8.33897E+01 2.77400E+06 2.77111E+07 % Pu238
0.00000E+00 3.07921E+06 9.08799E+07 1.51993E+08 % Pu239
0.00000E+00 5.84742E+04 3.20395E+07 1.06049E+08 % Pu240
0.00000E+00 3.12391E+03 3.43816E+07 2.28391E+08 % Pu241
0.00000E+00 8.11026E-03 1.85853E+03 2.77581E+04 % Pu242
0.00000E+00 6.29039E-01 1.35128E+05 1.83567E+06 % Am241
0.00000E+00 5.02319E-07 5.29879E+00 1.82814E+02 % Am244
0.00000E+00 1.29379E-11 1.24488E-04 4.43433E-03 % Am245
0.00000E+00 0.00000E+00 0.00000E+00 0.00000E+00 % lost data
2.92603E+04 4.34769E+10 5.78445E+10 5.92956E+10 % total
];

TOT_VOLUME = [ 1.49548E+04 1.49548E+04 1.49548E+04 1.49548E+04 ];

TOT_BURNUP = [ 0.00000E+00 6.78434E-01 1.20760E+01 2.48306E+01 ];

TOT_ADENS = [
0.00000E+00 1.15599E-13 1.68449E-12 2.68579E-12 % H3
0.00000E+00 4.57357E-08 4.51748E-08 4.37504E-08 % Xe135
4.31104E-03 4.28933E-03 3.93578E-03 3.56223E-03 % U235
2.06805E-02 2.06764E-02 2.06055E-02 2.05227E-02 % U238
0.00000E+00 2.02404E-13 6.73306E-09 6.72605E-08 % Pu238
0.00000E+00 1.88345E-06 5.55882E-05 9.29692E-05 % Pu239
0.00000E+00 9.73311E-09 5.33302E-06 1.76520E-05 % Pu240
0.00000E+00 5.90884E-11 6.50324E-07 4.31999E-06 % Pu241
0.00000E+00 8.41723E-14 1.92888E-08 2.88087E-07 % Pu242
0.00000E+00 8.62962E-15 1.85379E-09 2.51830E-08 % Am241
0.00000E+00 4.76208E-22 5.02336E-15 1.73311E-13 % Am244
0.00000E+00 1.64486E-25 1.58267E-18 5.63756E-17 % Am245
0.00000E+00 1.43322E-07 2.56879E-06 5.30368E-06 % lost data
7.04520E-02 7.04694E-02 7.07625E-02 7.10896E-02 % total
];

