
DET1001 = [
    1    1    1    1    1    1    1    1    1    1  7.09475E+18 0.00407 
    2    2    1    1    1    1    1    1    1    1  2.33541E+18 0.00550 
    3    3    1    1    1    1    1    1    1    1  3.78616E+17 0.01016 
];


DET1001E = [
 1.00000E-09  6.25000E-07  3.13000E-07
 6.25000E-07  1.00000E-01  5.00003E-02
 1.00000E-01  2.00000E+01  1.00500E+01
];

DET1002 = [
    1    1    1    1    1    1    1    1    1    1  2.77252E+17 0.00591 
    2    2    1    1    1    1    1    1    1    1  4.53851E+17 0.00514 
    3    3    1    1    1    1    1    1    1    1  2.39859E+17 0.00596 
];


DET1002E = [
 1.00000E-09  6.25000E-07  3.13000E-07
 6.25000E-07  1.00000E-01  5.00003E-02
 1.00000E-01  2.00000E+01  1.00500E+01
];
