
DET1001 = [
    1    1    1    1    1    1    1    1    1    1  6.64975E+18 0.00404 
    2    2    1    1    1    1    1    1    1    1  2.19087E+18 0.00529 
    3    3    1    1    1    1    1    1    1    1  3.59986E+17 0.00975 
];


DET1001E = [
 1.00000E-09  6.25000E-07  3.13000E-07
 6.25000E-07  1.00000E-01  5.00003E-02
 1.00000E-01  2.00000E+01  1.00500E+01
];

DET1002 = [
    1    1    1    1    1    1    1    1    1    1  2.60310E+17 0.00611 
    2    2    1    1    1    1    1    1    1    1  4.14995E+17 0.00467 
    3    3    1    1    1    1    1    1    1    1  2.12990E+17 0.00674 
];


DET1002E = [
 1.00000E-09  6.25000E-07  3.13000E-07
 6.25000E-07  1.00000E-01  5.00003E-02
 1.00000E-01  2.00000E+01  1.00500E+01
];
