
DET1001 = [
    1    1    1    1    1    1    1    1    1    1  4.67542E+18 0.00478 
    2    2    1    1    1    1    1    1    1    1  2.14797E+18 0.00515 
    3    3    1    1    1    1    1    1    1    1  3.62738E+17 0.00938 
];


DET1001E = [
 1.00000E-09  6.25000E-07  3.13000E-07
 6.25000E-07  1.00000E-01  5.00003E-02
 1.00000E-01  2.00000E+01  1.00500E+01
];

DET1002 = [
    1    1    1    1    1    1    1    1    1    1  8.40211E+16 0.01024 
    2    2    1    1    1    1    1    1    1    1  3.47407E+17 0.00524 
    3    3    1    1    1    1    1    1    1    1  1.96711E+17 0.00624 
];


DET1002E = [
 1.00000E-09  6.25000E-07  3.13000E-07
 6.25000E-07  1.00000E-01  5.00003E-02
 1.00000E-01  2.00000E+01  1.00500E+01
];
