
DET1001 = [
    1    1    1    1    1    1    1    1    1    1  4.72537E+18 0.00478 
    2    2    1    1    1    1    1    1    1    1  2.18626E+18 0.00525 
    3    3    1    1    1    1    1    1    1    1  3.68946E+17 0.00981 
];


DET1001E = [
 1.00000E-09  6.25000E-07  3.13000E-07
 6.25000E-07  1.00000E-01  5.00003E-02
 1.00000E-01  2.00000E+01  1.00500E+01
];

DET1002 = [
    1    1    1    1    1    1    1    1    1    1  8.31447E+16 0.01015 
    2    2    1    1    1    1    1    1    1    1  3.56373E+17 0.00498 
    3    3    1    1    1    1    1    1    1    1  2.00179E+17 0.00642 
];


DET1002E = [
 1.00000E-09  6.25000E-07  3.13000E-07
 6.25000E-07  1.00000E-01  5.00003E-02
 1.00000E-01  2.00000E+01  1.00500E+01
];
