
DET1001 = [
    1    1    1    1    1    1    1    1    1    1  4.61128E+18 0.00475 
    2    2    1    1    1    1    1    1    1    1  2.11564E+18 0.00506 
    3    3    1    1    1    1    1    1    1    1  3.59232E+17 0.00921 
];


DET1001E = [
 1.00000E-09  6.25000E-07  3.13000E-07
 6.25000E-07  1.00000E-01  5.00003E-02
 1.00000E-01  2.00000E+01  1.00500E+01
];

DET1002 = [
    1    1    1    1    1    1    1    1    1    1  8.41839E+16 0.01013 
    2    2    1    1    1    1    1    1    1    1  3.42367E+17 0.00523 
    3    3    1    1    1    1    1    1    1    1  1.91895E+17 0.00692 
];


DET1002E = [
 1.00000E-09  6.25000E-07  3.13000E-07
 6.25000E-07  1.00000E-01  5.00003E-02
 1.00000E-01  2.00000E+01  1.00500E+01
];
