
ZAI = [
10030
541350
922350
922380
942380
942390
942400
942410
942420
952410
952440
952450
666
0
];

NAMES = [
'H3              '
'Xe135           '
'U235            '
'U238            '
'Pu238           '
'Pu239           '
'Pu240           '
'Pu241           '
'Pu242           '
'Am241           '
'Am244           '
'Am245           '
'lost            '
'total           '
];

i10030  = 1; iH3               = 1;
i541350 = 2; iXe135            = 2;
i922350 = 3; iU235             = 3;
i922380 = 4; iU238             = 4;
i942380 = 5; iPu238            = 5;
i942390 = 6; iPu239            = 6;
i942400 = 7; iPu240            = 7;
i942410 = 8; iPu241            = 8;
i942420 = 9; iPu242            = 9;
i952410 = 10; iAm241            = 10;
i952440 = 11; iAm244            = 11;
i952450 = 12; iAm245            = 12;
iLOST    = 13;
iTOT     = 14;

MAT_uco_VOLUME = [ 3.43362E+04 3.43362E+04 3.43362E+04 3.43362E+04 ];

MAT_uco_BURNUP = [ 0.00000E+00 2.95502E-01 5.25993E+00 1.08153E+01 ];

MAT_uco_ADENS = [
0.00000E+00 9.15893E-14 1.54635E-12 2.84396E-12 % H3
0.00000E+00 3.55893E-08 3.58086E-08 3.58663E-08 % Xe135
4.87458E-03 4.86487E-03 4.70421E-03 4.52997E-03 % U235
2.01233E-02 2.01210E-02 2.00817E-02 2.00368E-02 % U238
0.00000E+00 7.71634E-14 1.42902E-09 1.34195E-08 % Pu238
0.00000E+00 1.06046E-06 3.57304E-05 6.88361E-05 % Pu239
0.00000E+00 2.28445E-09 1.27493E-06 4.77682E-06 % Pu240
0.00000E+00 9.25901E-12 1.03199E-07 7.97549E-07 % Pu241
0.00000E+00 5.10655E-15 1.11359E-09 1.82326E-08 % Pu242
0.00000E+00 1.38362E-15 2.96710E-10 4.77607E-09 % Am241
0.00000E+00 1.40605E-23 1.33450E-16 5.05499E-15 % Am244
0.00000E+00 1.97853E-27 1.70742E-20 6.50037E-19 % Am245
0.00000E+00 6.24722E-08 1.11558E-06 2.30018E-06 % lost data
7.04699E-02 7.04775E-02 7.06050E-02 7.07477E-02 % total
];

MAT_uco_MDENS = [
0.00000E+00 4.58628E-13 7.74324E-12 1.42410E-11 % H3
0.00000E+00 7.97279E-06 8.02190E-06 8.03483E-06 % Xe135
1.90258E+00 1.89879E+00 1.83608E+00 1.76807E+00 % U235
7.95473E+00 7.95382E+00 7.93829E+00 7.92051E+00 % U238
0.00000E+00 3.05025E-11 5.64886E-07 5.30467E-06 % Pu238
0.00000E+00 4.20963E-04 1.41836E-02 2.73253E-02 % Pu239
0.00000E+00 9.10640E-07 5.08219E-04 1.90416E-03 % Pu240
0.00000E+00 3.70617E-09 4.13083E-05 3.19241E-04 % Pu241
0.00000E+00 2.05260E-12 4.47614E-07 7.32866E-06 % Pu242
0.00000E+00 5.53849E-13 1.18770E-07 1.91182E-06 % Am241
0.00000E+00 5.69852E-21 5.40853E-14 2.04872E-12 % Am244
0.00000E+00 8.05163E-25 6.94834E-18 2.64532E-16 % Am245
0.00000E+00 0.00000E+00 0.00000E+00 0.00000E+00 % lost data
1.10000E+01 1.10000E+01 1.09992E+01 1.09984E+01 % total
];

MAT_uco_A = [
0.00000E+00 5.60671E+06 9.46607E+07 1.74095E+08 % H3
0.00000E+00 2.57424E+16 2.59010E+16 2.59427E+16 % Xe135
5.22203E+09 5.21163E+09 5.03952E+09 4.85285E+09 % U235
3.39673E+09 3.39634E+09 3.38971E+09 3.38212E+09 % U238
0.00000E+00 6.63568E+05 1.22889E+10 1.15401E+11 % Pu238
0.00000E+00 3.31720E+10 1.11767E+12 2.15324E+12 % Pu239
0.00000E+00 2.62594E+08 1.46551E+11 5.49089E+11 % Pu240
0.00000E+00 4.88659E+08 5.44650E+12 4.20919E+13 % Pu241
0.00000E+00 1.02701E+01 2.23961E+06 3.66686E+07 % Pu242
0.00000E+00 2.41214E+03 5.17273E+08 8.32641E+09 % Am241
0.00000E+00 9.20354E+00 8.73518E+07 3.30883E+09 % Am244
0.00000E+00 6.38065E-03 5.50633E+04 2.09633E+06 % Am245
0.00000E+00 0.00000E+00 0.00000E+00 0.00000E+00 % lost data
8.61876E+09 3.35485E+18 3.72451E+18 3.78349E+18 % total
];

MAT_uco_H = [
0.00000E+00 5.11129E-09 8.62964E-08 1.58712E-07 % H3
0.00000E+00 2.32072E+03 2.33501E+03 2.33878E+03 % Xe135
3.85922E-03 3.85153E-03 3.72434E-03 3.58638E-03 % U235
2.32667E-03 2.32641E-03 2.32187E-03 2.31667E-03 % U238
0.00000E+00 5.94150E-07 1.10033E-02 1.03328E-01 % Pu238
0.00000E+00 2.78560E-02 9.38559E-01 1.80817E+00 % Pu239
0.00000E+00 2.20923E-04 1.23295E-01 4.61955E-01 % Pu240
0.00000E+00 4.19261E-07 4.67301E-03 3.61142E-02 % Pu241
0.00000E+00 8.19769E-12 1.78768E-06 2.92693E-05 % Pu242
0.00000E+00 2.16268E-09 4.63778E-04 7.46531E-03 % Am241
0.00000E+00 1.63489E-12 1.55169E-05 5.87772E-04 % Am244
0.00000E+00 3.21925E-16 2.77812E-09 1.05767E-07 % Am245
0.00000E+00 0.00000E+00 0.00000E+00 0.00000E+00 % lost data
6.18589E-03 1.20169E+06 1.23670E+06 1.23435E+06 % total
];

MAT_uco_SF = [
0.00000E+00 0.00000E+00 0.00000E+00 0.00000E+00 % H3
0.00000E+00 0.00000E+00 0.00000E+00 0.00000E+00 % Xe135
3.75986E-01 3.75237E-01 3.62845E-01 3.49405E-01 % U235
1.85461E+05 1.85440E+05 1.85078E+05 1.84664E+05 % U238
0.00000E+00 1.23424E-03 2.28573E+01 2.14646E+02 % Pu238
0.00000E+00 1.02833E-01 3.46478E+00 6.67505E+00 % Pu239
0.00000E+00 1.49679E+01 8.35343E+03 3.12981E+04 % Pu240
0.00000E+00 0.00000E+00 0.00000E+00 0.00000E+00 % Pu241
0.00000E+00 5.64854E-05 1.23179E+01 2.01677E+02 % Pu242
0.00000E+00 1.03722E-08 2.22428E-03 3.58036E-02 % Am241
0.00000E+00 0.00000E+00 0.00000E+00 0.00000E+00 % Am244
0.00000E+00 0.00000E+00 0.00000E+00 0.00000E+00 % Am245
0.00000E+00 0.00000E+00 0.00000E+00 0.00000E+00 % lost data
1.85462E+05 1.85456E+05 1.94088E+05 2.36828E+05 % total
];

MAT_uco_ING_TOX = [
0.00000E+00 2.35482E-04 3.97575E-03 7.31200E-03 % H3
0.00000E+00 5.40590E+09 5.43920E+09 5.44797E+09 % Xe135
2.45435E+02 2.44946E+02 2.36857E+02 2.28084E+02 % U235
1.52853E+02 1.52835E+02 1.52537E+02 1.52195E+02 % U238
0.00000E+00 1.52621E-01 2.82644E+03 2.65422E+04 % Pu238
0.00000E+00 8.29300E+03 2.79418E+05 5.38310E+05 % Pu239
0.00000E+00 6.56486E+01 3.66378E+04 1.37272E+05 % Pu240
0.00000E+00 2.34556E+00 2.61432E+04 2.02041E+05 % Pu241
0.00000E+00 2.46482E-06 5.37507E-01 8.80046E+00 % Pu242
0.00000E+00 4.82429E-04 1.03455E+02 1.66528E+03 % Am241
0.00000E+00 4.23363E-09 4.01818E-02 1.52206E+00 % Am244
0.00000E+00 3.95600E-13 3.41392E-06 1.29972E-04 % Am245
0.00000E+00 0.00000E+00 0.00000E+00 0.00000E+00 % lost data
3.98288E+02 4.65794E+10 6.21603E+10 6.22044E+10 % total
];

MAT_uco_INH_TOX = [
0.00000E+00 1.45774E-03 2.46118E-02 4.52648E-02 % H3
0.00000E+00 2.83166E+09 2.84911E+09 2.85370E+09 % Xe135
4.43872E+04 4.42988E+04 4.28359E+04 4.12492E+04 % U235
2.71738E+04 2.71707E+04 2.71177E+04 2.70570E+04 % U238
0.00000E+00 7.29925E+01 1.35177E+06 1.26941E+07 % Pu238
0.00000E+00 3.98064E+06 1.34121E+08 2.58389E+08 % Pu239
0.00000E+00 3.15113E+04 1.75862E+07 6.58907E+07 % Pu240
0.00000E+00 1.12392E+03 1.25270E+07 9.68114E+07 % Pu241
0.00000E+00 1.12971E-03 2.46357E+02 4.03354E+03 % Pu242
0.00000E+00 2.31566E-01 4.96582E+04 7.99336E+05 % Am241
0.00000E+00 3.40531E-08 3.23202E-01 1.22427E+01 % Am244
0.00000E+00 3.57316E-13 3.08354E-06 1.17394E-04 % Am245
0.00000E+00 0.00000E+00 0.00000E+00 0.00000E+00 % lost data
7.15611E+04 4.48613E+10 5.98176E+10 6.16856E+10 % total
];

TOT_VOLUME = [ 3.43362E+04 3.43362E+04 3.43362E+04 3.43362E+04 ];

TOT_BURNUP = [ 0.00000E+00 2.95502E-01 5.25993E+00 1.08153E+01 ];

TOT_ADENS = [
0.00000E+00 9.15893E-14 1.54635E-12 2.84396E-12 % H3
0.00000E+00 3.55893E-08 3.58086E-08 3.58663E-08 % Xe135
4.87458E-03 4.86487E-03 4.70421E-03 4.52997E-03 % U235
2.01233E-02 2.01210E-02 2.00817E-02 2.00368E-02 % U238
0.00000E+00 7.71634E-14 1.42902E-09 1.34195E-08 % Pu238
0.00000E+00 1.06046E-06 3.57304E-05 6.88361E-05 % Pu239
0.00000E+00 2.28445E-09 1.27493E-06 4.77682E-06 % Pu240
0.00000E+00 9.25901E-12 1.03199E-07 7.97549E-07 % Pu241
0.00000E+00 5.10655E-15 1.11359E-09 1.82326E-08 % Pu242
0.00000E+00 1.38362E-15 2.96710E-10 4.77607E-09 % Am241
0.00000E+00 1.40605E-23 1.33450E-16 5.05499E-15 % Am244
0.00000E+00 1.97853E-27 1.70742E-20 6.50037E-19 % Am245
0.00000E+00 6.24722E-08 1.11558E-06 2.30018E-06 % lost data
7.04699E-02 7.04775E-02 7.06050E-02 7.07477E-02 % total
];

