
DET1001 = [
    1    1    1    1    1    1    1    1    1    1  4.55475E+18 0.00471 
    2    2    1    1    1    1    1    1    1    1  2.07754E+18 0.00536 
    3    3    1    1    1    1    1    1    1    1  3.44849E+17 0.01027 
];


DET1001E = [
 1.00000E-09  6.25000E-07  3.13000E-07
 6.25000E-07  1.00000E-01  5.00003E-02
 1.00000E-01  2.00000E+01  1.00500E+01
];

DET1002 = [
    1    1    1    1    1    1    1    1    1    1  8.55145E+16 0.00951 
    2    2    1    1    1    1    1    1    1    1  3.32498E+17 0.00523 
    3    3    1    1    1    1    1    1    1    1  1.86954E+17 0.00627 
];


DET1002E = [
 1.00000E-09  6.25000E-07  3.13000E-07
 6.25000E-07  1.00000E-01  5.00003E-02
 1.00000E-01  2.00000E+01  1.00500E+01
];
