
DET1001 = [
    1    1    1    1    1    1    1    1    1    1  4.21638E+18 0.00480 
    2    2    1    1    1    1    1    1    1    1  2.00968E+18 0.00492 
    3    3    1    1    1    1    1    1    1    1  3.46730E+17 0.00950 
];


DET1001E = [
 1.00000E-09  6.25000E-07  3.13000E-07
 6.25000E-07  1.00000E-01  5.00003E-02
 1.00000E-01  2.00000E+01  1.00500E+01
];

DET1002 = [
    1    1    1    1    1    1    1    1    1    1  6.62211E+16 0.01096 
    2    2    1    1    1    1    1    1    1    1  3.24006E+17 0.00541 
    3    3    1    1    1    1    1    1    1    1  1.89513E+17 0.00650 
];


DET1002E = [
 1.00000E-09  6.25000E-07  3.13000E-07
 6.25000E-07  1.00000E-01  5.00003E-02
 1.00000E-01  2.00000E+01  1.00500E+01
];
