
ZAI = [
10030
541350
922350
922380
942380
942390
942400
942410
942420
952410
952440
952450
666
0
];

NAMES = [
'H3              '
'Xe135           '
'U235            '
'U238            '
'Pu238           '
'Pu239           '
'Pu240           '
'Pu241           '
'Pu242           '
'Am241           '
'Am244           '
'Am245           '
'lost            '
'total           '
];

i10030  = 1; iH3               = 1;
i541350 = 2; iXe135            = 2;
i922350 = 3; iU235             = 3;
i922380 = 4; iU238             = 4;
i942380 = 5; iPu238            = 5;
i942390 = 6; iPu239            = 6;
i942400 = 7; iPu240            = 7;
i942410 = 8; iPu241            = 8;
i942420 = 9; iPu242            = 9;
i952410 = 10; iAm241            = 10;
i952440 = 11; iAm244            = 11;
i952450 = 12; iAm245            = 12;
iLOST    = 13;
iTOT     = 14;

MAT_uco_VOLUME = [ 3.45065E+04 3.45065E+04 3.45065E+04 3.45065E+04 ];

MAT_uco_BURNUP = [ 0.00000E+00 2.94043E-01 5.23395E+00 1.07619E+01 ];

MAT_uco_ADENS = [
0.00000E+00 1.08589E-13 1.77853E-12 3.32390E-12 % H3
0.00000E+00 3.61136E-08 3.63700E-08 3.64246E-08 % Xe135
4.87458E-03 4.86487E-03 4.70421E-03 4.52995E-03 % U235
2.01233E-02 2.01210E-02 2.00811E-02 2.00356E-02 % U238
0.00000E+00 9.72851E-14 1.67571E-09 1.56024E-08 % Pu238
0.00000E+00 1.06940E-06 3.62078E-05 6.98213E-05 % Pu239
0.00000E+00 2.31413E-09 1.26335E-06 4.70379E-06 % Pu240
0.00000E+00 9.95002E-12 1.08156E-07 8.37427E-07 % Pu241
0.00000E+00 5.41385E-15 1.14598E-09 1.88141E-08 % Pu242
0.00000E+00 1.49404E-15 3.11224E-10 5.01496E-09 % Am241
0.00000E+00 1.75557E-23 1.64024E-16 6.06296E-15 % Am244
0.00000E+00 2.45961E-27 2.09345E-20 7.79987E-19 % Am245
0.00000E+00 6.21792E-08 1.11037E-06 2.28939E-06 % lost data
7.04699E-02 7.04774E-02 7.06044E-02 7.07463E-02 % total
];

MAT_uco_MDENS = [
0.00000E+00 5.43754E-13 8.90587E-12 1.66442E-11 % H3
0.00000E+00 8.09023E-06 8.14767E-06 8.15991E-06 % Xe135
1.90258E+00 1.89879E+00 1.83608E+00 1.76807E+00 % U235
7.95473E+00 7.95381E+00 7.93805E+00 7.92004E+00 % U238
0.00000E+00 3.84565E-11 6.62401E-07 6.16759E-06 % Pu238
0.00000E+00 4.24512E-04 1.43731E-02 2.77164E-02 % Pu239
0.00000E+00 9.22472E-07 5.03604E-04 1.87505E-03 % Pu240
0.00000E+00 3.98277E-09 4.32924E-05 3.35203E-04 % Pu241
0.00000E+00 2.17612E-12 4.60629E-07 7.56239E-06 % Pu242
0.00000E+00 5.98052E-13 1.24580E-07 2.00744E-06 % Am241
0.00000E+00 7.11507E-21 6.64766E-14 2.45723E-12 % Am244
0.00000E+00 1.00094E-24 8.51926E-18 3.17415E-16 % Am245
0.00000E+00 0.00000E+00 0.00000E+00 0.00000E+00 % lost data
1.10000E+01 1.10000E+01 1.09992E+01 1.09985E+01 % total
];

MAT_uco_A = [
0.00000E+00 6.68034E+06 1.09414E+08 2.04484E+08 % H3
0.00000E+00 2.62511E+16 2.64375E+16 2.64772E+16 % Xe135
5.24793E+09 5.23748E+09 5.06451E+09 4.87690E+09 % U235
3.41358E+09 3.41318E+09 3.40642E+09 3.39869E+09 % U238
0.00000E+00 8.40754E+05 1.44817E+10 1.34839E+11 % Pu238
0.00000E+00 3.36176E+10 1.13822E+12 2.19489E+12 % Pu239
0.00000E+00 2.67326E+08 1.45941E+11 5.43377E+11 % Pu240
0.00000E+00 5.27733E+08 5.73642E+12 4.44158E+13 % Pu241
0.00000E+00 1.09421E+01 2.31617E+06 3.80257E+07 % Pu242
0.00000E+00 2.61758E+03 5.45267E+08 8.78626E+09 % Am241
0.00000E+00 1.15484E+01 1.07897E+08 3.98829E+09 % Am244
0.00000E+00 7.97144E-03 6.78472E+04 2.52788E+06 % Am245
0.00000E+00 0.00000E+00 0.00000E+00 0.00000E+00 % lost data
8.66151E+09 3.36016E+18 3.73211E+18 3.79077E+18 % total
];

MAT_uco_H = [
0.00000E+00 6.09006E-09 9.97458E-08 1.86415E-07 % H3
0.00000E+00 2.36658E+03 2.38338E+03 2.38696E+03 % Xe135
3.87836E-03 3.87063E-03 3.74280E-03 3.60416E-03 % U235
2.33821E-03 2.33794E-03 2.33331E-03 2.32802E-03 % U238
0.00000E+00 7.52800E-07 1.29667E-02 1.20733E-01 % Pu238
0.00000E+00 2.82302E-02 9.55816E-01 1.84315E+00 % Pu239
0.00000E+00 2.24904E-04 1.22782E-01 4.57149E-01 % Pu240
0.00000E+00 4.52786E-07 4.92175E-03 3.81080E-02 % Pu241
0.00000E+00 8.73411E-12 1.84879E-06 3.03525E-05 % Pu242
0.00000E+00 2.34687E-09 4.88876E-04 7.87760E-03 % Am241
0.00000E+00 2.05142E-12 1.91666E-05 7.08470E-04 % Am244
0.00000E+00 4.02186E-16 3.42312E-09 1.27540E-07 % Am245
0.00000E+00 0.00000E+00 0.00000E+00 0.00000E+00 % lost data
6.21657E-03 1.20235E+06 1.23758E+06 1.23524E+06 % total
];

MAT_uco_SF = [
0.00000E+00 0.00000E+00 0.00000E+00 0.00000E+00 % H3
0.00000E+00 0.00000E+00 0.00000E+00 0.00000E+00 % Xe135
3.77851E-01 3.77098E-01 3.64645E-01 3.51137E-01 % U235
1.86381E+05 1.86360E+05 1.85991E+05 1.85569E+05 % U238
0.00000E+00 1.56380E-03 2.69360E+01 2.50800E+02 % Pu238
0.00000E+00 1.04214E-01 3.52849E+00 6.80417E+00 % Pu239
0.00000E+00 1.52376E+01 8.31864E+03 3.09725E+04 % Pu240
0.00000E+00 0.00000E+00 0.00000E+00 0.00000E+00 % Pu241
0.00000E+00 6.01816E-05 1.27389E+01 2.09141E+02 % Pu242
0.00000E+00 1.12556E-08 2.34465E-03 3.77809E-02 % Am241
0.00000E+00 0.00000E+00 0.00000E+00 0.00000E+00 % Am244
0.00000E+00 0.00000E+00 0.00000E+00 0.00000E+00 % Am245
0.00000E+00 0.00000E+00 0.00000E+00 0.00000E+00 % lost data
1.86382E+05 1.86376E+05 1.95006E+05 2.38759E+05 % total
];

MAT_uco_ING_TOX = [
0.00000E+00 2.80574E-04 4.59538E-03 8.58833E-03 % H3
0.00000E+00 5.51273E+09 5.55188E+09 5.56022E+09 % Xe135
2.46653E+02 2.46161E+02 2.38032E+02 2.29215E+02 % U235
1.53611E+02 1.53593E+02 1.53289E+02 1.52941E+02 % U238
0.00000E+00 1.93374E-01 3.33080E+03 3.10129E+04 % Pu238
0.00000E+00 8.40440E+03 2.84556E+05 5.48723E+05 % Pu239
0.00000E+00 6.68314E+01 3.64852E+04 1.35844E+05 % Pu240
0.00000E+00 2.53312E+00 2.75348E+04 2.13196E+05 % Pu241
0.00000E+00 2.62611E-06 5.55880E-01 9.12617E+00 % Pu242
0.00000E+00 5.23516E-04 1.09053E+02 1.75725E+03 % Am241
0.00000E+00 5.31225E-09 4.96327E-02 1.83461E+00 % Am244
0.00000E+00 4.94229E-13 4.20653E-06 1.56729E-04 % Am245
0.00000E+00 0.00000E+00 0.00000E+00 0.00000E+00 % lost data
4.00264E+02 4.67026E+10 6.22927E+10 6.23369E+10 % total
];

MAT_uco_INH_TOX = [
0.00000E+00 1.73689E-03 2.84476E-02 5.31658E-02 % H3
0.00000E+00 2.88762E+09 2.90813E+09 2.91249E+09 % Xe135
4.46074E+04 4.45186E+04 4.30483E+04 4.14537E+04 % U235
2.73086E+04 2.73055E+04 2.72514E+04 2.71895E+04 % U238
0.00000E+00 9.24830E+01 1.59299E+06 1.48323E+07 % Pu238
0.00000E+00 4.03411E+06 1.36587E+08 2.63387E+08 % Pu239
0.00000E+00 3.20791E+04 1.75129E+07 6.52052E+07 % Pu240
0.00000E+00 1.21379E+03 1.31938E+07 1.02156E+08 % Pu241
0.00000E+00 1.20363E-03 2.54778E+02 4.18283E+03 % Pu242
0.00000E+00 2.51288E-01 5.23456E+04 8.43481E+05 % Am241
0.00000E+00 4.27290E-08 3.99219E-01 1.47567E+01 % Am244
0.00000E+00 4.46401E-13 3.79944E-06 1.41561E-04 % Am245
0.00000E+00 0.00000E+00 0.00000E+00 0.00000E+00 % lost data
7.19160E+04 4.49466E+10 5.99120E+10 6.17883E+10 % total
];

TOT_VOLUME = [ 3.45065E+04 3.45065E+04 3.45065E+04 3.45065E+04 ];

TOT_BURNUP = [ 0.00000E+00 2.94043E-01 5.23395E+00 1.07619E+01 ];

TOT_ADENS = [
0.00000E+00 1.08589E-13 1.77853E-12 3.32390E-12 % H3
0.00000E+00 3.61136E-08 3.63700E-08 3.64246E-08 % Xe135
4.87458E-03 4.86487E-03 4.70421E-03 4.52995E-03 % U235
2.01233E-02 2.01210E-02 2.00811E-02 2.00356E-02 % U238
0.00000E+00 9.72851E-14 1.67571E-09 1.56024E-08 % Pu238
0.00000E+00 1.06940E-06 3.62078E-05 6.98213E-05 % Pu239
0.00000E+00 2.31413E-09 1.26335E-06 4.70379E-06 % Pu240
0.00000E+00 9.95002E-12 1.08156E-07 8.37427E-07 % Pu241
0.00000E+00 5.41385E-15 1.14598E-09 1.88141E-08 % Pu242
0.00000E+00 1.49404E-15 3.11224E-10 5.01496E-09 % Am241
0.00000E+00 1.75557E-23 1.64024E-16 6.06296E-15 % Am244
0.00000E+00 2.45961E-27 2.09345E-20 7.79987E-19 % Am245
0.00000E+00 6.21792E-08 1.11037E-06 2.28939E-06 % lost data
7.04699E-02 7.04774E-02 7.06044E-02 7.07463E-02 % total
];

