
DET1001 = [
    1    1    1    1    1    1    1    1    1    1  4.14418E+18 0.00497 
    2    2    1    1    1    1    1    1    1    1  1.93652E+18 0.00527 
    3    3    1    1    1    1    1    1    1    1  3.33418E+17 0.01020 
];


DET1001E = [
 1.00000E-09  6.25000E-07  3.13000E-07
 6.25000E-07  1.00000E-01  5.00003E-02
 1.00000E-01  2.00000E+01  1.00500E+01
];

DET1002 = [
    1    1    1    1    1    1    1    1    1    1  6.65948E+16 0.01065 
    2    2    1    1    1    1    1    1    1    1  3.08577E+17 0.00567 
    3    3    1    1    1    1    1    1    1    1  1.79151E+17 0.00673 
];


DET1002E = [
 1.00000E-09  6.25000E-07  3.13000E-07
 6.25000E-07  1.00000E-01  5.00003E-02
 1.00000E-01  2.00000E+01  1.00500E+01
];
