
DET1001 = [
    1    1    1    1    1    1    1    1    1    1  5.40450E+18 0.00452 
    2    2    1    1    1    1    1    1    1    1  2.02499E+18 0.00580 
    3    3    1    1    1    1    1    1    1    1  2.07974E+17 0.01208 
];


DET1001E = [
 1.00000E-09  6.25000E-07  3.13000E-07
 6.25000E-07  1.00000E-01  5.00003E-02
 1.00000E-01  2.00000E+01  1.00500E+01
];

DET1002 = [
    1    1    1    1    1    1    1    1    1    1  1.78219E+17 0.00757 
    2    2    1    1    1    1    1    1    1    1  4.08749E+17 0.00512 
    3    3    1    1    1    1    1    1    1    1  1.90818E+17 0.00631 
];


DET1002E = [
 1.00000E-09  6.25000E-07  3.13000E-07
 6.25000E-07  1.00000E-01  5.00003E-02
 1.00000E-01  2.00000E+01  1.00500E+01
];
