
DET1001 = [
    1    1    1    1    1    1    1    1    1    1  5.31942E+18 0.00423 
    2    2    1    1    1    1    1    1    1    1  1.96858E+18 0.00523 
    3    3    1    1    1    1    1    1    1    1  2.00034E+17 0.01097 
];


DET1001E = [
 1.00000E-09  6.25000E-07  3.13000E-07
 6.25000E-07  1.00000E-01  5.00003E-02
 1.00000E-01  2.00000E+01  1.00500E+01
];

DET1002 = [
    1    1    1    1    1    1    1    1    1    1  1.79618E+17 0.00700 
    2    2    1    1    1    1    1    1    1    1  3.98136E+17 0.00463 
    3    3    1    1    1    1    1    1    1    1  1.88160E+17 0.00631 
];


DET1002E = [
 1.00000E-09  6.25000E-07  3.13000E-07
 6.25000E-07  1.00000E-01  5.00003E-02
 1.00000E-01  2.00000E+01  1.00500E+01
];
