
DET1001 = [
    1    1    1    1    1    1    1    1    1    1  5.26432E+18 0.00454 
    2    2    1    1    1    1    1    1    1    1  1.93592E+18 0.00533 
    3    3    1    1    1    1    1    1    1    1  1.93988E+17 0.01150 
];


DET1001E = [
 1.00000E-09  6.25000E-07  3.13000E-07
 6.25000E-07  1.00000E-01  5.00003E-02
 1.00000E-01  2.00000E+01  1.00500E+01
];

DET1002 = [
    1    1    1    1    1    1    1    1    1    1  1.81516E+17 0.00680 
    2    2    1    1    1    1    1    1    1    1  3.87689E+17 0.00482 
    3    3    1    1    1    1    1    1    1    1  1.80610E+17 0.00592 
];


DET1002E = [
 1.00000E-09  6.25000E-07  3.13000E-07
 6.25000E-07  1.00000E-01  5.00003E-02
 1.00000E-01  2.00000E+01  1.00500E+01
];
