
DET1001 = [
    1    1    1    1    1    1    1    1    1    1  5.51211E+18 0.00451 
    2    2    1    1    1    1    1    1    1    1  2.05566E+18 0.00573 
    3    3    1    1    1    1    1    1    1    1  2.10667E+17 0.01083 
];


DET1001E = [
 1.00000E-09  6.25000E-07  3.13000E-07
 6.25000E-07  1.00000E-01  5.00003E-02
 1.00000E-01  2.00000E+01  1.00500E+01
];

DET1002 = [
    1    1    1    1    1    1    1    1    1    1  1.81787E+17 0.00742 
    2    2    1    1    1    1    1    1    1    1  4.24185E+17 0.00505 
    3    3    1    1    1    1    1    1    1    1  1.97989E+17 0.00649 
];


DET1002E = [
 1.00000E-09  6.25000E-07  3.13000E-07
 6.25000E-07  1.00000E-01  5.00003E-02
 1.00000E-01  2.00000E+01  1.00500E+01
];
