
ZAI = [
10030
541350
922350
922380
942380
942390
942400
942410
942420
952410
952440
952450
666
0
];

NAMES = [
'H3              '
'Xe135           '
'U235            '
'U238            '
'Pu238           '
'Pu239           '
'Pu240           '
'Pu241           '
'Pu242           '
'Am241           '
'Am244           '
'Am245           '
'lost            '
'total           '
];

i10030  = 1; iH3               = 1;
i541350 = 2; iXe135            = 2;
i922350 = 3; iU235             = 3;
i922380 = 4; iU238             = 4;
i942380 = 5; iPu238            = 5;
i942390 = 6; iPu239            = 6;
i942400 = 7; iPu240            = 7;
i942410 = 8; iPu241            = 8;
i942420 = 9; iPu242            = 9;
i952410 = 10; iAm241            = 10;
i952440 = 11; iAm244            = 11;
i952450 = 12; iAm245            = 12;
iLOST    = 13;
iTOT     = 14;

MAT_uco_VOLUME = [ 2.43398E+04 2.43398E+04 2.43398E+04 2.43398E+04 ];

MAT_uco_BURNUP = [ 0.00000E+00 4.16842E-01 7.41967E+00 1.52564E+01 ];

MAT_uco_ADENS = [
0.00000E+00 8.32018E-14 1.28990E-12 2.28473E-12 % H3
0.00000E+00 3.84712E-08 3.85913E-08 3.83311E-08 % Xe135
4.31104E-03 4.29759E-03 4.07674E-03 3.84023E-03 % U235
2.06805E-02 2.06775E-02 2.06269E-02 2.05686E-02 % U238
0.00000E+00 9.66198E-14 2.31237E-09 2.23411E-08 % Pu238
0.00000E+00 1.36378E-06 4.37529E-05 7.98670E-05 % Pu239
0.00000E+00 4.37824E-09 2.52766E-06 9.08700E-06 % Pu240
0.00000E+00 1.95578E-11 2.28753E-07 1.67622E-06 % Pu241
0.00000E+00 1.65707E-14 3.91062E-09 6.18875E-08 % Pu242
0.00000E+00 2.87796E-15 6.55070E-10 9.96423E-09 % Am241
0.00000E+00 5.12192E-23 5.59748E-16 1.98747E-14 % Am244
0.00000E+00 1.05043E-26 1.04979E-19 3.74127E-18 % Am245
0.00000E+00 8.80731E-08 1.57523E-06 3.25086E-06 % lost data
7.04520E-02 7.04627E-02 7.06427E-02 7.08439E-02 % total
];

MAT_uco_MDENS = [
0.00000E+00 4.16628E-13 6.45909E-12 1.14407E-11 % H3
0.00000E+00 8.61838E-06 8.64529E-06 8.58701E-06 % Xe135
1.68262E+00 1.67738E+00 1.59118E+00 1.49886E+00 % U235
8.17497E+00 8.17381E+00 8.15379E+00 8.13075E+00 % U238
0.00000E+00 3.81935E-11 9.14071E-07 8.83135E-06 % Pu238
0.00000E+00 5.41369E-04 1.73682E-02 3.17042E-02 % Pu239
0.00000E+00 1.74528E-06 1.00759E-03 3.62231E-03 % Pu240
0.00000E+00 7.82854E-09 9.15645E-05 6.70952E-04 % Pu241
0.00000E+00 6.66064E-12 1.57189E-06 2.48759E-05 % Pu242
0.00000E+00 1.15202E-12 2.62218E-07 3.98859E-06 % Am241
0.00000E+00 2.07584E-20 2.26858E-13 8.05492E-12 % Am244
0.00000E+00 4.27471E-24 4.27212E-17 1.52251E-15 % Am245
0.00000E+00 0.00000E+00 0.00000E+00 0.00000E+00 % lost data
1.10000E+01 1.09999E+01 1.09989E+01 1.09978E+01 % total
];

MAT_uco_A = [
0.00000E+00 3.61043E+06 5.59735E+07 9.91431E+07 % H3
0.00000E+00 1.97255E+16 1.97871E+16 1.96537E+16 % Xe135
3.27377E+09 3.26356E+09 3.09585E+09 2.91624E+09 % U235
2.47449E+09 2.47414E+09 2.46808E+09 2.46111E+09 % U238
0.00000E+00 5.88985E+05 1.40960E+10 1.36189E+11 % Pu238
0.00000E+00 3.02402E+10 9.70169E+11 1.77096E+12 % Pu239
0.00000E+00 3.56753E+08 2.05962E+11 7.40439E+11 % Pu240
0.00000E+00 7.31687E+08 8.55799E+12 6.27099E+13 % Pu241
0.00000E+00 2.36238E+01 5.57514E+06 8.82294E+07 % Pu242
0.00000E+00 3.55661E+03 8.09542E+08 1.23139E+10 % Am241
0.00000E+00 2.37657E+01 2.59723E+08 9.22185E+09 % Am244
0.00000E+00 2.40133E-02 2.39987E+05 8.55273E+06 % Am245
0.00000E+00 0.00000E+00 0.00000E+00 0.00000E+00 % lost data
5.74826E+09 3.31944E+18 3.67441E+18 3.72238E+18 % total
];

MAT_uco_H = [
0.00000E+00 3.29141E-09 5.10276E-08 9.03827E-08 % H3
0.00000E+00 1.77829E+03 1.78384E+03 1.77181E+03 % Xe135
2.41940E-03 2.41185E-03 2.28791E-03 2.15518E-03 % U235
1.69496E-03 1.69472E-03 1.69057E-03 1.68579E-03 % U238
0.00000E+00 5.27369E-07 1.26213E-02 1.21942E-01 % Pu238
0.00000E+00 2.53941E-02 8.14694E-01 1.48715E+00 % Pu239
0.00000E+00 3.00140E-04 1.73278E-01 6.22939E-01 % Pu240
0.00000E+00 6.27775E-07 7.34261E-03 5.38040E-02 % Pu241
0.00000E+00 1.88568E-11 4.45014E-06 7.04257E-05 % Pu242
0.00000E+00 3.18880E-09 7.25821E-04 1.10404E-02 % Am241
0.00000E+00 4.22168E-12 4.61365E-05 1.63815E-03 % Am244
0.00000E+00 1.21155E-15 1.21082E-08 4.31513E-07 % Am245
0.00000E+00 0.00000E+00 0.00000E+00 0.00000E+00 % lost data
4.11436E-03 1.19818E+06 1.22686E+06 1.21905E+06 % total
];

MAT_uco_SF = [
0.00000E+00 0.00000E+00 0.00000E+00 0.00000E+00 % H3
0.00000E+00 0.00000E+00 0.00000E+00 0.00000E+00 % Xe135
2.35711E-01 2.34976E-01 2.22901E-01 2.09969E-01 % U235
1.35107E+05 1.35088E+05 1.34757E+05 1.34376E+05 % U238
0.00000E+00 1.09551E-03 2.62185E+01 2.53312E+02 % Pu238
0.00000E+00 9.37447E-02 3.00752E+00 5.48997E+00 % Pu239
0.00000E+00 2.03349E+01 1.17398E+04 4.22050E+04 % Pu240
0.00000E+00 0.00000E+00 0.00000E+00 0.00000E+00 % Pu241
0.00000E+00 1.29931E-04 3.06633E+01 4.85262E+02 % Pu242
0.00000E+00 1.52934E-08 3.48103E-03 5.29497E-02 % Am241
0.00000E+00 0.00000E+00 0.00000E+00 0.00000E+00 % Am244
0.00000E+00 0.00000E+00 0.00000E+00 0.00000E+00 % Am245
0.00000E+00 0.00000E+00 0.00000E+00 0.00000E+00 % lost data
1.35108E+05 1.35109E+05 1.47962E+05 2.22134E+05 % total
];

MAT_uco_ING_TOX = [
0.00000E+00 1.51638E-04 2.35089E-03 4.16401E-03 % H3
0.00000E+00 4.14236E+09 4.15529E+09 4.12728E+09 % Xe135
1.53867E+02 1.53387E+02 1.45505E+02 1.37063E+02 % U235
1.11352E+02 1.11336E+02 1.11064E+02 1.10750E+02 % U238
0.00000E+00 1.35467E-01 3.24207E+03 3.13235E+04 % Pu238
0.00000E+00 7.56006E+03 2.42542E+05 4.42740E+05 % Pu239
0.00000E+00 8.91882E+01 5.14905E+04 1.85110E+05 % Pu240
0.00000E+00 3.51210E+00 4.10783E+04 3.01008E+05 % Pu241
0.00000E+00 5.66971E-06 1.33803E+00 2.11751E+01 % Pu242
0.00000E+00 7.11323E-04 1.61908E+02 2.46278E+03 % Am241
0.00000E+00 1.09322E-08 1.19473E-01 4.24205E+00 % Am244
0.00000E+00 1.48883E-12 1.48792E-05 5.30269E-04 % Am245
0.00000E+00 0.00000E+00 0.00000E+00 0.00000E+00 % lost data
2.65219E+02 4.52633E+10 6.06823E+10 6.05360E+10 % total
];

MAT_uco_INH_TOX = [
0.00000E+00 9.38713E-04 1.45531E-02 2.57772E-02 % H3
0.00000E+00 2.16981E+09 2.17658E+09 2.16191E+09 % Xe135
2.78270E+04 2.77402E+04 2.63147E+04 2.47880E+04 % U235
1.97959E+04 1.97931E+04 1.97446E+04 1.96888E+04 % U238
0.00000E+00 6.47884E+01 1.55056E+06 1.49808E+07 % Pu238
0.00000E+00 3.62883E+06 1.16420E+08 2.12515E+08 % Pu239
0.00000E+00 4.28104E+04 2.47154E+07 8.88527E+07 % Pu240
0.00000E+00 1.68288E+03 1.96834E+07 1.44233E+08 % Pu241
0.00000E+00 2.59862E-03 6.13265E+02 9.70523E+03 % Pu242
0.00000E+00 3.41435E-01 7.77161E+04 1.18213E+06 % Am241
0.00000E+00 8.79331E-08 9.60975E-01 3.41209E+01 % Am244
0.00000E+00 1.34475E-12 1.34393E-05 4.78953E-04 % Am245
0.00000E+00 0.00000E+00 0.00000E+00 0.00000E+00 % lost data
4.76230E+04 4.41196E+10 5.89760E+10 6.07336E+10 % total
];

TOT_VOLUME = [ 2.43398E+04 2.43398E+04 2.43398E+04 2.43398E+04 ];

TOT_BURNUP = [ 0.00000E+00 4.16842E-01 7.41967E+00 1.52564E+01 ];

TOT_ADENS = [
0.00000E+00 8.32018E-14 1.28990E-12 2.28473E-12 % H3
0.00000E+00 3.84712E-08 3.85913E-08 3.83311E-08 % Xe135
4.31104E-03 4.29759E-03 4.07674E-03 3.84023E-03 % U235
2.06805E-02 2.06775E-02 2.06269E-02 2.05686E-02 % U238
0.00000E+00 9.66198E-14 2.31237E-09 2.23411E-08 % Pu238
0.00000E+00 1.36378E-06 4.37529E-05 7.98670E-05 % Pu239
0.00000E+00 4.37824E-09 2.52766E-06 9.08700E-06 % Pu240
0.00000E+00 1.95578E-11 2.28753E-07 1.67622E-06 % Pu241
0.00000E+00 1.65707E-14 3.91062E-09 6.18875E-08 % Pu242
0.00000E+00 2.87796E-15 6.55070E-10 9.96423E-09 % Am241
0.00000E+00 5.12192E-23 5.59748E-16 1.98747E-14 % Am244
0.00000E+00 1.05043E-26 1.04979E-19 3.74127E-18 % Am245
0.00000E+00 8.80731E-08 1.57523E-06 3.25086E-06 % lost data
7.04520E-02 7.04627E-02 7.06427E-02 7.08439E-02 % total
];

