
DET1001 = [
    1    1    1    1    1    1    1    1    1    1  6.97418E+18 0.00394 
    2    2    1    1    1    1    1    1    1    1  2.15759E+18 0.00526 
    3    3    1    1    1    1    1    1    1    1  3.51318E+17 0.01033 
];


DET1001E = [
 1.00000E-09  6.25000E-07  3.13000E-07
 6.25000E-07  1.00000E-01  5.00003E-02
 1.00000E-01  2.00000E+01  1.00500E+01
];

DET1002 = [
    1    1    1    1    1    1    1    1    1    1  3.04487E+17 0.00614 
    2    2    1    1    1    1    1    1    1    1  4.23213E+17 0.00519 
    3    3    1    1    1    1    1    1    1    1  2.23883E+17 0.00678 
];


DET1002E = [
 1.00000E-09  6.25000E-07  3.13000E-07
 6.25000E-07  1.00000E-01  5.00003E-02
 1.00000E-01  2.00000E+01  1.00500E+01
];
