
DET1001 = [
    1    1    1    1    1    1    1    1    1    1  7.69550E+18 0.00414 
    2    2    1    1    1    1    1    1    1    1  2.30351E+18 0.00556 
    3    3    1    1    1    1    1    1    1    1  3.81672E+17 0.01040 
];


DET1001E = [
 1.00000E-09  6.25000E-07  3.13000E-07
 6.25000E-07  1.00000E-01  5.00003E-02
 1.00000E-01  2.00000E+01  1.00500E+01
];

DET1002 = [
    1    1    1    1    1    1    1    1    1    1  3.40719E+17 0.00584 
    2    2    1    1    1    1    1    1    1    1  4.78089E+17 0.00492 
    3    3    1    1    1    1    1    1    1    1  2.53262E+17 0.00667 
];


DET1002E = [
 1.00000E-09  6.25000E-07  3.13000E-07
 6.25000E-07  1.00000E-01  5.00003E-02
 1.00000E-01  2.00000E+01  1.00500E+01
];
