
DET1001 = [
    1    1    1    1    1    1    1    1    1    1  7.28519E+18 0.00389 
    2    2    1    1    1    1    1    1    1    1  2.24407E+18 0.00545 
    3    3    1    1    1    1    1    1    1    1  3.71192E+17 0.00995 
];


DET1001E = [
 1.00000E-09  6.25000E-07  3.13000E-07
 6.25000E-07  1.00000E-01  5.00003E-02
 1.00000E-01  2.00000E+01  1.00500E+01
];

DET1002 = [
    1    1    1    1    1    1    1    1    1    1  3.15693E+17 0.00599 
    2    2    1    1    1    1    1    1    1    1  4.47521E+17 0.00498 
    3    3    1    1    1    1    1    1    1    1  2.35343E+17 0.00626 
];


DET1002E = [
 1.00000E-09  6.25000E-07  3.13000E-07
 6.25000E-07  1.00000E-01  5.00003E-02
 1.00000E-01  2.00000E+01  1.00500E+01
];
