
ZAI = [
10030
541350
922350
922380
942380
942390
942400
942410
942420
952410
952440
952450
666
0
];

NAMES = [
'H3              '
'Xe135           '
'U235            '
'U238            '
'Pu238           '
'Pu239           '
'Pu240           '
'Pu241           '
'Pu242           '
'Am241           '
'Am244           '
'Am245           '
'lost            '
'total           '
];

i10030  = 1; iH3               = 1;
i541350 = 2; iXe135            = 2;
i922350 = 3; iU235             = 3;
i922380 = 4; iU238             = 4;
i942380 = 5; iPu238            = 5;
i942390 = 6; iPu239            = 6;
i942400 = 7; iPu240            = 7;
i942410 = 8; iPu241            = 8;
i942420 = 9; iPu242            = 9;
i952410 = 10; iAm241            = 10;
i952440 = 11; iAm244            = 11;
i952450 = 12; iAm245            = 12;
iLOST    = 13;
iTOT     = 14;

MAT_uco_VOLUME = [ 1.22080E+04 1.22080E+04 1.22080E+04 1.22080E+04 ];

MAT_uco_BURNUP = [ 0.00000E+00 8.31048E-01 1.47927E+01 3.04166E+01 ];

MAT_uco_ADENS = [
0.00000E+00 1.48628E-13 1.92796E-12 2.87730E-12 % H3
0.00000E+00 4.37209E-08 4.27441E-08 4.03461E-08 % Xe135
3.74777E-03 3.72129E-03 3.29520E-03 2.85420E-03 % U235
2.12374E-02 2.12322E-02 2.11407E-02 2.10325E-02 % U238
0.00000E+00 3.67908E-13 1.32820E-08 1.33000E-07 % Pu238
0.00000E+00 2.39732E-06 6.50176E-05 1.00439E-04 % Pu239
0.00000E+00 1.72423E-08 8.77321E-06 2.67803E-05 % Pu240
0.00000E+00 1.31994E-10 1.33654E-06 7.93414E-06 % Pu241
0.00000E+00 2.64054E-13 5.71936E-08 7.91262E-07 % Pu242
0.00000E+00 1.92161E-14 3.79252E-09 4.54107E-08 % Am241
0.00000E+00 2.31970E-21 2.47147E-14 7.82581E-13 % Am244
0.00000E+00 1.11821E-24 1.09432E-17 3.63907E-16 % Am245
0.00000E+00 1.75543E-07 3.15677E-06 6.52148E-06 % lost data
7.04339E-02 7.04553E-02 7.08147E-02 7.12148E-02 % total
];

MAT_uco_MDENS = [
0.00000E+00 7.44246E-13 9.65413E-12 1.44079E-11 % H3
0.00000E+00 9.79443E-06 9.57562E-06 9.03840E-06 % Xe135
1.46278E+00 1.45244E+00 1.28614E+00 1.11401E+00 % U235
8.39511E+00 8.39305E+00 8.35691E+00 8.31412E+00 % U238
0.00000E+00 1.45433E-10 5.25035E-06 5.25743E-05 % Pu238
0.00000E+00 9.51644E-04 2.58095E-02 3.98703E-02 % Pu239
0.00000E+00 6.87324E-06 3.49723E-03 1.06753E-02 % Pu240
0.00000E+00 5.28342E-08 5.34988E-04 3.17586E-03 % Pu241
0.00000E+00 1.06137E-10 2.29892E-05 3.18051E-04 % Pu242
0.00000E+00 7.69203E-12 1.51811E-06 1.81775E-05 % Am241
0.00000E+00 9.40141E-19 1.00165E-11 3.17169E-10 % Am244
0.00000E+00 4.55053E-22 4.45333E-15 1.48092E-13 % Am245
0.00000E+00 0.00000E+00 0.00000E+00 0.00000E+00 % lost data
1.10000E+01 1.09999E+01 1.09978E+01 1.09956E+01 % total
];

MAT_uco_A = [
0.00000E+00 3.23487E+06 4.19618E+07 6.26240E+07 % H3
0.00000E+00 1.12437E+16 1.09926E+16 1.03758E+16 % Xe135
1.42747E+09 1.41739E+09 1.25510E+09 1.08713E+09 % U235
1.27455E+09 1.27423E+09 1.26875E+09 1.26225E+09 % U238
0.00000E+00 1.12488E+06 4.06099E+10 4.06647E+11 % Pu238
0.00000E+00 2.66622E+10 7.23104E+11 1.11705E+12 % Pu239
0.00000E+00 7.04683E+08 3.58556E+11 1.09449E+12 % Pu240
0.00000E+00 2.47679E+09 2.50794E+13 1.48879E+14 % Pu241
0.00000E+00 1.88813E+02 4.08965E+07 5.65796E+08 % Pu242
0.00000E+00 1.19110E+04 2.35076E+09 2.81474E+10 % Am241
0.00000E+00 5.39857E+02 5.75179E+09 1.82128E+11 % Am244
0.00000E+00 1.28214E+00 1.25476E+07 4.17258E+08 % Am245
0.00000E+00 0.00000E+00 0.00000E+00 0.00000E+00 % lost data
2.70202E+09 3.27462E+18 3.56851E+18 3.57483E+18 % total
];

MAT_uco_H = [
0.00000E+00 2.94903E-09 3.82540E-08 5.70905E-08 % H3
0.00000E+00 1.01364E+03 9.90997E+02 9.35399E+02 % Xe135
1.05494E-03 1.04749E-03 9.27549E-04 8.03415E-04 % U235
8.73031E-04 8.72817E-04 8.69059E-04 8.64609E-04 % U238
0.00000E+00 1.00720E-06 3.63616E-02 3.64107E-01 % Pu238
0.00000E+00 2.23894E-02 6.07223E-01 9.38033E-01 % Pu239
0.00000E+00 5.92857E-04 3.01657E-01 9.20808E-01 % Pu240
0.00000E+00 2.12504E-06 2.15177E-02 1.27736E-01 % Pu241
0.00000E+00 1.50712E-10 3.26441E-05 4.51624E-04 % Pu242
0.00000E+00 1.06791E-08 2.10765E-03 2.52365E-02 % Am241
0.00000E+00 9.58988E-11 1.02173E-03 3.23527E-02 % Am244
0.00000E+00 6.46883E-14 6.33067E-07 2.10521E-05 % Am245
0.00000E+00 0.00000E+00 0.00000E+00 0.00000E+00 % lost data
1.92797E-03 1.19322E+06 1.19451E+06 1.16654E+06 % total
];

MAT_uco_SF = [
0.00000E+00 0.00000E+00 0.00000E+00 0.00000E+00 % H3
0.00000E+00 0.00000E+00 0.00000E+00 0.00000E+00 % Xe135
1.02778E-01 1.02052E-01 9.03669E-02 7.82731E-02 % U235
6.95902E+04 6.95731E+04 6.92736E+04 6.89189E+04 % U238
0.00000E+00 2.09228E-03 7.55345E+01 7.56364E+02 % Pu238
0.00000E+00 8.26528E-02 2.24162E+00 3.46284E+00 % Pu239
0.00000E+00 4.01669E+01 2.04377E+04 6.23861E+04 % Pu240
0.00000E+00 0.00000E+00 0.00000E+00 0.00000E+00 % Pu241
0.00000E+00 1.03847E-03 2.24931E+02 3.11188E+03 % Pu242
0.00000E+00 5.12171E-08 1.01083E-02 1.21034E-01 % Am241
0.00000E+00 0.00000E+00 0.00000E+00 0.00000E+00 % Am244
0.00000E+00 0.00000E+00 0.00000E+00 0.00000E+00 % Am245
0.00000E+00 0.00000E+00 0.00000E+00 0.00000E+00 % lost data
6.95903E+04 6.96135E+04 9.97654E+04 4.04933E+05 % total
];

MAT_uco_ING_TOX = [
0.00000E+00 1.35865E-04 1.76239E-03 2.63021E-03 % H3
0.00000E+00 2.36119E+09 2.30844E+09 2.17893E+09 % Xe135
6.70912E+01 6.66172E+01 5.89895E+01 5.10949E+01 % U235
5.73546E+01 5.73405E+01 5.70936E+01 5.68013E+01 % U238
0.00000E+00 2.58722E-01 9.34028E+03 9.35289E+04 % Pu238
0.00000E+00 6.66555E+03 1.80776E+05 2.79261E+05 % Pu239
0.00000E+00 1.76171E+02 8.96389E+04 2.73623E+05 % Pu240
0.00000E+00 1.18886E+01 1.20381E+05 7.14621E+05 % Pu241
0.00000E+00 4.53151E-05 9.81517E+00 1.35791E+02 % Pu242
0.00000E+00 2.38219E-03 4.70152E+02 5.62949E+03 % Am241
0.00000E+00 2.48334E-07 2.64582E+00 8.37788E+01 % Am244
0.00000E+00 7.94928E-11 7.77950E-04 2.58700E-02 % Am245
0.00000E+00 0.00000E+00 0.00000E+00 0.00000E+00 % lost data
1.24446E+02 4.34159E+10 5.78987E+10 5.68350E+10 % total
];

MAT_uco_INH_TOX = [
0.00000E+00 8.41067E-04 1.09101E-02 1.62823E-02 % H3
0.00000E+00 1.23681E+09 1.20918E+09 1.14134E+09 % Xe135
1.21335E+04 1.20478E+04 1.06683E+04 9.24057E+03 % U235
1.01964E+04 1.01939E+04 1.01500E+04 1.00980E+04 % U238
0.00000E+00 1.23737E+02 4.46709E+06 4.47312E+07 % Pu238
0.00000E+00 3.19946E+06 8.67725E+07 1.34045E+08 % Pu239
0.00000E+00 8.45619E+04 4.30267E+07 1.31339E+08 % Pu240
0.00000E+00 5.69662E+03 5.76827E+07 3.42423E+08 % Pu241
0.00000E+00 2.07694E-02 4.49862E+03 6.22375E+04 % Pu242
0.00000E+00 1.14345E+00 2.25673E+05 2.70215E+06 % Am241
0.00000E+00 1.99747E-06 2.12816E+01 6.73873E+02 % Am244
0.00000E+00 7.18000E-11 7.02664E-04 2.33665E-02 % Am245
0.00000E+00 0.00000E+00 0.00000E+00 0.00000E+00 % lost data
2.23299E+04 4.31148E+10 5.72545E+10 5.83918E+10 % total
];

TOT_VOLUME = [ 1.22080E+04 1.22080E+04 1.22080E+04 1.22080E+04 ];

TOT_BURNUP = [ 0.00000E+00 8.31048E-01 1.47927E+01 3.04166E+01 ];

TOT_ADENS = [
0.00000E+00 1.48628E-13 1.92796E-12 2.87730E-12 % H3
0.00000E+00 4.37209E-08 4.27441E-08 4.03461E-08 % Xe135
3.74777E-03 3.72129E-03 3.29520E-03 2.85420E-03 % U235
2.12374E-02 2.12322E-02 2.11407E-02 2.10325E-02 % U238
0.00000E+00 3.67908E-13 1.32820E-08 1.33000E-07 % Pu238
0.00000E+00 2.39732E-06 6.50176E-05 1.00439E-04 % Pu239
0.00000E+00 1.72423E-08 8.77321E-06 2.67803E-05 % Pu240
0.00000E+00 1.31994E-10 1.33654E-06 7.93414E-06 % Pu241
0.00000E+00 2.64054E-13 5.71936E-08 7.91262E-07 % Pu242
0.00000E+00 1.92161E-14 3.79252E-09 4.54107E-08 % Am241
0.00000E+00 2.31970E-21 2.47147E-14 7.82581E-13 % Am244
0.00000E+00 1.11821E-24 1.09432E-17 3.63907E-16 % Am245
0.00000E+00 1.75543E-07 3.15677E-06 6.52148E-06 % lost data
7.04339E-02 7.04553E-02 7.08147E-02 7.12148E-02 % total
];

