
DET1001 = [
    1    1    1    1    1    1    1    1    1    1  6.81206E+18 0.00392 
    2    2    1    1    1    1    1    1    1    1  2.08209E+18 0.00543 
    3    3    1    1    1    1    1    1    1    1  3.42784E+17 0.01017 
];


DET1001E = [
 1.00000E-09  6.25000E-07  3.13000E-07
 6.25000E-07  1.00000E-01  5.00003E-02
 1.00000E-01  2.00000E+01  1.00500E+01
];

DET1002 = [
    1    1    1    1    1    1    1    1    1    1  3.04436E+17 0.00602 
    2    2    1    1    1    1    1    1    1    1  4.08571E+17 0.00496 
    3    3    1    1    1    1    1    1    1    1  2.16151E+17 0.00613 
];


DET1002E = [
 1.00000E-09  6.25000E-07  3.13000E-07
 6.25000E-07  1.00000E-01  5.00003E-02
 1.00000E-01  2.00000E+01  1.00500E+01
];
