
DET1001 = [
    1    1    1    1    1    1    1    1    1    1  4.06022E+18 0.00455 
    2    2    1    1    1    1    1    1    1    1  1.75349E+18 0.00580 
    3    3    1    1    1    1    1    1    1    1  1.88153E+17 0.01165 
];


DET1001E = [
 1.00000E-09  6.25000E-07  3.13000E-07
 6.25000E-07  1.00000E-01  5.00003E-02
 1.00000E-01  2.00000E+01  1.00500E+01
];

DET1002 = [
    1    1    1    1    1    1    1    1    1    1  8.49699E+16 0.00988 
    2    2    1    1    1    1    1    1    1    1  3.32856E+17 0.00514 
    3    3    1    1    1    1    1    1    1    1  1.67011E+17 0.00658 
];


DET1002E = [
 1.00000E-09  6.25000E-07  3.13000E-07
 6.25000E-07  1.00000E-01  5.00003E-02
 1.00000E-01  2.00000E+01  1.00500E+01
];
