
ZAI = [
10030
541350
922350
922380
942380
942390
942400
942410
942420
952410
952440
952450
666
0
];

NAMES = [
'H3              '
'Xe135           '
'U235            '
'U238            '
'Pu238           '
'Pu239           '
'Pu240           '
'Pu241           '
'Pu242           '
'Am241           '
'Am244           '
'Am245           '
'lost            '
'total           '
];

i10030  = 1; iH3               = 1;
i541350 = 2; iXe135            = 2;
i922350 = 3; iU235             = 3;
i922380 = 4; iU238             = 4;
i942380 = 5; iPu238            = 5;
i942390 = 6; iPu239            = 6;
i942400 = 7; iPu240            = 7;
i942410 = 8; iPu241            = 8;
i942420 = 9; iPu242            = 9;
i952410 = 10; iAm241            = 10;
i952440 = 11; iAm244            = 11;
i952450 = 12; iAm245            = 12;
iLOST    = 13;
iTOT     = 14;

MAT_uco_VOLUME = [ 2.80295E+04 2.80295E+04 2.80295E+04 2.80295E+04 ];

MAT_uco_BURNUP = [ 0.00000E+00 3.61981E-01 6.44327E+00 1.32486E+01 ];

MAT_uco_ADENS = [
0.00000E+00 1.03231E-13 1.66063E-12 3.02476E-12 % H3
0.00000E+00 4.01480E-08 4.03981E-08 4.03633E-08 % Xe135
4.87458E-03 4.86271E-03 4.66686E-03 4.45545E-03 % U235
2.01233E-02 2.01206E-02 2.00739E-02 2.00203E-02 % U238
0.00000E+00 1.06647E-13 2.24855E-09 2.14961E-08 % Pu238
0.00000E+00 1.25658E-06 4.16706E-05 7.88727E-05 % Pu239
0.00000E+00 3.24626E-09 1.79121E-06 6.55838E-06 % Pu240
0.00000E+00 1.49343E-11 1.65802E-07 1.25871E-06 % Pu241
0.00000E+00 9.67346E-15 2.11245E-09 3.41487E-08 % Pu242
0.00000E+00 2.22886E-15 4.76511E-10 7.51874E-09 % Am241
0.00000E+00 3.46539E-23 3.28865E-16 1.22986E-14 % Am244
0.00000E+00 5.60911E-27 4.81035E-20 1.81721E-18 % Am245
0.00000E+00 7.65197E-08 1.36723E-06 2.82011E-06 % lost data
7.04699E-02 7.04792E-02 7.06355E-02 7.08102E-02 % total
];

MAT_uco_MDENS = [
0.00000E+00 5.16924E-13 8.31549E-12 1.51463E-11 % H3
0.00000E+00 8.99404E-06 9.05005E-06 9.04226E-06 % Xe135
1.90258E+00 1.89795E+00 1.82150E+00 1.73899E+00 % U235
7.95473E+00 7.95365E+00 7.93520E+00 7.91399E+00 % U238
0.00000E+00 4.21574E-11 8.88846E-07 8.49734E-06 % Pu238
0.00000E+00 4.98814E-04 1.65417E-02 3.13095E-02 % Pu239
0.00000E+00 1.29404E-06 7.14023E-04 2.61434E-03 % Pu240
0.00000E+00 5.97788E-09 6.63667E-05 5.03834E-04 % Pu241
0.00000E+00 3.88829E-12 8.49109E-07 1.37262E-05 % Pu242
0.00000E+00 8.92192E-13 1.90743E-07 3.00968E-06 % Am241
0.00000E+00 1.40447E-20 1.33284E-13 4.98445E-12 % Am244
0.00000E+00 2.28262E-24 1.95757E-17 7.39513E-16 % Am245
0.00000E+00 0.00000E+00 0.00000E+00 0.00000E+00 % lost data
1.10000E+01 1.09999E+01 1.09991E+01 1.09981E+01 % total
];

MAT_uco_A = [
0.00000E+00 5.15866E+06 8.29847E+07 1.51153E+08 % H3
0.00000E+00 2.37059E+16 2.38535E+16 2.38330E+16 % Xe135
4.26287E+09 4.25249E+09 4.08122E+09 3.89634E+09 % U235
2.77283E+09 2.77246E+09 2.76603E+09 2.75864E+09 % U238
0.00000E+00 7.48665E+05 1.57849E+10 1.50903E+11 % Pu238
0.00000E+00 3.20870E+10 1.06407E+12 2.01403E+12 % Pu239
0.00000E+00 3.04614E+08 1.68079E+11 6.15409E+11 % Pu240
0.00000E+00 6.43414E+08 7.14321E+12 5.42289E+13 % Pu241
0.00000E+00 1.58815E+01 3.46814E+06 5.60640E+07 % Pu242
0.00000E+00 3.17200E+03 6.78147E+08 1.07003E+10 % Am241
0.00000E+00 1.85169E+01 1.75725E+08 6.57163E+09 % Am244
0.00000E+00 1.47665E-02 1.26637E+05 4.78398E+06 % Am245
0.00000E+00 0.00000E+00 0.00000E+00 0.00000E+00 % lost data
7.03571E+09 3.34211E+18 3.70726E+18 3.76390E+18 % total
];

MAT_uco_H = [
0.00000E+00 4.70283E-09 7.56520E-08 1.37797E-07 % H3
0.00000E+00 2.13712E+03 2.15043E+03 2.14858E+03 % Xe135
3.15038E-03 3.14270E-03 3.01613E-03 2.87950E-03 % U235
1.89932E-03 1.89906E-03 1.89466E-03 1.88960E-03 % U238
0.00000E+00 6.70345E-07 1.41335E-02 1.35116E-01 % Pu238
0.00000E+00 2.69449E-02 8.93547E-01 1.69127E+00 % Pu239
0.00000E+00 2.56275E-04 1.41407E-01 5.17750E-01 % Pu240
0.00000E+00 5.52038E-07 6.12875E-03 4.65275E-02 % Pu241
0.00000E+00 1.26768E-11 2.76830E-06 4.47509E-05 % Pu242
0.00000E+00 2.84396E-09 6.08014E-04 9.59369E-03 % Am241
0.00000E+00 3.28930E-12 3.12154E-05 1.16737E-03 % Am244
0.00000E+00 7.45020E-16 6.38925E-09 2.41368E-07 % Am245
0.00000E+00 0.00000E+00 0.00000E+00 0.00000E+00 % lost data
5.04970E-03 1.20050E+06 1.23331E+06 1.22920E+06 % total
];

MAT_uco_SF = [
0.00000E+00 0.00000E+00 0.00000E+00 0.00000E+00 % H3
0.00000E+00 0.00000E+00 0.00000E+00 0.00000E+00 % Xe135
3.06927E-01 3.06180E-01 2.93848E-01 2.80536E-01 % U235
1.51397E+05 1.51376E+05 1.51025E+05 1.50622E+05 % U238
0.00000E+00 1.39252E-03 2.93598E+01 2.80679E+02 % Pu238
0.00000E+00 9.94697E-02 3.29862E+00 6.24350E+00 % Pu239
0.00000E+00 1.73630E+01 9.58052E+03 3.50783E+04 % Pu240
0.00000E+00 0.00000E+00 0.00000E+00 0.00000E+00 % Pu241
0.00000E+00 8.73481E-05 1.90747E+01 3.08352E+02 % Pu242
0.00000E+00 1.36396E-08 2.91603E-03 4.60113E-02 % Am241
0.00000E+00 0.00000E+00 0.00000E+00 0.00000E+00 % Am244
0.00000E+00 0.00000E+00 0.00000E+00 0.00000E+00 % Am245
0.00000E+00 0.00000E+00 0.00000E+00 0.00000E+00 % lost data
1.51397E+05 1.51394E+05 1.61603E+05 2.17353E+05 % total
];

MAT_uco_ING_TOX = [
0.00000E+00 2.16664E-04 3.48536E-03 6.34843E-03 % H3
0.00000E+00 4.97824E+09 5.00924E+09 5.00492E+09 % Xe135
2.00355E+02 1.99867E+02 1.91817E+02 1.83128E+02 % U235
1.24778E+02 1.24761E+02 1.24471E+02 1.24139E+02 % U238
0.00000E+00 1.72193E-01 3.63052E+03 3.47076E+04 % Pu238
0.00000E+00 8.02175E+03 2.66017E+05 5.03508E+05 % Pu239
0.00000E+00 7.61536E+01 4.20198E+04 1.53852E+05 % Pu240
0.00000E+00 3.08839E+00 3.42874E+04 2.60299E+05 % Pu241
0.00000E+00 3.81156E-06 8.32353E-01 1.34554E+01 % Pu242
0.00000E+00 6.34400E-04 1.35629E+02 2.14006E+03 % Am241
0.00000E+00 8.51779E-09 8.08337E-02 3.02295E+00 % Am244
0.00000E+00 9.15524E-13 7.85149E-06 2.96607E-04 % Am245
0.00000E+00 0.00000E+00 0.00000E+00 0.00000E+00 % lost data
3.25133E+02 4.61374E+10 6.16691E+10 6.16575E+10 % total
];

MAT_uco_INH_TOX = [
0.00000E+00 1.34125E-03 2.15760E-02 3.92998E-02 % H3
0.00000E+00 2.60765E+09 2.62389E+09 2.62163E+09 % Xe135
3.62344E+04 3.61462E+04 3.46904E+04 3.31189E+04 % U235
2.21827E+04 2.21797E+04 2.21282E+04 2.20691E+04 % U238
0.00000E+00 8.23531E+01 1.73633E+06 1.65993E+07 % Pu238
0.00000E+00 3.85044E+06 1.27688E+08 2.41684E+08 % Pu239
0.00000E+00 3.65537E+04 2.01695E+07 7.38491E+07 % Pu240
0.00000E+00 1.47985E+03 1.64294E+07 1.24727E+08 % Pu241
0.00000E+00 1.74696E-03 3.81495E+02 6.16704E+03 % Pu242
0.00000E+00 3.04512E-01 6.51021E+04 1.02723E+06 % Am241
0.00000E+00 6.85126E-08 6.50184E-01 2.43150E+01 % Am244
0.00000E+00 8.26925E-13 7.09167E-06 2.67903E-04 % Am245
0.00000E+00 0.00000E+00 0.00000E+00 0.00000E+00 % lost data
5.84171E+04 4.46168E+10 5.95465E+10 6.14014E+10 % total
];

TOT_VOLUME = [ 2.80295E+04 2.80295E+04 2.80295E+04 2.80295E+04 ];

TOT_BURNUP = [ 0.00000E+00 3.61981E-01 6.44327E+00 1.32486E+01 ];

TOT_ADENS = [
0.00000E+00 1.03231E-13 1.66063E-12 3.02476E-12 % H3
0.00000E+00 4.01480E-08 4.03981E-08 4.03633E-08 % Xe135
4.87458E-03 4.86271E-03 4.66686E-03 4.45545E-03 % U235
2.01233E-02 2.01206E-02 2.00739E-02 2.00203E-02 % U238
0.00000E+00 1.06647E-13 2.24855E-09 2.14961E-08 % Pu238
0.00000E+00 1.25658E-06 4.16706E-05 7.88727E-05 % Pu239
0.00000E+00 3.24626E-09 1.79121E-06 6.55838E-06 % Pu240
0.00000E+00 1.49343E-11 1.65802E-07 1.25871E-06 % Pu241
0.00000E+00 9.67346E-15 2.11245E-09 3.41487E-08 % Pu242
0.00000E+00 2.22886E-15 4.76511E-10 7.51874E-09 % Am241
0.00000E+00 3.46539E-23 3.28865E-16 1.22986E-14 % Am244
0.00000E+00 5.60911E-27 4.81035E-20 1.81721E-18 % Am245
0.00000E+00 7.65197E-08 1.36723E-06 2.82011E-06 % lost data
7.04699E-02 7.04792E-02 7.06355E-02 7.08102E-02 % total
];

