
DET1001 = [
    1    1    1    1    1    1    1    1    1    1  4.02175E+18 0.00496 
    2    2    1    1    1    1    1    1    1    1  1.74835E+18 0.00606 
    3    3    1    1    1    1    1    1    1    1  1.81640E+17 0.01127 
];


DET1001E = [
 1.00000E-09  6.25000E-07  3.13000E-07
 6.25000E-07  1.00000E-01  5.00003E-02
 1.00000E-01  2.00000E+01  1.00500E+01
];

DET1002 = [
    1    1    1    1    1    1    1    1    1    1  8.54497E+16 0.00987 
    2    2    1    1    1    1    1    1    1    1  3.23627E+17 0.00514 
    3    3    1    1    1    1    1    1    1    1  1.62295E+17 0.00644 
];


DET1002E = [
 1.00000E-09  6.25000E-07  3.13000E-07
 6.25000E-07  1.00000E-01  5.00003E-02
 1.00000E-01  2.00000E+01  1.00500E+01
];
