
DET1001 = [
    1    1    1    1    1    1    1    1    1    1  4.12310E+18 0.00481 
    2    2    1    1    1    1    1    1    1    1  1.80536E+18 0.00578 
    3    3    1    1    1    1    1    1    1    1  1.88797E+17 0.01165 
];


DET1001E = [
 1.00000E-09  6.25000E-07  3.13000E-07
 6.25000E-07  1.00000E-01  5.00003E-02
 1.00000E-01  2.00000E+01  1.00500E+01
];

DET1002 = [
    1    1    1    1    1    1    1    1    1    1  8.42215E+16 0.00910 
    2    2    1    1    1    1    1    1    1    1  3.40279E+17 0.00513 
    3    3    1    1    1    1    1    1    1    1  1.72507E+17 0.00641 
];


DET1002E = [
 1.00000E-09  6.25000E-07  3.13000E-07
 6.25000E-07  1.00000E-01  5.00003E-02
 1.00000E-01  2.00000E+01  1.00500E+01
];
