
DET1001 = [
    1    1    1    1    1    1    1    1    1    1  4.19592E+18 0.00501 
    2    2    1    1    1    1    1    1    1    1  1.82784E+18 0.00574 
    3    3    1    1    1    1    1    1    1    1  1.93468E+17 0.01251 
];


DET1001E = [
 1.00000E-09  6.25000E-07  3.13000E-07
 6.25000E-07  1.00000E-01  5.00003E-02
 1.00000E-01  2.00000E+01  1.00500E+01
];

DET1002 = [
    1    1    1    1    1    1    1    1    1    1  8.67541E+16 0.00970 
    2    2    1    1    1    1    1    1    1    1  3.50979E+17 0.00525 
    3    3    1    1    1    1    1    1    1    1  1.78153E+17 0.00665 
];


DET1002E = [
 1.00000E-09  6.25000E-07  3.13000E-07
 6.25000E-07  1.00000E-01  5.00003E-02
 1.00000E-01  2.00000E+01  1.00500E+01
];
