
DET1001 = [
    1    1    1    1    1    1    1    1    1    1  4.36685E+18 0.00456 
    2    2    1    1    1    1    1    1    1    1  1.80874E+18 0.00536 
    3    3    1    1    1    1    1    1    1    1  1.62321E+17 0.01185 
];


DET1001E = [
 1.00000E-09  6.25000E-07  3.13000E-07
 6.25000E-07  1.00000E-01  5.00003E-02
 1.00000E-01  2.00000E+01  1.00500E+01
];

DET1002 = [
    1    1    1    1    1    1    1    1    1    1  1.22696E+17 0.00806 
    2    2    1    1    1    1    1    1    1    1  3.68759E+17 0.00476 
    3    3    1    1    1    1    1    1    1    1  1.69300E+17 0.00588 
];


DET1002E = [
 1.00000E-09  6.25000E-07  3.13000E-07
 6.25000E-07  1.00000E-01  5.00003E-02
 1.00000E-01  2.00000E+01  1.00500E+01
];
