
DET1001 = [
    1    1    1    1    1    1    1    1    1    1  4.39463E+18 0.00483 
    2    2    1    1    1    1    1    1    1    1  1.84058E+18 0.00591 
    3    3    1    1    1    1    1    1    1    1  1.65900E+17 0.01209 
];


DET1001E = [
 1.00000E-09  6.25000E-07  3.13000E-07
 6.25000E-07  1.00000E-01  5.00003E-02
 1.00000E-01  2.00000E+01  1.00500E+01
];

DET1002 = [
    1    1    1    1    1    1    1    1    1    1  1.19825E+17 0.00848 
    2    2    1    1    1    1    1    1    1    1  3.73882E+17 0.00484 
    3    3    1    1    1    1    1    1    1    1  1.73598E+17 0.00632 
];


DET1002E = [
 1.00000E-09  6.25000E-07  3.13000E-07
 6.25000E-07  1.00000E-01  5.00003E-02
 1.00000E-01  2.00000E+01  1.00500E+01
];
