
DET1001 = [
    1    1    1    1    1    1    1    1    1    1  4.42550E+18 0.00496 
    2    2    1    1    1    1    1    1    1    1  1.88265E+18 0.00585 
    3    3    1    1    1    1    1    1    1    1  1.70167E+17 0.01218 
];


DET1001E = [
 1.00000E-09  6.25000E-07  3.13000E-07
 6.25000E-07  1.00000E-01  5.00003E-02
 1.00000E-01  2.00000E+01  1.00500E+01
];

DET1002 = [
    1    1    1    1    1    1    1    1    1    1  1.18169E+17 0.00858 
    2    2    1    1    1    1    1    1    1    1  3.95031E+17 0.00504 
    3    3    1    1    1    1    1    1    1    1  1.83410E+17 0.00642 
];


DET1002E = [
 1.00000E-09  6.25000E-07  3.13000E-07
 6.25000E-07  1.00000E-01  5.00003E-02
 1.00000E-01  2.00000E+01  1.00500E+01
];
