
DET1001 = [
    1    1    1    1    1    1    1    1    1    1  4.43568E+18 0.00491 
    2    2    1    1    1    1    1    1    1    1  1.86932E+18 0.00511 
    3    3    1    1    1    1    1    1    1    1  1.64756E+17 0.01229 
];


DET1001E = [
 1.00000E-09  6.25000E-07  3.13000E-07
 6.25000E-07  1.00000E-01  5.00003E-02
 1.00000E-01  2.00000E+01  1.00500E+01
];

DET1002 = [
    1    1    1    1    1    1    1    1    1    1  1.19126E+17 0.00875 
    2    2    1    1    1    1    1    1    1    1  3.83484E+17 0.00462 
    3    3    1    1    1    1    1    1    1    1  1.79506E+17 0.00637 
];


DET1002E = [
 1.00000E-09  6.25000E-07  3.13000E-07
 6.25000E-07  1.00000E-01  5.00003E-02
 1.00000E-01  2.00000E+01  1.00500E+01
];
