
DET1001 = [
    1    1    1    1    1    1    1    1    1    1  4.10646E+18 0.00460 
    2    2    1    1    1    1    1    1    1    1  1.60147E+18 0.00597 
    3    3    1    1    1    1    1    1    1    1  1.46132E+17 0.01261 
];


DET1001E = [
 1.00000E-09  6.25000E-07  3.13000E-07
 6.25000E-07  1.00000E-01  5.00003E-02
 1.00000E-01  2.00000E+01  1.00500E+01
];

DET1002 = [
    1    1    1    1    1    1    1    1    1    1  1.33562E+17 0.00787 
    2    2    1    1    1    1    1    1    1    1  3.49354E+17 0.00493 
    3    3    1    1    1    1    1    1    1    1  1.65761E+17 0.00634 
];


DET1002E = [
 1.00000E-09  6.25000E-07  3.13000E-07
 6.25000E-07  1.00000E-01  5.00003E-02
 1.00000E-01  2.00000E+01  1.00500E+01
];
