
DET1001 = [
    1    1    1    1    1    1    1    1    1    1  4.22014E+18 0.00442 
    2    2    1    1    1    1    1    1    1    1  1.65502E+18 0.00590 
    3    3    1    1    1    1    1    1    1    1  1.52667E+17 0.01196 
];


DET1001E = [
 1.00000E-09  6.25000E-07  3.13000E-07
 6.25000E-07  1.00000E-01  5.00003E-02
 1.00000E-01  2.00000E+01  1.00500E+01
];

DET1002 = [
    1    1    1    1    1    1    1    1    1    1  1.34225E+17 0.00820 
    2    2    1    1    1    1    1    1    1    1  3.74234E+17 0.00498 
    3    3    1    1    1    1    1    1    1    1  1.75015E+17 0.00589 
];


DET1002E = [
 1.00000E-09  6.25000E-07  3.13000E-07
 6.25000E-07  1.00000E-01  5.00003E-02
 1.00000E-01  2.00000E+01  1.00500E+01
];
