
DET1001 = [
    1    1    1    1    1    1    1    1    1    1  4.17788E+18 0.00493 
    2    2    1    1    1    1    1    1    1    1  1.63931E+18 0.00602 
    3    3    1    1    1    1    1    1    1    1  1.51038E+17 0.01116 
];


DET1001E = [
 1.00000E-09  6.25000E-07  3.13000E-07
 6.25000E-07  1.00000E-01  5.00003E-02
 1.00000E-01  2.00000E+01  1.00500E+01
];

DET1002 = [
    1    1    1    1    1    1    1    1    1    1  1.34862E+17 0.00779 
    2    2    1    1    1    1    1    1    1    1  3.59593E+17 0.00486 
    3    3    1    1    1    1    1    1    1    1  1.68115E+17 0.00616 
];


DET1002E = [
 1.00000E-09  6.25000E-07  3.13000E-07
 6.25000E-07  1.00000E-01  5.00003E-02
 1.00000E-01  2.00000E+01  1.00500E+01
];
