
DET1001 = [
    1    1    1    1    1    1    1    1    1    1  5.00519E+18 0.00464 
    2    2    1    1    1    1    1    1    1    1  2.25006E+18 0.00503 
    3    3    1    1    1    1    1    1    1    1  3.78731E+17 0.00999 
];


DET1001E = [
 1.00000E-09  6.25000E-07  3.13000E-07
 6.25000E-07  1.00000E-01  5.00003E-02
 1.00000E-01  2.00000E+01  1.00500E+01
];

DET1002 = [
    1    1    1    1    1    1    1    1    1    1  1.01509E+17 0.00952 
    2    2    1    1    1    1    1    1    1    1  3.71758E+17 0.00516 
    3    3    1    1    1    1    1    1    1    1  2.07871E+17 0.00645 
];


DET1002E = [
 1.00000E-09  6.25000E-07  3.13000E-07
 6.25000E-07  1.00000E-01  5.00003E-02
 1.00000E-01  2.00000E+01  1.00500E+01
];
