
DET1001 = [
    1    1    1    1    1    1    1    1    1    1  4.76852E+18 0.00453 
    2    2    1    1    1    1    1    1    1    1  2.09213E+18 0.00526 
    3    3    1    1    1    1    1    1    1    1  3.59110E+17 0.01032 
];


DET1001E = [
 1.00000E-09  6.25000E-07  3.13000E-07
 6.25000E-07  1.00000E-01  5.00003E-02
 1.00000E-01  2.00000E+01  1.00500E+01
];

DET1002 = [
    1    1    1    1    1    1    1    1    1    1  1.03810E+17 0.00857 
    2    2    1    1    1    1    1    1    1    1  3.44030E+17 0.00506 
    3    3    1    1    1    1    1    1    1    1  1.90170E+17 0.00632 
];


DET1002E = [
 1.00000E-09  6.25000E-07  3.13000E-07
 6.25000E-07  1.00000E-01  5.00003E-02
 1.00000E-01  2.00000E+01  1.00500E+01
];
