
DET1001 = [
    1    1    1    1    1    1    1    1    1    1  4.92053E+18 0.00456 
    2    2    1    1    1    1    1    1    1    1  2.18749E+18 0.00505 
    3    3    1    1    1    1    1    1    1    1  3.67942E+17 0.00942 
];


DET1001E = [
 1.00000E-09  6.25000E-07  3.13000E-07
 6.25000E-07  1.00000E-01  5.00003E-02
 1.00000E-01  2.00000E+01  1.00500E+01
];

DET1002 = [
    1    1    1    1    1    1    1    1    1    1  1.02174E+17 0.00985 
    2    2    1    1    1    1    1    1    1    1  3.60461E+17 0.00509 
    3    3    1    1    1    1    1    1    1    1  1.97690E+17 0.00626 
];


DET1002E = [
 1.00000E-09  6.25000E-07  3.13000E-07
 6.25000E-07  1.00000E-01  5.00003E-02
 1.00000E-01  2.00000E+01  1.00500E+01
];
