
DET1001 = [
    1    1    1    1    1    1    1    1    1    1  4.83853E+18 0.00466 
    2    2    1    1    1    1    1    1    1    1  2.13661E+18 0.00511 
    3    3    1    1    1    1    1    1    1    1  3.59547E+17 0.00955 
];


DET1001E = [
 1.00000E-09  6.25000E-07  3.13000E-07
 6.25000E-07  1.00000E-01  5.00003E-02
 1.00000E-01  2.00000E+01  1.00500E+01
];

DET1002 = [
    1    1    1    1    1    1    1    1    1    1  1.04963E+17 0.00938 
    2    2    1    1    1    1    1    1    1    1  3.54686E+17 0.00486 
    3    3    1    1    1    1    1    1    1    1  1.96056E+17 0.00638 
];


DET1002E = [
 1.00000E-09  6.25000E-07  3.13000E-07
 6.25000E-07  1.00000E-01  5.00003E-02
 1.00000E-01  2.00000E+01  1.00500E+01
];
