
DET1001 = [
    1    1    1    1    1    1    1    1    1    1  4.93586E+18 0.00444 
    2    2    1    1    1    1    1    1    1    1  1.80651E+18 0.00558 
    3    3    1    1    1    1    1    1    1    1  1.87011E+17 0.01158 
];


DET1001E = [
 1.00000E-09  6.25000E-07  3.13000E-07
 6.25000E-07  1.00000E-01  5.00003E-02
 1.00000E-01  2.00000E+01  1.00500E+01
];

DET1002 = [
    1    1    1    1    1    1    1    1    1    1  1.67240E+17 0.00731 
    2    2    1    1    1    1    1    1    1    1  3.70685E+17 0.00513 
    3    3    1    1    1    1    1    1    1    1  1.73688E+17 0.00648 
];


DET1002E = [
 1.00000E-09  6.25000E-07  3.13000E-07
 6.25000E-07  1.00000E-01  5.00003E-02
 1.00000E-01  2.00000E+01  1.00500E+01
];
