
DET1001 = [
    1    1    1    1    1    1    1    1    1    1  5.27165E+18 0.00470 
    2    2    1    1    1    1    1    1    1    1  1.93736E+18 0.00605 
    3    3    1    1    1    1    1    1    1    1  2.01020E+17 0.01134 
];


DET1001E = [
 1.00000E-09  6.25000E-07  3.13000E-07
 6.25000E-07  1.00000E-01  5.00003E-02
 1.00000E-01  2.00000E+01  1.00500E+01
];

DET1002 = [
    1    1    1    1    1    1    1    1    1    1  1.71304E+17 0.00706 
    2    2    1    1    1    1    1    1    1    1  4.04842E+17 0.00485 
    3    3    1    1    1    1    1    1    1    1  1.91000E+17 0.00644 
];


DET1002E = [
 1.00000E-09  6.25000E-07  3.13000E-07
 6.25000E-07  1.00000E-01  5.00003E-02
 1.00000E-01  2.00000E+01  1.00500E+01
];
