
DET1001 = [
    1    1    1    1    1    1    1    1    1    1  5.01970E+18 0.00453 
    2    2    1    1    1    1    1    1    1    1  1.84903E+18 0.00587 
    3    3    1    1    1    1    1    1    1    1  1.87672E+17 0.01146 
];


DET1001E = [
 1.00000E-09  6.25000E-07  3.13000E-07
 6.25000E-07  1.00000E-01  5.00003E-02
 1.00000E-01  2.00000E+01  1.00500E+01
];

DET1002 = [
    1    1    1    1    1    1    1    1    1    1  1.66140E+17 0.00784 
    2    2    1    1    1    1    1    1    1    1  3.79711E+17 0.00477 
    3    3    1    1    1    1    1    1    1    1  1.77499E+17 0.00635 
];


DET1002E = [
 1.00000E-09  6.25000E-07  3.13000E-07
 6.25000E-07  1.00000E-01  5.00003E-02
 1.00000E-01  2.00000E+01  1.00500E+01
];
