
DET1001 = [
    1    1    1    1    1    1    1    1    1    1  5.12393E+18 0.00417 
    2    2    1    1    1    1    1    1    1    1  1.89099E+18 0.00589 
    3    3    1    1    1    1    1    1    1    1  1.94722E+17 0.01044 
];


DET1001E = [
 1.00000E-09  6.25000E-07  3.13000E-07
 6.25000E-07  1.00000E-01  5.00003E-02
 1.00000E-01  2.00000E+01  1.00500E+01
];

DET1002 = [
    1    1    1    1    1    1    1    1    1    1  1.68957E+17 0.00711 
    2    2    1    1    1    1    1    1    1    1  3.91526E+17 0.00494 
    3    3    1    1    1    1    1    1    1    1  1.84441E+17 0.00660 
];


DET1002E = [
 1.00000E-09  6.25000E-07  3.13000E-07
 6.25000E-07  1.00000E-01  5.00003E-02
 1.00000E-01  2.00000E+01  1.00500E+01
];
