
DET1001 = [
    1    1    1    1    1    1    1    1    1    1  4.70676E+18 0.00450 
    2    2    1    1    1    1    1    1    1    1  1.84617E+18 0.00607 
    3    3    1    1    1    1    1    1    1    1  1.67590E+17 0.01243 
];


DET1001E = [
 1.00000E-09  6.25000E-07  3.13000E-07
 6.25000E-07  1.00000E-01  5.00003E-02
 1.00000E-01  2.00000E+01  1.00500E+01
];

DET1002 = [
    1    1    1    1    1    1    1    1    1    1  1.58273E+17 0.00763 
    2    2    1    1    1    1    1    1    1    1  4.01105E+17 0.00486 
    3    3    1    1    1    1    1    1    1    1  1.85059E+17 0.00627 
];


DET1002E = [
 1.00000E-09  6.25000E-07  3.13000E-07
 6.25000E-07  1.00000E-01  5.00003E-02
 1.00000E-01  2.00000E+01  1.00500E+01
];
