
DET1001 = [
    1    1    1    1    1    1    1    1    1    1  4.59021E+18 0.00443 
    2    2    1    1    1    1    1    1    1    1  1.73693E+18 0.00599 
    3    3    1    1    1    1    1    1    1    1  1.54867E+17 0.01194 
];


DET1001E = [
 1.00000E-09  6.25000E-07  3.13000E-07
 6.25000E-07  1.00000E-01  5.00003E-02
 1.00000E-01  2.00000E+01  1.00500E+01
];

DET1002 = [
    1    1    1    1    1    1    1    1    1    1  1.59625E+17 0.00729 
    2    2    1    1    1    1    1    1    1    1  3.75922E+17 0.00489 
    3    3    1    1    1    1    1    1    1    1  1.73570E+17 0.00641 
];


DET1002E = [
 1.00000E-09  6.25000E-07  3.13000E-07
 6.25000E-07  1.00000E-01  5.00003E-02
 1.00000E-01  2.00000E+01  1.00500E+01
];
