
DET1001 = [
    1    1    1    1    1    1    1    1    1    1  4.66080E+18 0.00469 
    2    2    1    1    1    1    1    1    1    1  1.78259E+18 0.00568 
    3    3    1    1    1    1    1    1    1    1  1.63312E+17 0.01220 
];


DET1001E = [
 1.00000E-09  6.25000E-07  3.13000E-07
 6.25000E-07  1.00000E-01  5.00003E-02
 1.00000E-01  2.00000E+01  1.00500E+01
];

DET1002 = [
    1    1    1    1    1    1    1    1    1    1  1.59312E+17 0.00757 
    2    2    1    1    1    1    1    1    1    1  3.85897E+17 0.00504 
    3    3    1    1    1    1    1    1    1    1  1.78975E+17 0.00609 
];


DET1002E = [
 1.00000E-09  6.25000E-07  3.13000E-07
 6.25000E-07  1.00000E-01  5.00003E-02
 1.00000E-01  2.00000E+01  1.00500E+01
];
