
ZAI = [
10030
541350
922350
922380
942380
942390
942400
942410
942420
952410
952440
952450
666
0
];

NAMES = [
'H3              '
'Xe135           '
'U235            '
'U238            '
'Pu238           '
'Pu239           '
'Pu240           '
'Pu241           '
'Pu242           '
'Am241           '
'Am244           '
'Am245           '
'lost            '
'total           '
];

i10030  = 1; iH3               = 1;
i541350 = 2; iXe135            = 2;
i922350 = 3; iU235             = 3;
i922380 = 4; iU238             = 4;
i942380 = 5; iPu238            = 5;
i942390 = 6; iPu239            = 6;
i942400 = 7; iPu240            = 7;
i942410 = 8; iPu241            = 8;
i942420 = 9; iPu242            = 9;
i952410 = 10; iAm241            = 10;
i952440 = 11; iAm244            = 11;
i952450 = 12; iAm245            = 12;
iLOST    = 13;
iTOT     = 14;

MAT_uco_VOLUME = [ 2.61710E+04 2.61710E+04 2.61710E+04 2.61710E+04 ];

MAT_uco_BURNUP = [ 0.00000E+00 3.87671E-01 6.90039E+00 1.41887E+01 ];

MAT_uco_ADENS = [
0.00000E+00 9.38985E-14 1.44920E-12 2.52788E-12 % H3
0.00000E+00 3.49006E-08 3.52207E-08 3.50921E-08 % Xe135
3.74777E-03 3.73525E-03 3.53053E-03 3.31310E-03 % U235
2.12374E-02 2.12342E-02 2.11801E-02 2.11177E-02 % U238
0.00000E+00 1.17120E-13 2.64078E-09 2.52071E-08 % Pu238
0.00000E+00 1.45509E-06 4.63473E-05 8.41380E-05 % Pu239
0.00000E+00 4.99843E-09 2.81112E-06 9.92631E-06 % Pu240
0.00000E+00 2.45291E-11 2.79707E-07 2.00171E-06 % Pu241
0.00000E+00 2.19344E-14 5.01673E-09 7.74501E-08 % Pu242
0.00000E+00 3.61658E-15 8.01414E-10 1.19355E-08 % Am241
0.00000E+00 8.34569E-23 8.47733E-16 3.07060E-14 % Am244
0.00000E+00 1.81037E-26 1.66064E-19 6.06217E-18 % Am245
0.00000E+00 8.19103E-08 1.46683E-06 3.02921E-06 % lost data
7.04339E-02 7.04439E-02 7.06114E-02 7.07985E-02 % total
];

MAT_uco_MDENS = [
0.00000E+00 4.70191E-13 7.25680E-12 1.26582E-11 % H3
0.00000E+00 7.81849E-06 7.89021E-06 7.86140E-06 % Xe135
1.46278E+00 1.45789E+00 1.37799E+00 1.29312E+00 % U235
8.39511E+00 8.39387E+00 8.37246E+00 8.34780E+00 % U238
0.00000E+00 4.62972E-11 1.04389E-06 9.96429E-06 % Pu238
0.00000E+00 5.77614E-04 1.83981E-02 3.33996E-02 % Pu239
0.00000E+00 1.99250E-06 1.12059E-03 3.95688E-03 % Pu240
0.00000E+00 9.81845E-09 1.11960E-04 8.01239E-04 % Pu241
0.00000E+00 8.81660E-12 2.01650E-06 3.11314E-05 % Pu242
0.00000E+00 1.44768E-12 3.20799E-07 4.77767E-06 % Am241
0.00000E+00 3.38239E-20 3.43574E-13 1.24447E-11 % Am244
0.00000E+00 7.36730E-24 6.75798E-17 2.46699E-15 % Am245
0.00000E+00 0.00000E+00 0.00000E+00 0.00000E+00 % lost data
1.10000E+01 1.09999E+01 1.09990E+01 1.09980E+01 % total
];

MAT_uco_A = [
0.00000E+00 4.38116E+06 6.76176E+07 1.17947E+08 % H3
0.00000E+00 1.92410E+16 1.94175E+16 1.93467E+16 % Xe135
3.06014E+09 3.04992E+09 2.88276E+09 2.70523E+09 % U235
2.73231E+09 2.73190E+09 2.72494E+09 2.71691E+09 % U238
0.00000E+00 7.67668E+05 1.73091E+10 1.65221E+11 % Pu238
0.00000E+00 3.46923E+10 1.10502E+12 2.00603E+12 % Pu239
0.00000E+00 4.37931E+08 2.46293E+11 8.69680E+11 % Pu240
0.00000E+00 9.86712E+08 1.12515E+13 8.05212E+13 % Pu241
0.00000E+00 3.36231E+01 7.69014E+06 1.18723E+08 % Pu242
0.00000E+00 4.80566E+03 1.06491E+09 1.58597E+10 % Am241
0.00000E+00 4.16374E+01 4.22941E+08 1.53195E+10 % Am244
0.00000E+00 4.44997E-02 4.08193E+05 1.49010E+07 % Am245
0.00000E+00 0.00000E+00 0.00000E+00 0.00000E+00 % lost data
5.79245E+09 3.36221E+18 3.73161E+18 3.77753E+18 % total
];

MAT_uco_H = [
0.00000E+00 3.99403E-09 6.16428E-08 1.07525E-07 % H3
0.00000E+00 1.73461E+03 1.75052E+03 1.74413E+03 % Xe135
2.26153E-03 2.25397E-03 2.13044E-03 1.99923E-03 % U235
1.87156E-03 1.87128E-03 1.86651E-03 1.86101E-03 % U238
0.00000E+00 6.87359E-07 1.54983E-02 1.47936E-01 % Pu238
0.00000E+00 2.91327E-02 9.27931E-01 1.68455E+00 % Pu239
0.00000E+00 3.68436E-04 2.07208E-01 7.31671E-01 % Pu240
0.00000E+00 8.46583E-07 9.65363E-03 6.90858E-02 % Pu241
0.00000E+00 2.68384E-11 6.13836E-06 9.47661E-05 % Pu242
0.00000E+00 4.30867E-09 9.54777E-04 1.42195E-02 % Am241
0.00000E+00 7.39635E-12 7.51302E-05 2.72132E-03 % Am244
0.00000E+00 2.24516E-15 2.05947E-08 7.51807E-07 % Am245
0.00000E+00 0.00000E+00 0.00000E+00 0.00000E+00 % lost data
4.13309E-03 1.20138E+06 1.23221E+06 1.22220E+06 % total
];

MAT_uco_SF = [
0.00000E+00 0.00000E+00 0.00000E+00 0.00000E+00 % H3
0.00000E+00 0.00000E+00 0.00000E+00 0.00000E+00 % Xe135
2.20330E-01 2.19594E-01 2.07559E-01 1.94776E-01 % U235
1.49184E+05 1.49162E+05 1.48781E+05 1.48343E+05 % U238
0.00000E+00 1.42786E-03 3.21949E+01 3.07310E+02 % Pu238
0.00000E+00 1.07546E-01 3.42555E+00 6.21868E+00 % Pu239
0.00000E+00 2.49621E+01 1.40387E+04 4.95718E+04 % Pu240
0.00000E+00 0.00000E+00 0.00000E+00 0.00000E+00 % Pu241
0.00000E+00 1.84927E-04 4.22958E+01 6.52978E+02 % Pu242
0.00000E+00 2.06643E-08 4.57910E-03 6.81968E-02 % Am241
0.00000E+00 0.00000E+00 0.00000E+00 0.00000E+00 % Am244
0.00000E+00 0.00000E+00 0.00000E+00 0.00000E+00 % Am245
0.00000E+00 0.00000E+00 0.00000E+00 0.00000E+00 % lost data
1.49184E+05 1.49187E+05 1.64853E+05 2.60029E+05 % total
];

MAT_uco_ING_TOX = [
0.00000E+00 1.84009E-04 2.83994E-03 4.95378E-03 % H3
0.00000E+00 4.04062E+09 4.07769E+09 4.06280E+09 % Xe135
1.43827E+02 1.43346E+02 1.35490E+02 1.27146E+02 % U235
1.22954E+02 1.22936E+02 1.22622E+02 1.22261E+02 % U238
0.00000E+00 1.76564E-01 3.98109E+03 3.80007E+04 % Pu238
0.00000E+00 8.67308E+03 2.76254E+05 5.01506E+05 % Pu239
0.00000E+00 1.09483E+02 6.15731E+04 2.17420E+05 % Pu240
0.00000E+00 4.73622E+00 5.40074E+04 3.86502E+05 % Pu241
0.00000E+00 8.06955E-06 1.84563E+00 2.84936E+01 % Pu242
0.00000E+00 9.61132E-04 2.12982E+02 3.17195E+03 % Am241
0.00000E+00 1.91532E-08 1.94553E-01 7.04697E+00 % Am244
0.00000E+00 2.75898E-12 2.53079E-05 9.23865E-04 % Am245
0.00000E+00 0.00000E+00 0.00000E+00 0.00000E+00 % lost data
2.66781E+02 4.51861E+10 6.08046E+10 6.06416E+10 % total
];

MAT_uco_INH_TOX = [
0.00000E+00 1.13910E-03 1.75806E-02 3.06662E-02 % H3
0.00000E+00 2.11652E+09 2.13593E+09 2.12813E+09 % Xe135
2.60112E+04 2.59243E+04 2.45035E+04 2.29944E+04 % U235
2.18585E+04 2.18552E+04 2.17995E+04 2.17353E+04 % U238
0.00000E+00 8.44435E+01 1.90400E+06 1.81743E+07 % Pu238
0.00000E+00 4.16308E+06 1.32602E+08 2.40723E+08 % Pu239
0.00000E+00 5.25517E+04 2.95551E+07 1.04362E+08 % Pu240
0.00000E+00 2.26944E+03 2.58785E+07 1.85199E+08 % Pu241
0.00000E+00 3.69854E-03 8.45916E+02 1.30596E+04 % Pu242
0.00000E+00 4.61343E-01 1.02231E+05 1.52253E+06 % Am241
0.00000E+00 1.54058E-07 1.56488E+00 5.66821E+01 % Am244
0.00000E+00 2.49198E-12 2.28588E-05 8.34458E-04 % Am245
0.00000E+00 0.00000E+00 0.00000E+00 0.00000E+00 % lost data
4.78697E+04 4.41040E+10 5.92079E+10 6.10262E+10 % total
];

TOT_VOLUME = [ 2.61710E+04 2.61710E+04 2.61710E+04 2.61710E+04 ];

TOT_BURNUP = [ 0.00000E+00 3.87671E-01 6.90039E+00 1.41887E+01 ];

TOT_ADENS = [
0.00000E+00 9.38985E-14 1.44920E-12 2.52788E-12 % H3
0.00000E+00 3.49006E-08 3.52207E-08 3.50921E-08 % Xe135
3.74777E-03 3.73525E-03 3.53053E-03 3.31310E-03 % U235
2.12374E-02 2.12342E-02 2.11801E-02 2.11177E-02 % U238
0.00000E+00 1.17120E-13 2.64078E-09 2.52071E-08 % Pu238
0.00000E+00 1.45509E-06 4.63473E-05 8.41380E-05 % Pu239
0.00000E+00 4.99843E-09 2.81112E-06 9.92631E-06 % Pu240
0.00000E+00 2.45291E-11 2.79707E-07 2.00171E-06 % Pu241
0.00000E+00 2.19344E-14 5.01673E-09 7.74501E-08 % Pu242
0.00000E+00 3.61658E-15 8.01414E-10 1.19355E-08 % Am241
0.00000E+00 8.34569E-23 8.47733E-16 3.07060E-14 % Am244
0.00000E+00 1.81037E-26 1.66064E-19 6.06217E-18 % Am245
0.00000E+00 8.19103E-08 1.46683E-06 3.02921E-06 % lost data
7.04339E-02 7.04439E-02 7.06114E-02 7.07985E-02 % total
];

