
DET1001 = [
    1    1    1    1    1    1    1    1    1    1  4.25219E+18 0.00458 
    2    2    1    1    1    1    1    1    1    1  1.75549E+18 0.00606 
    3    3    1    1    1    1    1    1    1    1  1.58394E+17 0.01199 
];


DET1001E = [
 1.00000E-09  6.25000E-07  3.13000E-07
 6.25000E-07  1.00000E-01  5.00003E-02
 1.00000E-01  2.00000E+01  1.00500E+01
];

DET1002 = [
    1    1    1    1    1    1    1    1    1    1  1.15599E+17 0.00827 
    2    2    1    1    1    1    1    1    1    1  3.69262E+17 0.00473 
    3    3    1    1    1    1    1    1    1    1  1.71886E+17 0.00618 
];


DET1002E = [
 1.00000E-09  6.25000E-07  3.13000E-07
 6.25000E-07  1.00000E-01  5.00003E-02
 1.00000E-01  2.00000E+01  1.00500E+01
];
