
DET1001 = [
    1    1    1    1    1    1    1    1    1    1  4.19351E+18 0.00470 
    2    2    1    1    1    1    1    1    1    1  1.74994E+18 0.00576 
    3    3    1    1    1    1    1    1    1    1  1.58911E+17 0.01152 
];


DET1001E = [
 1.00000E-09  6.25000E-07  3.13000E-07
 6.25000E-07  1.00000E-01  5.00003E-02
 1.00000E-01  2.00000E+01  1.00500E+01
];

DET1002 = [
    1    1    1    1    1    1    1    1    1    1  1.16405E+17 0.00801 
    2    2    1    1    1    1    1    1    1    1  3.62736E+17 0.00488 
    3    3    1    1    1    1    1    1    1    1  1.66446E+17 0.00605 
];


DET1002E = [
 1.00000E-09  6.25000E-07  3.13000E-07
 6.25000E-07  1.00000E-01  5.00003E-02
 1.00000E-01  2.00000E+01  1.00500E+01
];
