
DET1001 = [
    1    1    1    1    1    1    1    1    1    1  4.39388E+18 0.00480 
    2    2    1    1    1    1    1    1    1    1  1.84076E+18 0.00616 
    3    3    1    1    1    1    1    1    1    1  1.64874E+17 0.01161 
];


DET1001E = [
 1.00000E-09  6.25000E-07  3.13000E-07
 6.25000E-07  1.00000E-01  5.00003E-02
 1.00000E-01  2.00000E+01  1.00500E+01
];

DET1002 = [
    1    1    1    1    1    1    1    1    1    1  1.16915E+17 0.00829 
    2    2    1    1    1    1    1    1    1    1  3.86322E+17 0.00493 
    3    3    1    1    1    1    1    1    1    1  1.78864E+17 0.00596 
];


DET1002E = [
 1.00000E-09  6.25000E-07  3.13000E-07
 6.25000E-07  1.00000E-01  5.00003E-02
 1.00000E-01  2.00000E+01  1.00500E+01
];
