
DET1001 = [
    1    1    1    1    1    1    1    1    1    1  4.27221E+18 0.00472 
    2    2    1    1    1    1    1    1    1    1  1.80419E+18 0.00565 
    3    3    1    1    1    1    1    1    1    1  1.65286E+17 0.01196 
];


DET1001E = [
 1.00000E-09  6.25000E-07  3.13000E-07
 6.25000E-07  1.00000E-01  5.00003E-02
 1.00000E-01  2.00000E+01  1.00500E+01
];

DET1002 = [
    1    1    1    1    1    1    1    1    1    1  1.17926E+17 0.00812 
    2    2    1    1    1    1    1    1    1    1  3.79860E+17 0.00467 
    3    3    1    1    1    1    1    1    1    1  1.76019E+17 0.00617 
];


DET1002E = [
 1.00000E-09  6.25000E-07  3.13000E-07
 6.25000E-07  1.00000E-01  5.00003E-02
 1.00000E-01  2.00000E+01  1.00500E+01
];
