
DET1001 = [
    1    1    1    1    1    1    1    1    1    1  4.96605E+18 0.00413 
    2    2    1    1    1    1    1    1    1    1  2.04307E+18 0.00509 
    3    3    1    1    1    1    1    1    1    1  3.47407E+17 0.00985 
];


DET1001E = [
 1.00000E-09  6.25000E-07  3.13000E-07
 6.25000E-07  1.00000E-01  5.00003E-02
 1.00000E-01  2.00000E+01  1.00500E+01
];

DET1002 = [
    1    1    1    1    1    1    1    1    1    1  1.23097E+17 0.00828 
    2    2    1    1    1    1    1    1    1    1  3.51022E+17 0.00537 
    3    3    1    1    1    1    1    1    1    1  1.97786E+17 0.00627 
];


DET1002E = [
 1.00000E-09  6.25000E-07  3.13000E-07
 6.25000E-07  1.00000E-01  5.00003E-02
 1.00000E-01  2.00000E+01  1.00500E+01
];
