
ZAI = [
10030
541350
922350
922380
942380
942390
942400
942410
942420
952410
952440
952450
666
0
];

NAMES = [
'H3              '
'Xe135           '
'U235            '
'U238            '
'Pu238           '
'Pu239           '
'Pu240           '
'Pu241           '
'Pu242           '
'Am241           '
'Am244           '
'Am245           '
'lost            '
'total           '
];

i10030  = 1; iH3               = 1;
i541350 = 2; iXe135            = 2;
i922350 = 3; iU235             = 3;
i922380 = 4; iU238             = 4;
i942380 = 5; iPu238            = 5;
i942390 = 6; iPu239            = 6;
i942400 = 7; iPu240            = 7;
i942410 = 8; iPu241            = 8;
i942420 = 9; iPu242            = 9;
i952410 = 10; iAm241            = 10;
i952440 = 11; iAm244            = 11;
i952450 = 12; iAm245            = 12;
iLOST    = 13;
iTOT     = 14;

MAT_uco_VOLUME = [ 2.71122E+04 2.71122E+04 2.71122E+04 2.71122E+04 ];

MAT_uco_BURNUP = [ 0.00000E+00 3.74215E-01 6.66095E+00 1.36961E+01 ];

MAT_uco_ADENS = [
0.00000E+00 1.20521E-13 1.88343E-12 3.28231E-12 % H3
0.00000E+00 3.50050E-08 3.53763E-08 3.52613E-08 % Xe135
3.74777E-03 3.73563E-03 3.53705E-03 3.32594E-03 % U235
2.12374E-02 2.12343E-02 2.11818E-02 2.11212E-02 % U238
0.00000E+00 1.57299E-13 3.17873E-09 2.97201E-08 % Pu238
0.00000E+00 1.40260E-06 4.48798E-05 8.19100E-05 % Pu239
0.00000E+00 4.82062E-09 2.64438E-06 9.24671E-06 % Pu240
0.00000E+00 2.60699E-11 2.88018E-07 2.04697E-06 % Pu241
0.00000E+00 2.36806E-14 5.21377E-09 7.96324E-08 % Pu242
0.00000E+00 3.85776E-15 8.25657E-10 1.22023E-08 % Am241
0.00000E+00 1.12461E-22 1.12437E-15 3.94232E-14 % Am244
0.00000E+00 2.54560E-26 2.30181E-19 8.11027E-18 % Am245
0.00000E+00 7.90872E-08 1.41617E-06 2.92408E-06 % lost data
7.04339E-02 7.04436E-02 7.06053E-02 7.07859E-02 % total
];

MAT_uco_MDENS = [
0.00000E+00 6.03501E-13 9.43116E-12 1.64359E-11 % H3
0.00000E+00 7.84188E-06 7.92506E-06 7.89929E-06 % Xe135
1.46278E+00 1.45804E+00 1.38053E+00 1.29813E+00 % U235
8.39511E+00 8.39391E+00 8.37314E+00 8.34917E+00 % U238
0.00000E+00 6.21797E-11 1.25654E-06 1.17483E-05 % Pu238
0.00000E+00 5.56777E-04 1.78156E-02 3.25152E-02 % Pu239
0.00000E+00 1.92162E-06 1.05412E-03 3.68598E-03 % Pu240
0.00000E+00 1.04352E-08 1.15287E-04 8.19356E-04 % Pu241
0.00000E+00 9.51852E-12 2.09570E-06 3.20085E-05 % Pu242
0.00000E+00 1.54422E-12 3.30503E-07 4.88447E-06 % Am241
0.00000E+00 4.55789E-20 4.55691E-13 1.59776E-11 % Am244
0.00000E+00 1.03593E-23 9.36720E-17 3.30047E-15 % Am245
0.00000E+00 0.00000E+00 0.00000E+00 0.00000E+00 % lost data
1.10000E+01 1.09999E+01 1.09990E+01 1.09980E+01 % total
];

MAT_uco_A = [
0.00000E+00 5.82557E+06 9.10385E+07 1.58655E+08 % H3
0.00000E+00 1.99927E+16 2.02048E+16 2.01391E+16 % Xe135
3.17020E+09 3.15994E+09 2.99196E+09 2.81338E+09 % U235
2.83058E+09 2.83017E+09 2.82317E+09 2.81509E+09 % U238
0.00000E+00 1.06810E+06 2.15844E+10 2.01807E+11 % Pu238
0.00000E+00 3.46435E+10 1.10851E+12 2.02314E+12 % Pu239
0.00000E+00 4.37542E+08 2.40016E+11 8.39274E+11 % Pu240
0.00000E+00 1.08641E+09 1.20025E+13 8.53032E+13 % Pu241
0.00000E+00 3.76055E+01 8.27962E+06 1.26459E+08 % Pu242
0.00000E+00 5.31049E+03 1.13658E+09 1.67974E+10 % Am241
0.00000E+00 5.81258E+01 5.81133E+08 2.03760E+10 % Am244
0.00000E+00 6.48222E-02 5.86143E+05 2.06523E+07 % Am245
0.00000E+00 0.00000E+00 0.00000E+00 0.00000E+00 % lost data
6.00078E+09 3.36333E+18 3.73319E+18 3.78072E+18 % total
];

MAT_uco_H = [
0.00000E+00 5.31081E-09 8.29942E-08 1.44636E-07 % H3
0.00000E+00 1.80237E+03 1.82149E+03 1.81557E+03 % Xe135
2.34286E-03 2.33528E-03 2.21113E-03 2.07916E-03 % U235
1.93887E-03 1.93859E-03 1.93380E-03 1.92826E-03 % U238
0.00000E+00 9.56362E-07 1.93264E-02 1.80695E-01 % Pu238
0.00000E+00 2.90917E-02 9.30866E-01 1.69892E+00 % Pu239
0.00000E+00 3.68109E-04 2.01928E-01 7.06090E-01 % Pu240
0.00000E+00 9.32122E-07 1.02980E-02 7.31887E-02 % Pu241
0.00000E+00 3.00171E-11 6.60888E-06 1.00941E-04 % Pu242
0.00000E+00 4.76129E-09 1.01904E-03 1.50602E-02 % Am241
0.00000E+00 1.03253E-11 1.03231E-04 3.61953E-03 % Am244
0.00000E+00 3.27050E-15 2.95728E-08 1.04198E-06 % Am245
0.00000E+00 0.00000E+00 0.00000E+00 0.00000E+00 % lost data
4.28173E-03 1.20188E+06 1.23276E+06 1.22310E+06 % total
];

MAT_uco_SF = [
0.00000E+00 0.00000E+00 0.00000E+00 0.00000E+00 % H3
0.00000E+00 0.00000E+00 0.00000E+00 0.00000E+00 % Xe135
2.28254E-01 2.27515E-01 2.15421E-01 2.02563E-01 % U235
1.54549E+05 1.54527E+05 1.54145E+05 1.53704E+05 % U238
0.00000E+00 1.98667E-03 4.01470E+01 3.75361E+02 % Pu238
0.00000E+00 1.07395E-01 3.43638E+00 6.27174E+00 % Pu239
0.00000E+00 2.49399E+01 1.36809E+04 4.78386E+04 % Pu240
0.00000E+00 0.00000E+00 0.00000E+00 0.00000E+00 % Pu241
0.00000E+00 2.06830E-04 4.55379E+01 6.95522E+02 % Pu242
0.00000E+00 2.28351E-08 4.88729E-03 7.22289E-02 % Am241
0.00000E+00 0.00000E+00 0.00000E+00 0.00000E+00 % Am244
0.00000E+00 0.00000E+00 0.00000E+00 0.00000E+00 % Am245
0.00000E+00 0.00000E+00 0.00000E+00 0.00000E+00 % lost data
1.54550E+05 1.54553E+05 1.70086E+05 2.70025E+05 % total
];

MAT_uco_ING_TOX = [
0.00000E+00 2.44674E-04 3.82362E-03 6.66352E-03 % H3
0.00000E+00 4.19846E+09 4.24300E+09 4.22920E+09 % Xe135
1.48999E+02 1.48517E+02 1.40622E+02 1.32229E+02 % U235
1.27376E+02 1.27358E+02 1.27043E+02 1.26679E+02 % U238
0.00000E+00 2.45663E-01 4.96442E+03 4.64157E+04 % Pu238
0.00000E+00 8.66088E+03 2.77128E+05 5.05785E+05 % Pu239
0.00000E+00 1.09386E+02 6.00041E+04 2.09819E+05 % Pu240
0.00000E+00 5.21477E+00 5.76122E+04 4.09455E+05 % Pu241
0.00000E+00 9.02532E-06 1.98711E+00 3.03500E+01 % Pu242
0.00000E+00 1.06210E-03 2.27316E+02 3.35948E+03 % Am241
0.00000E+00 2.67379E-08 2.67321E-01 9.37294E+00 % Am244
0.00000E+00 4.01898E-12 3.63408E-05 1.28044E-03 % Am245
0.00000E+00 0.00000E+00 0.00000E+00 0.00000E+00 % lost data
2.76375E+02 4.53631E+10 6.09766E+10 6.08171E+10 % total
];

MAT_uco_INH_TOX = [
0.00000E+00 1.51465E-03 2.36700E-02 4.12504E-02 % H3
0.00000E+00 2.19919E+09 2.22252E+09 2.21530E+09 % Xe135
2.69467E+04 2.68595E+04 2.54316E+04 2.39137E+04 % U235
2.26446E+04 2.26414E+04 2.25853E+04 2.25207E+04 % U238
0.00000E+00 1.17491E+02 2.37429E+06 2.21988E+07 % Pu238
0.00000E+00 4.15722E+06 1.33021E+08 2.42777E+08 % Pu239
0.00000E+00 5.25051E+04 2.88020E+07 1.00713E+08 % Pu240
0.00000E+00 2.49874E+03 2.76058E+07 1.96197E+08 % Pu241
0.00000E+00 4.13661E-03 9.10758E+02 1.39104E+04 % Pu242
0.00000E+00 5.09807E-01 1.09112E+05 1.61255E+06 % Am241
0.00000E+00 2.15066E-07 2.15019E+00 7.53910E+01 % Am244
0.00000E+00 3.63005E-12 3.28240E-05 1.15653E-03 % Am245
0.00000E+00 0.00000E+00 0.00000E+00 0.00000E+00 % lost data
4.95913E+04 4.42213E+10 5.93149E+10 6.11457E+10 % total
];

TOT_VOLUME = [ 2.71122E+04 2.71122E+04 2.71122E+04 2.71122E+04 ];

TOT_BURNUP = [ 0.00000E+00 3.74215E-01 6.66095E+00 1.36961E+01 ];

TOT_ADENS = [
0.00000E+00 1.20521E-13 1.88343E-12 3.28231E-12 % H3
0.00000E+00 3.50050E-08 3.53763E-08 3.52613E-08 % Xe135
3.74777E-03 3.73563E-03 3.53705E-03 3.32594E-03 % U235
2.12374E-02 2.12343E-02 2.11818E-02 2.11212E-02 % U238
0.00000E+00 1.57299E-13 3.17873E-09 2.97201E-08 % Pu238
0.00000E+00 1.40260E-06 4.48798E-05 8.19100E-05 % Pu239
0.00000E+00 4.82062E-09 2.64438E-06 9.24671E-06 % Pu240
0.00000E+00 2.60699E-11 2.88018E-07 2.04697E-06 % Pu241
0.00000E+00 2.36806E-14 5.21377E-09 7.96324E-08 % Pu242
0.00000E+00 3.85776E-15 8.25657E-10 1.22023E-08 % Am241
0.00000E+00 1.12461E-22 1.12437E-15 3.94232E-14 % Am244
0.00000E+00 2.54560E-26 2.30181E-19 8.11027E-18 % Am245
0.00000E+00 7.90872E-08 1.41617E-06 2.92408E-06 % lost data
7.04339E-02 7.04436E-02 7.06053E-02 7.07859E-02 % total
];

