
DET1001 = [
    1    1    1    1    1    1    1    1    1    1  4.85427E+18 0.00449 
    2    2    1    1    1    1    1    1    1    1  1.97225E+18 0.00517 
    3    3    1    1    1    1    1    1    1    1  3.31294E+17 0.01031 
];


DET1001E = [
 1.00000E-09  6.25000E-07  3.13000E-07
 6.25000E-07  1.00000E-01  5.00003E-02
 1.00000E-01  2.00000E+01  1.00500E+01
];

DET1002 = [
    1    1    1    1    1    1    1    1    1    1  1.22554E+17 0.00845 
    2    2    1    1    1    1    1    1    1    1  3.44284E+17 0.00520 
    3    3    1    1    1    1    1    1    1    1  1.90913E+17 0.00654 
];


DET1002E = [
 1.00000E-09  6.25000E-07  3.13000E-07
 6.25000E-07  1.00000E-01  5.00003E-02
 1.00000E-01  2.00000E+01  1.00500E+01
];
