
DET1001 = [
    1    1    1    1    1    1    1    1    1    1  5.04995E+18 0.00448 
    2    2    1    1    1    1    1    1    1    1  2.08553E+18 0.00546 
    3    3    1    1    1    1    1    1    1    1  3.50829E+17 0.00974 
];


DET1001E = [
 1.00000E-09  6.25000E-07  3.13000E-07
 6.25000E-07  1.00000E-01  5.00003E-02
 1.00000E-01  2.00000E+01  1.00500E+01
];

DET1002 = [
    1    1    1    1    1    1    1    1    1    1  1.21610E+17 0.00791 
    2    2    1    1    1    1    1    1    1    1  3.65687E+17 0.00526 
    3    3    1    1    1    1    1    1    1    1  2.04137E+17 0.00628 
];


DET1002E = [
 1.00000E-09  6.25000E-07  3.13000E-07
 6.25000E-07  1.00000E-01  5.00003E-02
 1.00000E-01  2.00000E+01  1.00500E+01
];
