
DET1001 = [
    1    1    1    1    1    1    1    1    1    1  5.52347E+18 0.00431 
    2    2    1    1    1    1    1    1    1    1  2.13542E+18 0.00490 
    3    3    1    1    1    1    1    1    1    1  3.51599E+17 0.00950 
];


DET1001E = [
 1.00000E-09  6.25000E-07  3.13000E-07
 6.25000E-07  1.00000E-01  5.00003E-02
 1.00000E-01  2.00000E+01  1.00500E+01
];

DET1002 = [
    1    1    1    1    1    1    1    1    1    1  1.57729E+17 0.00748 
    2    2    1    1    1    1    1    1    1    1  3.73856E+17 0.00493 
    3    3    1    1    1    1    1    1    1    1  2.01012E+17 0.00603 
];


DET1002E = [
 1.00000E-09  6.25000E-07  3.13000E-07
 6.25000E-07  1.00000E-01  5.00003E-02
 1.00000E-01  2.00000E+01  1.00500E+01
];
