
ZAI = [
10030
541350
922350
922380
942380
942390
942400
942410
942420
952410
952440
952450
666
0
];

NAMES = [
'H3              '
'Xe135           '
'U235            '
'U238            '
'Pu238           '
'Pu239           '
'Pu240           '
'Pu241           '
'Pu242           '
'Am241           '
'Am244           '
'Am245           '
'lost            '
'total           '
];

i10030  = 1; iH3               = 1;
i541350 = 2; iXe135            = 2;
i922350 = 3; iU235             = 3;
i922380 = 4; iU238             = 4;
i942380 = 5; iPu238            = 5;
i942390 = 6; iPu239            = 6;
i942400 = 7; iPu240            = 7;
i942410 = 8; iPu241            = 8;
i942420 = 9; iPu242            = 9;
i952410 = 10; iAm241            = 10;
i952440 = 11; iAm244            = 11;
i952450 = 12; iAm245            = 12;
iLOST    = 13;
iTOT     = 14;

MAT_uco_VOLUME = [ 2.61710E+04 2.61710E+04 2.61710E+04 2.61710E+04 ];

MAT_uco_BURNUP = [ 0.00000E+00 3.87671E-01 6.90051E+00 1.41887E+01 ];

MAT_uco_ADENS = [
0.00000E+00 1.03021E-13 1.57293E-12 2.74391E-12 % H3
0.00000E+00 3.48650E-08 3.51860E-08 3.50318E-08 % Xe135
3.74777E-03 3.73525E-03 3.53065E-03 3.31342E-03 % U235
2.12374E-02 2.12342E-02 2.11803E-02 2.11183E-02 % U238
0.00000E+00 1.26879E-13 2.82103E-09 2.70026E-08 % Pu238
0.00000E+00 1.44488E-06 4.59159E-05 8.30708E-05 % Pu239
0.00000E+00 5.06737E-09 2.83523E-06 9.94155E-06 % Pu240
0.00000E+00 2.55231E-11 2.90435E-07 2.06298E-06 % Pu241
0.00000E+00 2.40004E-14 5.48530E-09 8.40017E-08 % Pu242
0.00000E+00 3.76049E-15 8.31716E-10 1.22777E-08 % Am241
0.00000E+00 9.62720E-23 1.02166E-15 3.71782E-14 % Am244
0.00000E+00 2.23650E-26 2.14706E-19 7.88253E-18 % Am245
0.00000E+00 8.19165E-08 1.46704E-06 3.02971E-06 % lost data
7.04339E-02 7.04439E-02 7.06114E-02 7.07985E-02 % total
];

MAT_uco_MDENS = [
0.00000E+00 5.15870E-13 7.87634E-12 1.37399E-11 % H3
0.00000E+00 7.81052E-06 7.88242E-06 7.84789E-06 % Xe135
1.46278E+00 1.45789E+00 1.37803E+00 1.29325E+00 % U235
8.39511E+00 8.39388E+00 8.37257E+00 8.34806E+00 % U238
0.00000E+00 5.01549E-11 1.11514E-06 1.06741E-05 % Pu238
0.00000E+00 5.73562E-04 1.82269E-02 3.29760E-02 % Pu239
0.00000E+00 2.01999E-06 1.13019E-03 3.96296E-03 % Pu240
0.00000E+00 1.02163E-08 1.16254E-04 8.25765E-04 % Pu241
0.00000E+00 9.64707E-12 2.20484E-06 3.37648E-05 % Pu242
0.00000E+00 1.50529E-12 3.32928E-07 4.91466E-06 % Am241
0.00000E+00 3.90176E-20 4.14065E-13 1.50678E-11 % Am244
0.00000E+00 9.10142E-24 8.73742E-17 3.20779E-15 % Am245
0.00000E+00 0.00000E+00 0.00000E+00 0.00000E+00 % lost data
1.10000E+01 1.09999E+01 1.09990E+01 1.09980E+01 % total
];

MAT_uco_A = [
0.00000E+00 4.80679E+06 7.33904E+07 1.28026E+08 % H3
0.00000E+00 1.92214E+16 1.93984E+16 1.93134E+16 % Xe135
3.06014E+09 3.04992E+09 2.88286E+09 2.70549E+09 % U235
2.73231E+09 2.73191E+09 2.72497E+09 2.71700E+09 % U238
0.00000E+00 8.31633E+05 1.84905E+10 1.76990E+11 % Pu238
0.00000E+00 3.44489E+10 1.09473E+12 1.98058E+12 % Pu239
0.00000E+00 4.43971E+08 2.48405E+11 8.71016E+11 % Pu240
0.00000E+00 1.02670E+09 1.16831E+13 8.29859E+13 % Pu241
0.00000E+00 3.67902E+01 8.40841E+06 1.28766E+08 % Pu242
0.00000E+00 4.99689E+03 1.10517E+09 1.63145E+10 % Am241
0.00000E+00 4.80309E+01 5.09716E+08 1.85485E+10 % Am244
0.00000E+00 5.49740E-02 5.27754E+05 1.93756E+07 % Am245
0.00000E+00 0.00000E+00 0.00000E+00 0.00000E+00 % lost data
5.79245E+09 3.36009E+18 3.72798E+18 3.77231E+18 % total
];

MAT_uco_H = [
0.00000E+00 4.38205E-09 6.69055E-08 1.16714E-07 % H3
0.00000E+00 1.73284E+03 1.74880E+03 1.74113E+03 % Xe135
2.26153E-03 2.25397E-03 2.13051E-03 1.99943E-03 % U235
1.87156E-03 1.87129E-03 1.86654E-03 1.86107E-03 % U238
0.00000E+00 7.44633E-07 1.65561E-02 1.58474E-01 % Pu238
0.00000E+00 2.89283E-02 9.19294E-01 1.66318E+00 % Pu239
0.00000E+00 3.73518E-04 2.08985E-01 7.32795E-01 % Pu240
0.00000E+00 8.80888E-07 1.00239E-02 7.12005E-02 % Pu241
0.00000E+00 2.93664E-11 6.71168E-06 1.02782E-04 % Pu242
0.00000E+00 4.48012E-09 9.90878E-04 1.46273E-02 % Am241
0.00000E+00 8.53209E-12 9.05447E-05 3.29491E-03 % Am244
0.00000E+00 2.77362E-15 2.66270E-08 9.77562E-07 % Am245
0.00000E+00 0.00000E+00 0.00000E+00 0.00000E+00 % lost data
4.13309E-03 1.20133E+06 1.23154E+06 1.22114E+06 % total
];

MAT_uco_SF = [
0.00000E+00 0.00000E+00 0.00000E+00 0.00000E+00 % H3
0.00000E+00 0.00000E+00 0.00000E+00 0.00000E+00 % Xe135
2.20330E-01 2.19594E-01 2.07566E-01 1.94795E-01 % U235
1.49184E+05 1.49162E+05 1.48783E+05 1.48348E+05 % U238
0.00000E+00 1.54684E-03 3.43923E+01 3.29201E+02 % Pu238
0.00000E+00 1.06792E-01 3.39367E+00 6.13980E+00 % Pu239
0.00000E+00 2.53064E+01 1.41591E+04 4.96479E+04 % Pu240
0.00000E+00 0.00000E+00 0.00000E+00 0.00000E+00 % Pu241
0.00000E+00 2.02346E-04 4.62463E+01 7.08213E+02 % Pu242
0.00000E+00 2.14866E-08 4.75224E-03 7.01523E-02 % Am241
0.00000E+00 0.00000E+00 0.00000E+00 0.00000E+00 % Am244
0.00000E+00 0.00000E+00 0.00000E+00 0.00000E+00 % Am245
0.00000E+00 0.00000E+00 0.00000E+00 0.00000E+00 % lost data
1.49184E+05 1.49188E+05 1.65172E+05 2.65679E+05 % total
];

MAT_uco_ING_TOX = [
0.00000E+00 2.01885E-04 3.08240E-03 5.37711E-03 % H3
0.00000E+00 4.03650E+09 4.07366E+09 4.05581E+09 % Xe135
1.43827E+02 1.43346E+02 1.35495E+02 1.27158E+02 % U235
1.22954E+02 1.22936E+02 1.22624E+02 1.22265E+02 % U238
0.00000E+00 1.91276E-01 4.25281E+03 4.07076E+04 % Pu238
0.00000E+00 8.61223E+03 2.73683E+05 4.95146E+05 % Pu239
0.00000E+00 1.10993E+02 6.21012E+04 2.17754E+05 % Pu240
0.00000E+00 4.92814E+00 5.60788E+04 3.98332E+05 % Pu241
0.00000E+00 8.82966E-06 2.01802E+00 3.09038E+01 % Pu242
0.00000E+00 9.99378E-04 2.21035E+02 3.26290E+03 % Am241
0.00000E+00 2.20942E-08 2.34469E-01 8.53233E+00 % Am244
0.00000E+00 3.40839E-12 3.27208E-05 1.20129E-03 % Am245
0.00000E+00 0.00000E+00 0.00000E+00 0.00000E+00 % lost data
2.66781E+02 4.51862E+10 6.07823E+10 6.05983E+10 % total
];

MAT_uco_INH_TOX = [
0.00000E+00 1.24976E-03 1.90815E-02 3.32869E-02 % H3
0.00000E+00 2.11436E+09 2.13382E+09 2.12447E+09 % Xe135
2.60112E+04 2.59243E+04 2.45043E+04 2.29967E+04 % U235
2.18585E+04 2.18553E+04 2.17998E+04 2.17360E+04 % U238
0.00000E+00 9.14797E+01 2.03395E+06 1.94688E+07 % Pu238
0.00000E+00 4.13387E+06 1.31368E+08 2.37670E+08 % Pu239
0.00000E+00 5.32765E+04 2.98086E+07 1.04522E+08 % Pu240
0.00000E+00 2.36140E+03 2.68711E+07 1.90868E+08 % Pu241
0.00000E+00 4.04693E-03 9.24925E+02 1.41643E+04 % Pu242
0.00000E+00 4.79702E-01 1.06097E+05 1.56619E+06 % Am241
0.00000E+00 1.77714E-07 1.88595E+00 6.86296E+01 % Am244
0.00000E+00 3.07855E-12 2.95542E-05 1.08503E-03 % Am245
0.00000E+00 0.00000E+00 0.00000E+00 0.00000E+00 % lost data
4.78697E+04 4.41105E+10 5.91943E+10 6.09975E+10 % total
];

TOT_VOLUME = [ 2.61710E+04 2.61710E+04 2.61710E+04 2.61710E+04 ];

TOT_BURNUP = [ 0.00000E+00 3.87671E-01 6.90051E+00 1.41887E+01 ];

TOT_ADENS = [
0.00000E+00 1.03021E-13 1.57293E-12 2.74391E-12 % H3
0.00000E+00 3.48650E-08 3.51860E-08 3.50318E-08 % Xe135
3.74777E-03 3.73525E-03 3.53065E-03 3.31342E-03 % U235
2.12374E-02 2.12342E-02 2.11803E-02 2.11183E-02 % U238
0.00000E+00 1.26879E-13 2.82103E-09 2.70026E-08 % Pu238
0.00000E+00 1.44488E-06 4.59159E-05 8.30708E-05 % Pu239
0.00000E+00 5.06737E-09 2.83523E-06 9.94155E-06 % Pu240
0.00000E+00 2.55231E-11 2.90435E-07 2.06298E-06 % Pu241
0.00000E+00 2.40004E-14 5.48530E-09 8.40017E-08 % Pu242
0.00000E+00 3.76049E-15 8.31716E-10 1.22777E-08 % Am241
0.00000E+00 9.62720E-23 1.02166E-15 3.71782E-14 % Am244
0.00000E+00 2.23650E-26 2.14706E-19 7.88253E-18 % Am245
0.00000E+00 8.19165E-08 1.46704E-06 3.02971E-06 % lost data
7.04339E-02 7.04439E-02 7.06114E-02 7.07985E-02 % total
];

