
DET1001 = [
    1    1    1    1    1    1    1    1    1    1  5.82596E+18 0.00444 
    2    2    1    1    1    1    1    1    1    1  2.29400E+18 0.00523 
    3    3    1    1    1    1    1    1    1    1  3.81937E+17 0.00986 
];


DET1001E = [
 1.00000E-09  6.25000E-07  3.13000E-07
 6.25000E-07  1.00000E-01  5.00003E-02
 1.00000E-01  2.00000E+01  1.00500E+01
];

DET1002 = [
    1    1    1    1    1    1    1    1    1    1  1.58635E+17 0.00769 
    2    2    1    1    1    1    1    1    1    1  4.10710E+17 0.00520 
    3    3    1    1    1    1    1    1    1    1  2.23694E+17 0.00627 
];


DET1002E = [
 1.00000E-09  6.25000E-07  3.13000E-07
 6.25000E-07  1.00000E-01  5.00003E-02
 1.00000E-01  2.00000E+01  1.00500E+01
];
