
DET1001 = [
    1    1    1    1    1    1    1    1    1    1  5.68542E+18 0.00427 
    2    2    1    1    1    1    1    1    1    1  2.26123E+18 0.00496 
    3    3    1    1    1    1    1    1    1    1  3.68817E+17 0.00984 
];


DET1001E = [
 1.00000E-09  6.25000E-07  3.13000E-07
 6.25000E-07  1.00000E-01  5.00003E-02
 1.00000E-01  2.00000E+01  1.00500E+01
];

DET1002 = [
    1    1    1    1    1    1    1    1    1    1  1.58907E+17 0.00805 
    2    2    1    1    1    1    1    1    1    1  3.93366E+17 0.00527 
    3    3    1    1    1    1    1    1    1    1  2.16778E+17 0.00658 
];


DET1002E = [
 1.00000E-09  6.25000E-07  3.13000E-07
 6.25000E-07  1.00000E-01  5.00003E-02
 1.00000E-01  2.00000E+01  1.00500E+01
];
