
DET1001 = [
    1    1    1    1    1    1    1    1    1    1  5.60783E+18 0.00426 
    2    2    1    1    1    1    1    1    1    1  2.18342E+18 0.00508 
    3    3    1    1    1    1    1    1    1    1  3.62102E+17 0.01004 
];


DET1001E = [
 1.00000E-09  6.25000E-07  3.13000E-07
 6.25000E-07  1.00000E-01  5.00003E-02
 1.00000E-01  2.00000E+01  1.00500E+01
];

DET1002 = [
    1    1    1    1    1    1    1    1    1    1  1.60992E+17 0.00757 
    2    2    1    1    1    1    1    1    1    1  3.91283E+17 0.00489 
    3    3    1    1    1    1    1    1    1    1  2.07491E+17 0.00637 
];


DET1002E = [
 1.00000E-09  6.25000E-07  3.13000E-07
 6.25000E-07  1.00000E-01  5.00003E-02
 1.00000E-01  2.00000E+01  1.00500E+01
];
