
DET1001 = [
    1    1    1    1    1    1    1    1    1    1  6.33984E+18 0.00389 
    2    2    1    1    1    1    1    1    1    1  2.03784E+18 0.00514 
    3    3    1    1    1    1    1    1    1    1  3.36686E+17 0.00993 
];


DET1001E = [
 1.00000E-09  6.25000E-07  3.13000E-07
 6.25000E-07  1.00000E-01  5.00003E-02
 1.00000E-01  2.00000E+01  1.00500E+01
];

DET1002 = [
    1    1    1    1    1    1    1    1    1    1  2.59936E+17 0.00594 
    2    2    1    1    1    1    1    1    1    1  3.91752E+17 0.00497 
    3    3    1    1    1    1    1    1    1    1  2.07089E+17 0.00600 
];


DET1002E = [
 1.00000E-09  6.25000E-07  3.13000E-07
 6.25000E-07  1.00000E-01  5.00003E-02
 1.00000E-01  2.00000E+01  1.00500E+01
];
