
DET1001 = [
    1    1    1    1    1    1    1    1    1    1  6.68956E+18 0.00423 
    2    2    1    1    1    1    1    1    1    1  2.15287E+18 0.00533 
    3    3    1    1    1    1    1    1    1    1  3.56059E+17 0.00985 
];


DET1001E = [
 1.00000E-09  6.25000E-07  3.13000E-07
 6.25000E-07  1.00000E-01  5.00003E-02
 1.00000E-01  2.00000E+01  1.00500E+01
];

DET1002 = [
    1    1    1    1    1    1    1    1    1    1  2.74927E+17 0.00620 
    2    2    1    1    1    1    1    1    1    1  4.23201E+17 0.00520 
    3    3    1    1    1    1    1    1    1    1  2.26117E+17 0.00597 
];


DET1002E = [
 1.00000E-09  6.25000E-07  3.13000E-07
 6.25000E-07  1.00000E-01  5.00003E-02
 1.00000E-01  2.00000E+01  1.00500E+01
];
