
DET1001 = [
    1    1    1    1    1    1    1    1    1    1  6.40886E+18 0.00395 
    2    2    1    1    1    1    1    1    1    1  2.09400E+18 0.00503 
    3    3    1    1    1    1    1    1    1    1  3.47385E+17 0.01029 
];


DET1001E = [
 1.00000E-09  6.25000E-07  3.13000E-07
 6.25000E-07  1.00000E-01  5.00003E-02
 1.00000E-01  2.00000E+01  1.00500E+01
];

DET1002 = [
    1    1    1    1    1    1    1    1    1    1  2.63710E+17 0.00643 
    2    2    1    1    1    1    1    1    1    1  4.05470E+17 0.00509 
    3    3    1    1    1    1    1    1    1    1  2.15107E+17 0.00647 
];


DET1002E = [
 1.00000E-09  6.25000E-07  3.13000E-07
 6.25000E-07  1.00000E-01  5.00003E-02
 1.00000E-01  2.00000E+01  1.00500E+01
];
