
DET1001 = [
    1    1    1    1    1    1    1    1    1    1  6.97807E+18 0.00410 
    2    2    1    1    1    1    1    1    1    1  2.20015E+18 0.00529 
    3    3    1    1    1    1    1    1    1    1  2.21863E+17 0.01189 
];


DET1001E = [
 1.00000E-09  6.25000E-07  3.13000E-07
 6.25000E-07  1.00000E-01  5.00003E-02
 1.00000E-01  2.00000E+01  1.00500E+01
];

DET1002 = [
    1    1    1    1    1    1    1    1    1    1  3.14285E+17 0.00619 
    2    2    1    1    1    1    1    1    1    1  4.80660E+17 0.00500 
    3    3    1    1    1    1    1    1    1    1  2.22773E+17 0.00571 
];


DET1002E = [
 1.00000E-09  6.25000E-07  3.13000E-07
 6.25000E-07  1.00000E-01  5.00003E-02
 1.00000E-01  2.00000E+01  1.00500E+01
];
