
DET1001 = [
    1    1    1    1    1    1    1    1    1    1  6.46159E+18 0.00443 
    2    2    1    1    1    1    1    1    1    1  2.02087E+18 0.00601 
    3    3    1    1    1    1    1    1    1    1  2.01801E+17 0.01116 
];


DET1001E = [
 1.00000E-09  6.25000E-07  3.13000E-07
 6.25000E-07  1.00000E-01  5.00003E-02
 1.00000E-01  2.00000E+01  1.00500E+01
];

DET1002 = [
    1    1    1    1    1    1    1    1    1    1  3.01594E+17 0.00561 
    2    2    1    1    1    1    1    1    1    1  4.38376E+17 0.00478 
    3    3    1    1    1    1    1    1    1    1  1.99301E+17 0.00637 
];


DET1002E = [
 1.00000E-09  6.25000E-07  3.13000E-07
 6.25000E-07  1.00000E-01  5.00003E-02
 1.00000E-01  2.00000E+01  1.00500E+01
];
