
DET1001 = [
    1    1    1    1    1    1    1    1    1    1  6.57544E+18 0.00422 
    2    2    1    1    1    1    1    1    1    1  2.09436E+18 0.00564 
    3    3    1    1    1    1    1    1    1    1  2.09042E+17 0.01127 
];


DET1001E = [
 1.00000E-09  6.25000E-07  3.13000E-07
 6.25000E-07  1.00000E-01  5.00003E-02
 1.00000E-01  2.00000E+01  1.00500E+01
];

DET1002 = [
    1    1    1    1    1    1    1    1    1    1  2.98302E+17 0.00574 
    2    2    1    1    1    1    1    1    1    1  4.45334E+17 0.00477 
    3    3    1    1    1    1    1    1    1    1  2.00418E+17 0.00640 
];


DET1002E = [
 1.00000E-09  6.25000E-07  3.13000E-07
 6.25000E-07  1.00000E-01  5.00003E-02
 1.00000E-01  2.00000E+01  1.00500E+01
];
