
ZAI = [
10030
541350
922350
922380
942380
942390
942400
942410
942420
952410
952440
952450
666
0
];

NAMES = [
'H3              '
'Xe135           '
'U235            '
'U238            '
'Pu238           '
'Pu239           '
'Pu240           '
'Pu241           '
'Pu242           '
'Am241           '
'Am244           '
'Am245           '
'lost            '
'total           '
];

i10030  = 1; iH3               = 1;
i541350 = 2; iXe135            = 2;
i922350 = 3; iU235             = 3;
i922380 = 4; iU238             = 4;
i942380 = 5; iPu238            = 5;
i942390 = 6; iPu239            = 6;
i942400 = 7; iPu240            = 7;
i942410 = 8; iPu241            = 8;
i942420 = 9; iPu242            = 9;
i952410 = 10; iAm241            = 10;
i952440 = 11; iAm244            = 11;
i952450 = 12; iAm245            = 12;
iLOST    = 13;
iTOT     = 14;

MAT_uco_VOLUME = [ 1.77016E+04 1.77016E+04 1.77016E+04 1.77016E+04 ];

MAT_uco_BURNUP = [ 0.00000E+00 5.73134E-01 1.02019E+01 2.09770E+01 ];

MAT_uco_ADENS = [
0.00000E+00 9.72129E-14 1.38766E-12 2.25754E-12 % H3
0.00000E+00 3.89926E-08 3.87830E-08 3.77922E-08 % Xe135
3.74777E-03 3.72947E-03 3.43195E-03 3.11853E-03 % U235
2.12374E-02 2.12336E-02 2.11677E-02 2.10911E-02 % U238
0.00000E+00 1.52338E-13 4.63667E-09 4.60107E-08 % Pu238
0.00000E+00 1.75838E-06 5.22635E-05 8.82025E-05 % Pu239
0.00000E+00 8.63414E-09 4.81820E-06 1.62030E-05 % Pu240
0.00000E+00 4.74513E-11 5.33865E-07 3.59387E-06 % Pu241
0.00000E+00 6.34631E-14 1.47706E-08 2.22239E-07 % Pu242
0.00000E+00 6.92259E-15 1.52272E-09 2.10562E-08 % Am241
0.00000E+00 2.88933E-22 3.09390E-15 1.05916E-13 % Am244
0.00000E+00 9.25733E-26 8.97938E-19 3.15325E-17 % Am245
0.00000E+00 1.21069E-07 2.17084E-06 4.48394E-06 % lost data
7.04339E-02 7.04487E-02 7.06964E-02 7.09728E-02 % total
];

MAT_uco_MDENS = [
0.00000E+00 4.86788E-13 6.94862E-12 1.13045E-11 % H3
0.00000E+00 8.73519E-06 8.68825E-06 8.46629E-06 % Xe135
1.46278E+00 1.45563E+00 1.33951E+00 1.21718E+00 % U235
8.39511E+00 8.39361E+00 8.36756E+00 8.33729E+00 % U238
0.00000E+00 6.02186E-11 1.83286E-06 1.81879E-05 % Pu238
0.00000E+00 6.98011E-04 2.07466E-02 3.50130E-02 % Pu239
0.00000E+00 3.44179E-06 1.92066E-03 6.45893E-03 % Pu240
0.00000E+00 1.89937E-08 2.13694E-04 1.43854E-03 % Pu241
0.00000E+00 2.55092E-11 5.93708E-06 8.93297E-05 % Pu242
0.00000E+00 2.77105E-12 6.09532E-07 8.42860E-06 % Am241
0.00000E+00 1.17100E-19 1.25391E-12 4.29262E-11 % Am244
0.00000E+00 3.76726E-23 3.65415E-16 1.28321E-14 % Am245
0.00000E+00 0.00000E+00 0.00000E+00 0.00000E+00 % lost data
1.10000E+01 1.09999E+01 1.09985E+01 1.09969E+01 % total
];

MAT_uco_A = [
0.00000E+00 3.06795E+06 4.37932E+07 7.12458E+07 % H3
0.00000E+00 1.45403E+16 1.44621E+16 1.40926E+16 % Xe135
2.06983E+09 2.05973E+09 1.89541E+09 1.72232E+09 % U235
1.84809E+09 1.84776E+09 1.84203E+09 1.83536E+09 % U238
0.00000E+00 6.75371E+05 2.05561E+10 2.03983E+11 % Pu238
0.00000E+00 2.83564E+10 8.42822E+11 1.42239E+12 % Pu239
0.00000E+00 5.11663E+08 2.85529E+11 9.60197E+11 % Pu240
0.00000E+00 1.29107E+09 1.45256E+13 9.77833E+13 % Pu241
0.00000E+00 6.58003E+01 1.53145E+07 2.30423E+08 % Pu242
0.00000E+00 6.22182E+03 1.36858E+09 1.89247E+10 % Am241
0.00000E+00 9.75014E+01 1.04405E+09 3.57418E+10 % Am244
0.00000E+00 1.53910E-01 1.49289E+06 5.24252E+07 % Am245
0.00000E+00 0.00000E+00 0.00000E+00 0.00000E+00 % lost data
3.91792E+09 3.29522E+18 3.62577E+18 3.65520E+18 % total
];

MAT_uco_H = [
0.00000E+00 2.79686E-09 3.99236E-08 6.49504E-08 % H3
0.00000E+00 1.31083E+03 1.30378E+03 1.27047E+03 % Xe135
1.52966E-03 1.52219E-03 1.40076E-03 1.27284E-03 % U235
1.26589E-03 1.26567E-03 1.26174E-03 1.25718E-03 % U238
0.00000E+00 6.04718E-07 1.84057E-02 1.82643E-01 % Pu238
0.00000E+00 2.38121E-02 7.07755E-01 1.19444E+00 % Pu239
0.00000E+00 4.30468E-04 2.40219E-01 8.07824E-01 % Pu240
0.00000E+00 1.10772E-06 1.24627E-02 8.38964E-02 % Pu241
0.00000E+00 5.25225E-11 1.22242E-05 1.83926E-04 % Pu242
0.00000E+00 5.57837E-09 1.22704E-03 1.69675E-02 % Am241
0.00000E+00 1.73199E-11 1.85462E-04 6.34908E-03 % Am244
0.00000E+00 7.76529E-15 7.53213E-08 2.64502E-06 % Am245
0.00000E+00 0.00000E+00 0.00000E+00 0.00000E+00 % lost data
2.79556E-03 1.19557E+06 1.21319E+06 1.19645E+06 % total
];

MAT_uco_SF = [
0.00000E+00 0.00000E+00 0.00000E+00 0.00000E+00 % H3
0.00000E+00 0.00000E+00 0.00000E+00 0.00000E+00 % Xe135
1.49028E-01 1.48300E-01 1.36469E-01 1.24007E-01 % U235
1.00906E+05 1.00888E+05 1.00575E+05 1.00211E+05 % U238
0.00000E+00 1.25619E-03 3.82344E+01 3.79408E+02 % Pu238
0.00000E+00 8.79048E-02 2.61275E+00 4.40941E+00 % Pu239
0.00000E+00 2.91648E+01 1.62752E+04 5.47313E+04 % Pu240
0.00000E+00 0.00000E+00 0.00000E+00 0.00000E+00 % Pu241
0.00000E+00 3.61902E-04 8.42299E+01 1.26733E+03 % Pu242
0.00000E+00 2.67538E-08 5.88488E-03 8.13761E-02 % Am241
0.00000E+00 0.00000E+00 0.00000E+00 0.00000E+00 % Am244
0.00000E+00 0.00000E+00 0.00000E+00 0.00000E+00 % Am245
0.00000E+00 0.00000E+00 0.00000E+00 0.00000E+00 % lost data
1.00906E+05 1.00917E+05 1.20629E+05 2.66647E+05 % total
];

MAT_uco_ING_TOX = [
0.00000E+00 1.28854E-04 1.83932E-03 2.99232E-03 % H3
0.00000E+00 3.05345E+09 3.03704E+09 2.95945E+09 % Xe135
9.72821E+01 9.68072E+01 8.90843E+01 8.09489E+01 % U235
8.31640E+01 8.31492E+01 8.28912E+01 8.25913E+01 % U238
0.00000E+00 1.55335E-01 4.72791E+03 4.69160E+04 % Pu238
0.00000E+00 7.08910E+03 2.10706E+05 3.55597E+05 % Pu239
0.00000E+00 1.27916E+02 7.13823E+04 2.40049E+05 % Pu240
0.00000E+00 6.19715E+00 6.97228E+04 4.69360E+05 % Pu241
0.00000E+00 1.57921E-05 3.67549E+00 5.53016E+01 % Pu242
0.00000E+00 1.24436E-03 2.73715E+02 3.78494E+03 % Am241
0.00000E+00 4.48507E-08 4.80263E-01 1.64412E+01 % Am244
0.00000E+00 9.54244E-12 9.25593E-05 3.25036E-03 % Am245
0.00000E+00 0.00000E+00 0.00000E+00 0.00000E+00 % lost data
1.80446E+02 4.41387E+10 5.92173E+10 5.86986E+10 % total
];

MAT_uco_INH_TOX = [
0.00000E+00 7.97666E-04 1.13862E-02 1.85239E-02 % H3
0.00000E+00 1.59943E+09 1.59083E+09 1.55019E+09 % Xe135
1.75936E+04 1.75077E+04 1.61110E+04 1.46397E+04 % U235
1.47847E+04 1.47821E+04 1.47362E+04 1.46829E+04 % U238
0.00000E+00 7.42908E+01 2.26117E+06 2.24381E+07 % Pu238
0.00000E+00 3.40277E+06 1.01139E+08 1.70687E+08 % Pu239
0.00000E+00 6.13996E+04 3.42635E+07 1.15224E+08 % Pu240
0.00000E+00 2.96947E+03 3.34089E+07 2.24902E+08 % Pu241
0.00000E+00 7.23803E-03 1.68460E+03 2.53466E+04 % Pu242
0.00000E+00 5.97295E-01 1.31383E+05 1.81677E+06 % Am241
0.00000E+00 3.60755E-07 3.86298E+00 1.32245E+02 % Am244
0.00000E+00 8.61898E-12 8.36019E-05 2.93581E-03 % Am245
0.00000E+00 0.00000E+00 0.00000E+00 0.00000E+00 % lost data
3.23783E+04 4.35056E+10 5.81208E+10 5.96342E+10 % total
];

TOT_VOLUME = [ 1.77016E+04 1.77016E+04 1.77016E+04 1.77016E+04 ];

TOT_BURNUP = [ 0.00000E+00 5.73134E-01 1.02019E+01 2.09770E+01 ];

TOT_ADENS = [
0.00000E+00 9.72129E-14 1.38766E-12 2.25754E-12 % H3
0.00000E+00 3.89926E-08 3.87830E-08 3.77922E-08 % Xe135
3.74777E-03 3.72947E-03 3.43195E-03 3.11853E-03 % U235
2.12374E-02 2.12336E-02 2.11677E-02 2.10911E-02 % U238
0.00000E+00 1.52338E-13 4.63667E-09 4.60107E-08 % Pu238
0.00000E+00 1.75838E-06 5.22635E-05 8.82025E-05 % Pu239
0.00000E+00 8.63414E-09 4.81820E-06 1.62030E-05 % Pu240
0.00000E+00 4.74513E-11 5.33865E-07 3.59387E-06 % Pu241
0.00000E+00 6.34631E-14 1.47706E-08 2.22239E-07 % Pu242
0.00000E+00 6.92259E-15 1.52272E-09 2.10562E-08 % Am241
0.00000E+00 2.88933E-22 3.09390E-15 1.05916E-13 % Am244
0.00000E+00 9.25733E-26 8.97938E-19 3.15325E-17 % Am245
0.00000E+00 1.21069E-07 2.17084E-06 4.48394E-06 % lost data
7.04339E-02 7.04487E-02 7.06964E-02 7.09728E-02 % total
];

