
DET1001 = [
    1    1    1    1    1    1    1    1    1    1  4.63575E+18 0.00476 
    2    2    1    1    1    1    1    1    1    1  2.01633E+18 0.00541 
    3    3    1    1    1    1    1    1    1    1  2.09287E+17 0.01126 
];


DET1001E = [
 1.00000E-09  6.25000E-07  3.13000E-07
 6.25000E-07  1.00000E-01  5.00003E-02
 1.00000E-01  2.00000E+01  1.00500E+01
];

DET1002 = [
    1    1    1    1    1    1    1    1    1    1  9.86841E+16 0.00945 
    2    2    1    1    1    1    1    1    1    1  3.76057E+17 0.00520 
    3    3    1    1    1    1    1    1    1    1  1.81061E+17 0.00631 
];


DET1002E = [
 1.00000E-09  6.25000E-07  3.13000E-07
 6.25000E-07  1.00000E-01  5.00003E-02
 1.00000E-01  2.00000E+01  1.00500E+01
];
