
DET1001 = [
    1    1    1    1    1    1    1    1    1    1  4.58417E+18 0.00470 
    2    2    1    1    1    1    1    1    1    1  1.95728E+18 0.00580 
    3    3    1    1    1    1    1    1    1    1  2.06099E+17 0.01061 
];


DET1001E = [
 1.00000E-09  6.25000E-07  3.13000E-07
 6.25000E-07  1.00000E-01  5.00003E-02
 1.00000E-01  2.00000E+01  1.00500E+01
];

DET1002 = [
    1    1    1    1    1    1    1    1    1    1  1.01112E+17 0.00934 
    2    2    1    1    1    1    1    1    1    1  3.69130E+17 0.00484 
    3    3    1    1    1    1    1    1    1    1  1.79846E+17 0.00654 
];


DET1002E = [
 1.00000E-09  6.25000E-07  3.13000E-07
 6.25000E-07  1.00000E-01  5.00003E-02
 1.00000E-01  2.00000E+01  1.00500E+01
];
