
DET1001 = [
    1    1    1    1    1    1    1    1    1    1  5.05650E+18 0.00452 
    2    2    1    1    1    1    1    1    1    1  1.96800E+18 0.00588 
    3    3    1    1    1    1    1    1    1    1  2.04676E+17 0.01212 
];


DET1001E = [
 1.00000E-09  6.25000E-07  3.13000E-07
 6.25000E-07  1.00000E-01  5.00003E-02
 1.00000E-01  2.00000E+01  1.00500E+01
];

DET1002 = [
    1    1    1    1    1    1    1    1    1    1  1.49806E+17 0.00758 
    2    2    1    1    1    1    1    1    1    1  3.92093E+17 0.00512 
    3    3    1    1    1    1    1    1    1    1  1.85514E+17 0.00668 
];


DET1002E = [
 1.00000E-09  6.25000E-07  3.13000E-07
 6.25000E-07  1.00000E-01  5.00003E-02
 1.00000E-01  2.00000E+01  1.00500E+01
];
