
DET1001 = [
    1    1    1    1    1    1    1    1    1    1  5.17630E+18 0.00469 
    2    2    1    1    1    1    1    1    1    1  2.01100E+18 0.00568 
    3    3    1    1    1    1    1    1    1    1  2.09283E+17 0.01132 
];


DET1001E = [
 1.00000E-09  6.25000E-07  3.13000E-07
 6.25000E-07  1.00000E-01  5.00003E-02
 1.00000E-01  2.00000E+01  1.00500E+01
];

DET1002 = [
    1    1    1    1    1    1    1    1    1    1  1.51608E+17 0.00773 
    2    2    1    1    1    1    1    1    1    1  4.07589E+17 0.00493 
    3    3    1    1    1    1    1    1    1    1  1.91289E+17 0.00622 
];


DET1002E = [
 1.00000E-09  6.25000E-07  3.13000E-07
 6.25000E-07  1.00000E-01  5.00003E-02
 1.00000E-01  2.00000E+01  1.00500E+01
];
