
DET1001 = [
    1    1    1    1    1    1    1    1    1    1  4.93645E+18 0.00483 
    2    2    1    1    1    1    1    1    1    1  1.91447E+18 0.00567 
    3    3    1    1    1    1    1    1    1    1  1.96431E+17 0.01075 
];


DET1001E = [
 1.00000E-09  6.25000E-07  3.13000E-07
 6.25000E-07  1.00000E-01  5.00003E-02
 1.00000E-01  2.00000E+01  1.00500E+01
];

DET1002 = [
    1    1    1    1    1    1    1    1    1    1  1.48326E+17 0.00778 
    2    2    1    1    1    1    1    1    1    1  3.72204E+17 0.00474 
    3    3    1    1    1    1    1    1    1    1  1.75482E+17 0.00611 
];


DET1002E = [
 1.00000E-09  6.25000E-07  3.13000E-07
 6.25000E-07  1.00000E-01  5.00003E-02
 1.00000E-01  2.00000E+01  1.00500E+01
];
