
ZAI = [
10030
541350
922350
922380
942380
942390
942400
942410
942420
952410
952440
952450
666
0
];

NAMES = [
'H3              '
'Xe135           '
'U235            '
'U238            '
'Pu238           '
'Pu239           '
'Pu240           '
'Pu241           '
'Pu242           '
'Am241           '
'Am244           '
'Am245           '
'lost            '
'total           '
];

i10030  = 1; iH3               = 1;
i541350 = 2; iXe135            = 2;
i922350 = 3; iU235             = 3;
i922380 = 4; iU238             = 4;
i942380 = 5; iPu238            = 5;
i942390 = 6; iPu239            = 6;
i942400 = 7; iPu240            = 7;
i942410 = 8; iPu241            = 8;
i942420 = 9; iPu242            = 9;
i952410 = 10; iAm241            = 10;
i952440 = 11; iAm244            = 11;
i952450 = 12; iAm245            = 12;
iLOST    = 13;
iTOT     = 14;

MAT_uco_VOLUME = [ 2.85911E+04 2.85911E+04 2.85911E+04 2.85911E+04 ];

MAT_uco_BURNUP = [ 0.00000E+00 3.54861E-01 6.31649E+00 1.29879E+01 ];

MAT_uco_ADENS = [
0.00000E+00 8.02391E-14 1.27685E-12 2.30137E-12 % H3
0.00000E+00 3.59752E-08 3.60958E-08 3.59668E-08 % Xe135
4.31104E-03 4.29955E-03 4.11021E-03 3.90627E-03 % U235
2.06805E-02 2.06780E-02 2.06349E-02 2.05853E-02 % U238
0.00000E+00 7.87695E-14 1.73910E-09 1.67173E-08 % Pu238
0.00000E+00 1.16544E-06 3.79846E-05 7.08500E-05 % Pu239
0.00000E+00 3.22850E-09 1.86279E-06 6.84493E-06 % Pu240
0.00000E+00 1.33980E-11 1.57029E-07 1.17980E-06 % Pu241
0.00000E+00 9.67216E-15 2.26452E-09 3.66159E-08 % Pu242
0.00000E+00 1.97845E-15 4.50270E-10 7.02914E-09 % Am241
0.00000E+00 2.66406E-23 2.77484E-16 1.01113E-14 % Am244
0.00000E+00 4.70636E-27 4.41509E-20 1.62167E-18 % Am245
0.00000E+00 7.49836E-08 1.34017E-06 2.76460E-06 % lost data
7.04520E-02 7.04611E-02 7.06143E-02 7.07856E-02 % total
];

MAT_uco_MDENS = [
0.00000E+00 4.01792E-13 6.39374E-12 1.15239E-11 % H3
0.00000E+00 8.05923E-06 8.08625E-06 8.05734E-06 % Xe135
1.68262E+00 1.67814E+00 1.60424E+00 1.52464E+00 % U235
8.17497E+00 8.17398E+00 8.15696E+00 8.13737E+00 % U238
0.00000E+00 3.11373E-11 6.87461E-07 6.60828E-06 % Pu238
0.00000E+00 4.62637E-04 1.50784E-02 2.81247E-02 % Pu239
0.00000E+00 1.28696E-06 7.42556E-04 2.72856E-03 % Pu240
0.00000E+00 5.36291E-09 6.28551E-05 4.72246E-04 % Pu241
0.00000E+00 3.88776E-12 9.10232E-07 1.47179E-05 % Pu242
0.00000E+00 7.91953E-13 1.80239E-07 2.81370E-06 % Am241
0.00000E+00 1.07970E-20 1.12460E-13 4.09796E-12 % Am244
0.00000E+00 1.91525E-24 1.79671E-17 6.59937E-16 % Am245
0.00000E+00 0.00000E+00 0.00000E+00 0.00000E+00 % lost data
1.10000E+01 1.09999E+01 1.09991E+01 1.09981E+01 % total
];

MAT_uco_A = [
0.00000E+00 4.09004E+06 6.50850E+07 1.17308E+08 % H3
0.00000E+00 2.16676E+16 2.17403E+16 2.16625E+16 % Xe135
3.84559E+09 3.83534E+09 3.66644E+09 3.48453E+09 % U235
2.90671E+09 2.90635E+09 2.90030E+09 2.89334E+09 % U238
0.00000E+00 5.64042E+05 1.24531E+10 1.19707E+11 % Pu238
0.00000E+00 3.03562E+10 9.89381E+11 1.84542E+12 % Pu239
0.00000E+00 3.09018E+08 1.78298E+11 6.55167E+11 % Pu240
0.00000E+00 5.88790E+08 6.90081E+12 5.18475E+13 % Pu241
0.00000E+00 1.61975E+01 3.79228E+06 6.13190E+07 % Pu242
0.00000E+00 2.87204E+03 6.53641E+08 1.02040E+10 % Am241
0.00000E+00 1.45203E+01 1.51242E+08 5.51112E+09 % Am244
0.00000E+00 1.26382E-02 1.18560E+05 4.35474E+06 % Am245
0.00000E+00 0.00000E+00 0.00000E+00 0.00000E+00 % lost data
6.75229E+09 3.32282E+18 3.68030E+18 3.73353E+18 % total
];

MAT_uco_H = [
0.00000E+00 3.72864E-09 5.93340E-08 1.06943E-07 % H3
0.00000E+00 1.95337E+03 1.95992E+03 1.95291E+03 % Xe135
2.84199E-03 2.83442E-03 2.70960E-03 2.57516E-03 % U235
1.99102E-03 1.99078E-03 1.98663E-03 1.98186E-03 % U238
0.00000E+00 5.05036E-07 1.11504E-02 1.07184E-01 % Pu238
0.00000E+00 2.54915E-02 8.30827E-01 1.54968E+00 % Pu239
0.00000E+00 2.59980E-04 1.50004E-01 5.51199E-01 % Pu240
0.00000E+00 5.05172E-07 5.92078E-03 4.44843E-02 % Pu241
0.00000E+00 1.29290E-11 3.02704E-06 4.89455E-05 % Pu242
0.00000E+00 2.57502E-09 5.86043E-04 9.14869E-03 % Am241
0.00000E+00 2.57935E-12 2.68662E-05 9.78981E-04 % Am244
0.00000E+00 6.37639E-16 5.98176E-09 2.19711E-07 % Am245
0.00000E+00 0.00000E+00 0.00000E+00 0.00000E+00 % lost data
4.83301E-03 1.19873E+06 1.22965E+06 1.22429E+06 % total
];

MAT_uco_SF = [
0.00000E+00 0.00000E+00 0.00000E+00 0.00000E+00 % H3
0.00000E+00 0.00000E+00 0.00000E+00 0.00000E+00 % Xe135
2.76882E-01 2.76144E-01 2.63984E-01 2.50886E-01 % U235
1.58706E+05 1.58687E+05 1.58356E+05 1.57976E+05 % U238
0.00000E+00 1.04912E-03 2.31628E+01 2.22654E+02 % Pu238
0.00000E+00 9.41043E-02 3.06708E+00 5.72081E+00 % Pu239
0.00000E+00 1.76140E+01 1.01630E+04 3.73445E+04 % Pu240
0.00000E+00 0.00000E+00 0.00000E+00 0.00000E+00 % Pu241
0.00000E+00 8.90863E-05 2.08576E+01 3.37254E+02 % Pu242
0.00000E+00 1.23498E-08 2.81066E-03 4.38770E-02 % Am241
0.00000E+00 0.00000E+00 0.00000E+00 0.00000E+00 % Am244
0.00000E+00 0.00000E+00 0.00000E+00 0.00000E+00 % Am245
0.00000E+00 0.00000E+00 0.00000E+00 0.00000E+00 % lost data
1.58706E+05 1.58705E+05 1.69544E+05 2.27717E+05 % total
];

MAT_uco_ING_TOX = [
0.00000E+00 1.71782E-04 2.73357E-03 4.92694E-03 % H3
0.00000E+00 4.55020E+09 4.56545E+09 4.54913E+09 % Xe135
1.80743E+02 1.80261E+02 1.72323E+02 1.63773E+02 % U235
1.30802E+02 1.30786E+02 1.30514E+02 1.30200E+02 % U238
0.00000E+00 1.29730E-01 2.86422E+03 2.75325E+04 % Pu238
0.00000E+00 7.58905E+03 2.47345E+05 4.61355E+05 % Pu239
0.00000E+00 7.72545E+01 4.45746E+04 1.63792E+05 % Pu240
0.00000E+00 2.82619E+00 3.31239E+04 2.48868E+05 % Pu241
0.00000E+00 3.88740E-06 9.10148E-01 1.47166E+01 % Pu242
0.00000E+00 5.74409E-04 1.30728E+02 2.04079E+03 % Am241
0.00000E+00 6.67935E-09 6.95711E-02 2.53512E+00 % Am244
0.00000E+00 7.83568E-13 7.35074E-06 2.69994E-04 % Am245
0.00000E+00 0.00000E+00 0.00000E+00 0.00000E+00 % lost data
3.11544E+02 4.56818E+10 6.11446E+10 6.10787E+10 % total
];

MAT_uco_INH_TOX = [
0.00000E+00 1.06341E-03 1.69221E-02 3.05001E-02 % H3
0.00000E+00 2.38344E+09 2.39143E+09 2.38288E+09 % Xe135
3.26875E+04 3.26004E+04 3.11647E+04 2.96185E+04 % U235
2.32536E+04 2.32508E+04 2.32024E+04 2.31467E+04 % U238
0.00000E+00 6.20446E+01 1.36984E+06 1.31677E+07 % Pu238
0.00000E+00 3.64275E+06 1.18726E+08 2.21451E+08 % Pu239
0.00000E+00 3.70822E+04 2.13958E+07 7.86201E+07 % Pu240
0.00000E+00 1.35422E+03 1.58719E+07 1.19249E+08 % Pu241
0.00000E+00 1.78173E-03 4.17151E+02 6.74509E+03 % Pu242
0.00000E+00 2.75716E-01 6.27496E+04 9.79581E+05 % Am241
0.00000E+00 5.37252E-08 5.59594E-01 2.03911E+01 % Am244
0.00000E+00 7.07739E-13 6.63938E-06 2.43866E-04 % Am245
0.00000E+00 0.00000E+00 0.00000E+00 0.00000E+00 % lost data
5.59411E+04 4.43489E+10 5.92177E+10 6.10130E+10 % total
];

TOT_VOLUME = [ 2.85911E+04 2.85911E+04 2.85911E+04 2.85911E+04 ];

TOT_BURNUP = [ 0.00000E+00 3.54861E-01 6.31649E+00 1.29879E+01 ];

TOT_ADENS = [
0.00000E+00 8.02391E-14 1.27685E-12 2.30137E-12 % H3
0.00000E+00 3.59752E-08 3.60958E-08 3.59668E-08 % Xe135
4.31104E-03 4.29955E-03 4.11021E-03 3.90627E-03 % U235
2.06805E-02 2.06780E-02 2.06349E-02 2.05853E-02 % U238
0.00000E+00 7.87695E-14 1.73910E-09 1.67173E-08 % Pu238
0.00000E+00 1.16544E-06 3.79846E-05 7.08500E-05 % Pu239
0.00000E+00 3.22850E-09 1.86279E-06 6.84493E-06 % Pu240
0.00000E+00 1.33980E-11 1.57029E-07 1.17980E-06 % Pu241
0.00000E+00 9.67216E-15 2.26452E-09 3.66159E-08 % Pu242
0.00000E+00 1.97845E-15 4.50270E-10 7.02914E-09 % Am241
0.00000E+00 2.66406E-23 2.77484E-16 1.01113E-14 % Am244
0.00000E+00 4.70636E-27 4.41509E-20 1.62167E-18 % Am245
0.00000E+00 7.49836E-08 1.34017E-06 2.76460E-06 % lost data
7.04520E-02 7.04611E-02 7.06143E-02 7.07856E-02 % total
];

