
DET1001 = [
    1    1    1    1    1    1    1    1    1    1  4.60102E+18 0.00453 
    2    2    1    1    1    1    1    1    1    1  1.79831E+18 0.00566 
    3    3    1    1    1    1    1    1    1    1  1.87488E+17 0.01180 
];


DET1001E = [
 1.00000E-09  6.25000E-07  3.13000E-07
 6.25000E-07  1.00000E-01  5.00003E-02
 1.00000E-01  2.00000E+01  1.00500E+01
];

DET1002 = [
    1    1    1    1    1    1    1    1    1    1  1.32730E+17 0.00778 
    2    2    1    1    1    1    1    1    1    1  3.54818E+17 0.00493 
    3    3    1    1    1    1    1    1    1    1  1.69294E+17 0.00622 
];


DET1002E = [
 1.00000E-09  6.25000E-07  3.13000E-07
 6.25000E-07  1.00000E-01  5.00003E-02
 1.00000E-01  2.00000E+01  1.00500E+01
];
