
DET1001 = [
    1    1    1    1    1    1    1    1    1    1  4.75527E+18 0.00486 
    2    2    1    1    1    1    1    1    1    1  1.88305E+18 0.00565 
    3    3    1    1    1    1    1    1    1    1  1.91584E+17 0.01173 
];


DET1001E = [
 1.00000E-09  6.25000E-07  3.13000E-07
 6.25000E-07  1.00000E-01  5.00003E-02
 1.00000E-01  2.00000E+01  1.00500E+01
];

DET1002 = [
    1    1    1    1    1    1    1    1    1    1  1.32955E+17 0.00784 
    2    2    1    1    1    1    1    1    1    1  3.76188E+17 0.00489 
    3    3    1    1    1    1    1    1    1    1  1.80971E+17 0.00666 
];


DET1002E = [
 1.00000E-09  6.25000E-07  3.13000E-07
 6.25000E-07  1.00000E-01  5.00003E-02
 1.00000E-01  2.00000E+01  1.00500E+01
];
