
ZAI = [
10030
541350
922350
922380
942380
942390
942400
942410
942420
952410
952440
952450
666
0
];

NAMES = [
'H3              '
'Xe135           '
'U235            '
'U238            '
'Pu238           '
'Pu239           '
'Pu240           '
'Pu241           '
'Pu242           '
'Am241           '
'Am244           '
'Am245           '
'lost            '
'total           '
];

i10030  = 1; iH3               = 1;
i541350 = 2; iXe135            = 2;
i922350 = 3; iU235             = 3;
i922380 = 4; iU238             = 4;
i942380 = 5; iPu238            = 5;
i942390 = 6; iPu239            = 6;
i942400 = 7; iPu240            = 7;
i942410 = 8; iPu241            = 8;
i942420 = 9; iPu242            = 9;
i952410 = 10; iAm241            = 10;
i952440 = 11; iAm244            = 11;
i952450 = 12; iAm245            = 12;
iLOST    = 13;
iTOT     = 14;

MAT_uco_VOLUME = [ 2.41547E+04 2.41547E+04 2.41547E+04 2.41547E+04 ];

MAT_uco_BURNUP = [ 0.00000E+00 4.20041E-01 7.47678E+00 1.53738E+01 ];

MAT_uco_ADENS = [
0.00000E+00 9.21811E-14 1.44161E-12 2.58243E-12 % H3
0.00000E+00 4.20843E-08 4.21102E-08 4.18510E-08 % Xe135
4.87458E-03 4.86094E-03 4.63604E-03 4.39351E-03 % U235
2.01233E-02 2.01206E-02 2.00732E-02 2.00187E-02 % U238
0.00000E+00 1.02374E-13 2.41606E-09 2.35803E-08 % Pu238
0.00000E+00 1.27240E-06 4.15020E-05 7.69393E-05 % Pu239
0.00000E+00 3.71880E-09 2.11992E-06 7.69864E-06 % Pu240
0.00000E+00 1.69758E-11 1.96377E-07 1.45983E-06 % Pu241
0.00000E+00 1.28272E-14 2.96856E-09 4.75742E-08 % Pu242
0.00000E+00 2.51185E-15 5.63201E-10 8.69554E-09 % Am241
0.00000E+00 4.34189E-23 4.51414E-16 1.60936E-14 % Am244
0.00000E+00 8.04226E-27 7.60247E-20 2.73700E-18 % Am245
0.00000E+00 8.87646E-08 1.58625E-06 3.27174E-06 % lost data
7.04699E-02 7.04807E-02 7.06620E-02 7.08648E-02 % total
];

MAT_uco_MDENS = [
0.00000E+00 4.61591E-13 7.21877E-12 1.29314E-11 % H3
0.00000E+00 9.42780E-06 9.43360E-06 9.37553E-06 % Xe135
1.90258E+00 1.89726E+00 1.80947E+00 1.71481E+00 % U235
7.95473E+00 7.95364E+00 7.93492E+00 7.91338E+00 % U238
0.00000E+00 4.04681E-11 9.55061E-07 9.32122E-06 % Pu238
0.00000E+00 5.05093E-04 1.64747E-02 3.05420E-02 % Pu239
0.00000E+00 1.48241E-06 8.45054E-04 3.06888E-03 % Pu240
0.00000E+00 6.79504E-09 7.86051E-05 5.84337E-04 % Pu241
0.00000E+00 5.15596E-12 1.19322E-06 1.91226E-05 % Pu242
0.00000E+00 1.00547E-12 2.25444E-07 3.48074E-06 % Am241
0.00000E+00 1.75971E-20 1.82951E-13 6.52251E-12 % Am244
0.00000E+00 3.27279E-24 3.09382E-17 1.11382E-15 % Am245
0.00000E+00 0.00000E+00 0.00000E+00 0.00000E+00 % lost data
1.10000E+01 1.09999E+01 1.09989E+01 1.09978E+01 % total
];

MAT_uco_A = [
0.00000E+00 3.96967E+06 6.20811E+07 1.11209E+08 % H3
0.00000E+00 2.14140E+16 2.14272E+16 2.12953E+16 % Xe135
3.67357E+09 3.66329E+09 3.49380E+09 3.31103E+09 % U235
2.38952E+09 2.38919E+09 2.38357E+09 2.37710E+09 % U238
0.00000E+00 6.19317E+05 1.46161E+10 1.42650E+11 % Pu238
0.00000E+00 2.79994E+10 9.13262E+11 1.69307E+12 % Pu239
0.00000E+00 3.00716E+08 1.71424E+11 6.22541E+11 % Pu240
0.00000E+00 6.30263E+08 7.29089E+12 5.41992E+13 % Pu241
0.00000E+00 1.81480E+01 4.19991E+06 6.73080E+07 % Pu242
0.00000E+00 3.08056E+03 6.90717E+08 1.06643E+10 % Am241
0.00000E+00 1.99932E+01 2.07863E+08 7.41065E+09 % Am244
0.00000E+00 1.82452E-02 1.72475E+05 6.20934E+06 % Am245
0.00000E+00 0.00000E+00 0.00000E+00 0.00000E+00 % lost data
6.06309E+09 3.29976E+18 3.65091E+18 3.70301E+18 % total
];

MAT_uco_H = [
0.00000E+00 3.61890E-09 5.65956E-08 1.01383E-07 % H3
0.00000E+00 1.93051E+03 1.93170E+03 1.91981E+03 % Xe135
2.71487E-03 2.70727E-03 2.58201E-03 2.44694E-03 % U235
1.63676E-03 1.63654E-03 1.63268E-03 1.62825E-03 % U238
0.00000E+00 5.54528E-07 1.30870E-02 1.27727E-01 % Pu238
0.00000E+00 2.35123E-02 7.66907E-01 1.42174E+00 % Pu239
0.00000E+00 2.52995E-04 1.44221E-01 5.23750E-01 % Pu240
0.00000E+00 5.40755E-07 6.25546E-03 4.65020E-02 % Pu241
0.00000E+00 1.44859E-11 3.35242E-06 5.37260E-05 % Pu242
0.00000E+00 2.76198E-09 6.19284E-04 9.56144E-03 % Am241
0.00000E+00 3.55154E-12 3.69243E-05 1.31641E-03 % Am244
0.00000E+00 9.20531E-16 8.70191E-09 3.13282E-07 % Am245
0.00000E+00 0.00000E+00 0.00000E+00 0.00000E+00 % lost data
4.35163E-03 1.19697E+06 1.22602E+06 1.22058E+06 % total
];

MAT_uco_SF = [
0.00000E+00 0.00000E+00 0.00000E+00 0.00000E+00 % H3
0.00000E+00 0.00000E+00 0.00000E+00 0.00000E+00 % Xe135
2.64497E-01 2.63757E-01 2.51554E-01 2.38394E-01 % U235
1.30468E+05 1.30450E+05 1.30143E+05 1.29790E+05 % U238
0.00000E+00 1.15193E-03 2.71859E+01 2.65330E+02 % Pu238
0.00000E+00 8.67981E-02 2.83111E+00 5.24851E+00 % Pu239
0.00000E+00 1.71408E+01 9.77119E+03 3.54848E+04 % Pu240
0.00000E+00 0.00000E+00 0.00000E+00 0.00000E+00 % Pu241
0.00000E+00 9.98140E-05 2.30995E+01 3.70194E+02 % Pu242
0.00000E+00 1.32464E-08 2.97008E-03 4.58566E-02 % Am241
0.00000E+00 0.00000E+00 0.00000E+00 0.00000E+00 % Am244
0.00000E+00 0.00000E+00 0.00000E+00 0.00000E+00 % Am245
0.00000E+00 0.00000E+00 0.00000E+00 0.00000E+00 % lost data
1.30468E+05 1.30467E+05 1.41063E+05 2.01344E+05 % total
];

MAT_uco_ING_TOX = [
0.00000E+00 1.66726E-04 2.60741E-03 4.67079E-03 % H3
0.00000E+00 4.49694E+09 4.49971E+09 4.47201E+09 % Xe135
1.72658E+02 1.72175E+02 1.64209E+02 1.55618E+02 % U235
1.07528E+02 1.07514E+02 1.07261E+02 1.06969E+02 % U238
0.00000E+00 1.42443E-01 3.36170E+03 3.28096E+04 % Pu238
0.00000E+00 6.99985E+03 2.28315E+05 4.23267E+05 % Pu239
0.00000E+00 7.51789E+01 4.28561E+04 1.55635E+05 % Pu240
0.00000E+00 3.02526E+00 3.49963E+04 2.60156E+05 % Pu241
0.00000E+00 4.35552E-06 1.00798E+00 1.61539E+01 % Pu242
0.00000E+00 6.16112E-04 1.38143E+02 2.13286E+03 % Am241
0.00000E+00 9.19687E-09 9.56171E-02 3.40890E+00 % Am244
0.00000E+00 1.13120E-12 1.06934E-05 3.84979E-04 % Am245
0.00000E+00 0.00000E+00 0.00000E+00 0.00000E+00 % lost data
2.80186E+02 4.56176E+10 6.09713E+10 6.08744E+10 % total
];

MAT_uco_INH_TOX = [
0.00000E+00 1.03211E-03 1.61411E-02 2.89144E-02 % H3
0.00000E+00 2.35554E+09 2.35699E+09 2.34248E+09 % Xe135
3.12254E+04 3.11380E+04 2.96973E+04 2.81437E+04 % U235
1.91161E+04 1.91135E+04 1.90685E+04 1.90168E+04 % U238
0.00000E+00 6.81249E+01 1.60777E+06 1.56915E+07 % Pu238
0.00000E+00 3.35993E+06 1.09591E+08 2.03168E+08 % Pu239
0.00000E+00 3.60859E+04 2.05709E+07 7.47049E+07 % Pu240
0.00000E+00 1.44960E+03 1.67691E+07 1.24658E+08 % Pu241
0.00000E+00 1.99628E-03 4.61991E+02 7.40388E+03 % Pu242
0.00000E+00 2.95734E-01 6.63089E+04 1.02377E+06 % Am241
0.00000E+00 7.39748E-08 7.69094E-01 2.74194E+01 % Am244
0.00000E+00 1.02173E-12 9.65857E-06 3.47723E-04 % Am245
0.00000E+00 0.00000E+00 0.00000E+00 0.00000E+00 % lost data
5.03415E+04 4.43073E+10 5.90614E+10 6.08218E+10 % total
];

TOT_VOLUME = [ 2.41547E+04 2.41547E+04 2.41547E+04 2.41547E+04 ];

TOT_BURNUP = [ 0.00000E+00 4.20041E-01 7.47678E+00 1.53738E+01 ];

TOT_ADENS = [
0.00000E+00 9.21811E-14 1.44161E-12 2.58243E-12 % H3
0.00000E+00 4.20843E-08 4.21102E-08 4.18510E-08 % Xe135
4.87458E-03 4.86094E-03 4.63604E-03 4.39351E-03 % U235
2.01233E-02 2.01206E-02 2.00732E-02 2.00187E-02 % U238
0.00000E+00 1.02374E-13 2.41606E-09 2.35803E-08 % Pu238
0.00000E+00 1.27240E-06 4.15020E-05 7.69393E-05 % Pu239
0.00000E+00 3.71880E-09 2.11992E-06 7.69864E-06 % Pu240
0.00000E+00 1.69758E-11 1.96377E-07 1.45983E-06 % Pu241
0.00000E+00 1.28272E-14 2.96856E-09 4.75742E-08 % Pu242
0.00000E+00 2.51185E-15 5.63201E-10 8.69554E-09 % Am241
0.00000E+00 4.34189E-23 4.51414E-16 1.60936E-14 % Am244
0.00000E+00 8.04226E-27 7.60247E-20 2.73700E-18 % Am245
0.00000E+00 8.87646E-08 1.58625E-06 3.27174E-06 % lost data
7.04699E-02 7.04807E-02 7.06620E-02 7.08648E-02 % total
];

