
DET1001 = [
    1    1    1    1    1    1    1    1    1    1  4.85856E+18 0.00458 
    2    2    1    1    1    1    1    1    1    1  1.91863E+18 0.00566 
    3    3    1    1    1    1    1    1    1    1  1.98681E+17 0.01207 
];


DET1001E = [
 1.00000E-09  6.25000E-07  3.13000E-07
 6.25000E-07  1.00000E-01  5.00003E-02
 1.00000E-01  2.00000E+01  1.00500E+01
];

DET1002 = [
    1    1    1    1    1    1    1    1    1    1  1.32951E+17 0.00785 
    2    2    1    1    1    1    1    1    1    1  3.86188E+17 0.00507 
    3    3    1    1    1    1    1    1    1    1  1.85137E+17 0.00655 
];


DET1002E = [
 1.00000E-09  6.25000E-07  3.13000E-07
 6.25000E-07  1.00000E-01  5.00003E-02
 1.00000E-01  2.00000E+01  1.00500E+01
];
