
DET1001 = [
    1    1    1    1    1    1    1    1    1    1  4.70516E+18 0.00443 
    2    2    1    1    1    1    1    1    1    1  1.84402E+18 0.00565 
    3    3    1    1    1    1    1    1    1    1  1.90207E+17 0.01150 
];


DET1001E = [
 1.00000E-09  6.25000E-07  3.13000E-07
 6.25000E-07  1.00000E-01  5.00003E-02
 1.00000E-01  2.00000E+01  1.00500E+01
];

DET1002 = [
    1    1    1    1    1    1    1    1    1    1  1.30663E+17 0.00782 
    2    2    1    1    1    1    1    1    1    1  3.62120E+17 0.00497 
    3    3    1    1    1    1    1    1    1    1  1.74573E+17 0.00628 
];


DET1002E = [
 1.00000E-09  6.25000E-07  3.13000E-07
 6.25000E-07  1.00000E-01  5.00003E-02
 1.00000E-01  2.00000E+01  1.00500E+01
];
