
DET1001 = [
    1    1    1    1    1    1    1    1    1    1  4.63213E+18 0.00505 
    2    2    1    1    1    1    1    1    1    1  1.89775E+18 0.00586 
    3    3    1    1    1    1    1    1    1    1  1.70359E+17 0.01152 
];


DET1001E = [
 1.00000E-09  6.25000E-07  3.13000E-07
 6.25000E-07  1.00000E-01  5.00003E-02
 1.00000E-01  2.00000E+01  1.00500E+01
];

DET1002 = [
    1    1    1    1    1    1    1    1    1    1  1.34930E+17 0.00791 
    2    2    1    1    1    1    1    1    1    1  4.01124E+17 0.00483 
    3    3    1    1    1    1    1    1    1    1  1.83325E+17 0.00602 
];


DET1002E = [
 1.00000E-09  6.25000E-07  3.13000E-07
 6.25000E-07  1.00000E-01  5.00003E-02
 1.00000E-01  2.00000E+01  1.00500E+01
];
