
DET1001 = [
    1    1    1    1    1    1    1    1    1    1  4.56204E+18 0.00466 
    2    2    1    1    1    1    1    1    1    1  1.83461E+18 0.00585 
    3    3    1    1    1    1    1    1    1    1  1.64647E+17 0.01181 
];


DET1001E = [
 1.00000E-09  6.25000E-07  3.13000E-07
 6.25000E-07  1.00000E-01  5.00003E-02
 1.00000E-01  2.00000E+01  1.00500E+01
];

DET1002 = [
    1    1    1    1    1    1    1    1    1    1  1.34284E+17 0.00795 
    2    2    1    1    1    1    1    1    1    1  3.92203E+17 0.00489 
    3    3    1    1    1    1    1    1    1    1  1.79815E+17 0.00639 
];


DET1002E = [
 1.00000E-09  6.25000E-07  3.13000E-07
 6.25000E-07  1.00000E-01  5.00003E-02
 1.00000E-01  2.00000E+01  1.00500E+01
];
