
ZAI = [
10030
541350
922350
922380
942380
942390
942400
942410
942420
952410
952440
952450
666
0
];

NAMES = [
'H3              '
'Xe135           '
'U235            '
'U238            '
'Pu238           '
'Pu239           '
'Pu240           '
'Pu241           '
'Pu242           '
'Am241           '
'Am244           '
'Am245           '
'lost            '
'total           '
];

i10030  = 1; iH3               = 1;
i541350 = 2; iXe135            = 2;
i922350 = 3; iU235             = 3;
i922380 = 4; iU238             = 4;
i942380 = 5; iPu238            = 5;
i942390 = 6; iPu239            = 6;
i942400 = 7; iPu240            = 7;
i942410 = 8; iPu241            = 8;
i942420 = 9; iPu242            = 9;
i952410 = 10; iAm241            = 10;
i952440 = 11; iAm244            = 11;
i952450 = 12; iAm245            = 12;
iLOST    = 13;
iTOT     = 14;

MAT_uco_VOLUME = [ 3.09778E+04 3.09778E+04 3.09778E+04 3.09778E+04 ];

MAT_uco_BURNUP = [ 0.00000E+00 3.27523E-01 5.82996E+00 1.19874E+01 ];

MAT_uco_ADENS = [
0.00000E+00 7.67256E-14 1.22070E-12 2.21790E-12 % H3
0.00000E+00 3.47563E-08 3.49860E-08 3.49787E-08 % Xe135
4.31104E-03 4.30040E-03 4.12516E-03 3.93647E-03 % U235
2.06805E-02 2.06779E-02 2.06342E-02 2.05842E-02 % U238
0.00000E+00 6.96523E-14 1.49438E-09 1.43251E-08 % Pu238
0.00000E+00 1.17787E-06 3.89972E-05 7.34110E-05 % Pu239
0.00000E+00 3.01665E-09 1.74677E-06 6.44370E-06 % Pu240
0.00000E+00 1.20867E-11 1.41261E-07 1.08057E-06 % Pu241
0.00000E+00 7.94683E-15 1.84017E-09 3.00109E-08 % Pu242
0.00000E+00 1.78923E-15 4.05246E-10 6.44847E-09 % Am241
0.00000E+00 2.06140E-23 2.06960E-16 7.67451E-15 % Am244
0.00000E+00 3.32120E-27 3.01590E-20 1.11804E-18 % Am245
0.00000E+00 6.92095E-08 1.23704E-06 2.55199E-06 % lost data
7.04520E-02 7.04604E-02 7.06018E-02 7.07599E-02 % total
];

MAT_uco_MDENS = [
0.00000E+00 3.84199E-13 6.11260E-12 1.11060E-11 % H3
0.00000E+00 7.78616E-06 7.83762E-06 7.83598E-06 % Xe135
1.68262E+00 1.67847E+00 1.61007E+00 1.53643E+00 % U235
8.17497E+00 8.17397E+00 8.15669E+00 8.13692E+00 % U238
0.00000E+00 2.75333E-11 5.90722E-07 5.66268E-06 % Pu238
0.00000E+00 4.67568E-04 1.54804E-02 2.91414E-02 % Pu239
0.00000E+00 1.20251E-06 6.96308E-04 2.56862E-03 % Pu240
0.00000E+00 4.83803E-09 5.65436E-05 4.32529E-04 % Pu241
0.00000E+00 3.19426E-12 7.39663E-07 1.20630E-05 % Pu242
0.00000E+00 7.16210E-13 1.62216E-07 2.58126E-06 % Am241
0.00000E+00 8.35455E-21 8.38781E-14 3.11037E-12 % Am244
0.00000E+00 1.35156E-24 1.22732E-17 4.54983E-16 % Am245
0.00000E+00 0.00000E+00 0.00000E+00 0.00000E+00 % lost data
1.10000E+01 1.10000E+01 1.09992E+01 1.09983E+01 % total
];

MAT_uco_A = [
0.00000E+00 4.23742E+06 6.74173E+07 1.22490E+08 % H3
0.00000E+00 2.26809E+16 2.28308E+16 2.28260E+16 % Xe135
4.16660E+09 4.15632E+09 3.98695E+09 3.80458E+09 % U235
3.14934E+09 3.14896E+09 3.14230E+09 3.13468E+09 % U238
0.00000E+00 5.40390E+05 1.15940E+10 1.11140E+11 % Pu238
0.00000E+00 3.32407E+10 1.10055E+12 2.07174E+12 % Pu239
0.00000E+00 3.12843E+08 1.81150E+11 6.68248E+11 % Pu240
0.00000E+00 5.75502E+08 6.72608E+12 5.14509E+13 % Pu241
0.00000E+00 1.44191E+01 3.33889E+06 5.44531E+07 % Pu242
0.00000E+00 2.81417E+03 6.37389E+08 1.01424E+10 % Am241
0.00000E+00 1.21735E+01 1.22219E+08 4.53213E+09 % Am244
0.00000E+00 9.66306E-03 8.77478E+04 3.25293E+06 % Am245
0.00000E+00 0.00000E+00 0.00000E+00 0.00000E+00 % lost data
7.31594E+09 3.35166E+18 3.72171E+18 3.77516E+18 % total
];

MAT_uco_H = [
0.00000E+00 3.86299E-09 6.14602E-08 1.11667E-07 % H3
0.00000E+00 2.04472E+03 2.05823E+03 2.05780E+03 % Xe135
3.07923E-03 3.07163E-03 2.94646E-03 2.81169E-03 % U235
2.15722E-03 2.15695E-03 2.15240E-03 2.14718E-03 % U238
0.00000E+00 4.83858E-07 1.03811E-02 9.95133E-02 % Pu238
0.00000E+00 2.79137E-02 9.24178E-01 1.73973E+00 % Pu239
0.00000E+00 2.63198E-04 1.52403E-01 5.62204E-01 % Pu240
0.00000E+00 4.93771E-07 5.77086E-03 4.41440E-02 % Pu241
0.00000E+00 1.15095E-11 2.66514E-06 4.34651E-05 % Pu242
0.00000E+00 2.52314E-09 5.71471E-04 9.09353E-03 % Am241
0.00000E+00 2.16246E-12 2.17107E-05 8.05075E-04 % Am244
0.00000E+00 4.87533E-16 4.42717E-09 1.64121E-07 % Am245
0.00000E+00 0.00000E+00 0.00000E+00 0.00000E+00 % lost data
5.23645E-03 1.20092E+06 1.23462E+06 1.22955E+06 % total
];

MAT_uco_SF = [
0.00000E+00 0.00000E+00 0.00000E+00 0.00000E+00 % H3
0.00000E+00 0.00000E+00 0.00000E+00 0.00000E+00 % Xe135
2.99995E-01 2.99255E-01 2.87060E-01 2.73930E-01 % U235
1.71954E+05 1.71933E+05 1.71570E+05 1.71154E+05 % U238
0.00000E+00 1.00513E-03 2.15648E+01 2.06720E+02 % Pu238
0.00000E+00 1.03046E-01 3.41169E+00 6.42240E+00 % Pu239
0.00000E+00 1.78321E+01 1.03256E+04 3.80901E+04 % Pu240
0.00000E+00 0.00000E+00 0.00000E+00 0.00000E+00 % Pu241
0.00000E+00 7.93050E-05 1.83639E+01 2.99492E+02 % Pu242
0.00000E+00 1.21009E-08 2.74077E-03 4.36125E-02 % Am241
0.00000E+00 0.00000E+00 0.00000E+00 0.00000E+00 % Am244
0.00000E+00 0.00000E+00 0.00000E+00 0.00000E+00 % Am245
0.00000E+00 0.00000E+00 0.00000E+00 0.00000E+00 % lost data
1.71954E+05 1.71951E+05 1.82809E+05 2.38417E+05 % total
];

MAT_uco_ING_TOX = [
0.00000E+00 1.77971E-04 2.83152E-03 5.14460E-03 % H3
0.00000E+00 4.76298E+09 4.79447E+09 4.79346E+09 % Xe135
1.95830E+02 1.95347E+02 1.87387E+02 1.78815E+02 % U235
1.41720E+02 1.41703E+02 1.41404E+02 1.41061E+02 % U238
0.00000E+00 1.24290E-01 2.66661E+03 2.55622E+04 % Pu238
0.00000E+00 8.31018E+03 2.75137E+05 5.17935E+05 % Pu239
0.00000E+00 7.82108E+01 4.52875E+04 1.67062E+05 % Pu240
0.00000E+00 2.76241E+00 3.22852E+04 2.46964E+05 % Pu241
0.00000E+00 3.46058E-06 8.01333E-01 1.30687E+01 % Pu242
0.00000E+00 5.62835E-04 1.27478E+02 2.02849E+03 % Am241
0.00000E+00 5.59979E-09 5.62208E-02 2.08478E+00 % Am244
0.00000E+00 5.99110E-13 5.44036E-06 2.01682E-04 % Am245
0.00000E+00 0.00000E+00 0.00000E+00 0.00000E+00 % lost data
3.37551E+02 4.59105E+10 6.15057E+10 6.14804E+10 % total
];

MAT_uco_INH_TOX = [
0.00000E+00 1.10173E-03 1.75285E-02 3.18475E-02 % H3
0.00000E+00 2.49490E+09 2.51139E+09 2.51086E+09 % Xe135
3.54161E+04 3.53287E+04 3.38891E+04 3.23390E+04 % U235
2.51947E+04 2.51917E+04 2.51384E+04 2.50775E+04 % U238
0.00000E+00 5.94429E+01 1.27534E+06 1.22254E+07 % Pu238
0.00000E+00 3.98889E+06 1.32066E+08 2.48609E+08 % Pu239
0.00000E+00 3.75412E+04 2.17380E+07 8.01897E+07 % Pu240
0.00000E+00 1.32366E+03 1.54700E+07 1.18337E+08 % Pu241
0.00000E+00 1.58610E-03 3.67278E+02 5.98984E+03 % Pu242
0.00000E+00 2.70161E-01 6.11893E+04 9.73674E+05 % Am241
0.00000E+00 4.50418E-08 4.52211E-01 1.67689E+01 % Am244
0.00000E+00 5.41132E-13 4.91388E-06 1.82164E-04 % Am245
0.00000E+00 0.00000E+00 0.00000E+00 0.00000E+00 % lost data
6.06108E+04 4.44812E+10 5.94875E+10 6.13308E+10 % total
];

TOT_VOLUME = [ 3.09778E+04 3.09778E+04 3.09778E+04 3.09778E+04 ];

TOT_BURNUP = [ 0.00000E+00 3.27523E-01 5.82996E+00 1.19874E+01 ];

TOT_ADENS = [
0.00000E+00 7.67256E-14 1.22070E-12 2.21790E-12 % H3
0.00000E+00 3.47563E-08 3.49860E-08 3.49787E-08 % Xe135
4.31104E-03 4.30040E-03 4.12516E-03 3.93647E-03 % U235
2.06805E-02 2.06779E-02 2.06342E-02 2.05842E-02 % U238
0.00000E+00 6.96523E-14 1.49438E-09 1.43251E-08 % Pu238
0.00000E+00 1.17787E-06 3.89972E-05 7.34110E-05 % Pu239
0.00000E+00 3.01665E-09 1.74677E-06 6.44370E-06 % Pu240
0.00000E+00 1.20867E-11 1.41261E-07 1.08057E-06 % Pu241
0.00000E+00 7.94683E-15 1.84017E-09 3.00109E-08 % Pu242
0.00000E+00 1.78923E-15 4.05246E-10 6.44847E-09 % Am241
0.00000E+00 2.06140E-23 2.06960E-16 7.67451E-15 % Am244
0.00000E+00 3.32120E-27 3.01590E-20 1.11804E-18 % Am245
0.00000E+00 6.92095E-08 1.23704E-06 2.55199E-06 % lost data
7.04520E-02 7.04604E-02 7.06018E-02 7.07599E-02 % total
];

