
DET1001 = [
    1    1    1    1    1    1    1    1    1    1  4.41225E+18 0.00454 
    2    2    1    1    1    1    1    1    1    1  1.76543E+18 0.00570 
    3    3    1    1    1    1    1    1    1    1  1.56616E+17 0.01172 
];


DET1001E = [
 1.00000E-09  6.25000E-07  3.13000E-07
 6.25000E-07  1.00000E-01  5.00003E-02
 1.00000E-01  2.00000E+01  1.00500E+01
];

DET1002 = [
    1    1    1    1    1    1    1    1    1    1  1.35938E+17 0.00772 
    2    2    1    1    1    1    1    1    1    1  3.75125E+17 0.00459 
    3    3    1    1    1    1    1    1    1    1  1.73788E+17 0.00634 
];


DET1002E = [
 1.00000E-09  6.25000E-07  3.13000E-07
 6.25000E-07  1.00000E-01  5.00003E-02
 1.00000E-01  2.00000E+01  1.00500E+01
];
