
DET1001 = [
    1    1    1    1    1    1    1    1    1    1  4.68752E+18 0.00414 
    2    2    1    1    1    1    1    1    1    1  1.92663E+18 0.00506 
    3    3    1    1    1    1    1    1    1    1  3.27370E+17 0.00982 
];


DET1001E = [
 1.00000E-09  6.25000E-07  3.13000E-07
 6.25000E-07  1.00000E-01  5.00003E-02
 1.00000E-01  2.00000E+01  1.00500E+01
];

DET1002 = [
    1    1    1    1    1    1    1    1    1    1  1.17098E+17 0.00810 
    2    2    1    1    1    1    1    1    1    1  3.34874E+17 0.00539 
    3    3    1    1    1    1    1    1    1    1  1.87600E+17 0.00622 
];


DET1002E = [
 1.00000E-09  6.25000E-07  3.13000E-07
 6.25000E-07  1.00000E-01  5.00003E-02
 1.00000E-01  2.00000E+01  1.00500E+01
];
