
DET1001 = [
    1    1    1    1    1    1    1    1    1    1  4.88612E+18 0.00441 
    2    2    1    1    1    1    1    1    1    1  2.00282E+18 0.00545 
    3    3    1    1    1    1    1    1    1    1  3.38561E+17 0.01054 
];


DET1001E = [
 1.00000E-09  6.25000E-07  3.13000E-07
 6.25000E-07  1.00000E-01  5.00003E-02
 1.00000E-01  2.00000E+01  1.00500E+01
];

DET1002 = [
    1    1    1    1    1    1    1    1    1    1  1.16671E+17 0.00806 
    2    2    1    1    1    1    1    1    1    1  3.54360E+17 0.00511 
    3    3    1    1    1    1    1    1    1    1  1.98062E+17 0.00656 
];


DET1002E = [
 1.00000E-09  6.25000E-07  3.13000E-07
 6.25000E-07  1.00000E-01  5.00003E-02
 1.00000E-01  2.00000E+01  1.00500E+01
];
