
DET1001 = [
    1    1    1    1    1    1    1    1    1    1  4.76282E+18 0.00445 
    2    2    1    1    1    1    1    1    1    1  1.96962E+18 0.00510 
    3    3    1    1    1    1    1    1    1    1  3.32928E+17 0.00979 
];


DET1001E = [
 1.00000E-09  6.25000E-07  3.13000E-07
 6.25000E-07  1.00000E-01  5.00003E-02
 1.00000E-01  2.00000E+01  1.00500E+01
];

DET1002 = [
    1    1    1    1    1    1    1    1    1    1  1.18512E+17 0.00862 
    2    2    1    1    1    1    1    1    1    1  3.45244E+17 0.00499 
    3    3    1    1    1    1    1    1    1    1  1.90527E+17 0.00642 
];


DET1002E = [
 1.00000E-09  6.25000E-07  3.13000E-07
 6.25000E-07  1.00000E-01  5.00003E-02
 1.00000E-01  2.00000E+01  1.00500E+01
];
