
DET1001 = [
    1    1    1    1    1    1    1    1    1    1  4.99095E+18 0.00424 
    2    2    1    1    1    1    1    1    1    1  2.04117E+18 0.00521 
    3    3    1    1    1    1    1    1    1    1  3.46907E+17 0.01028 
];


DET1001E = [
 1.00000E-09  6.25000E-07  3.13000E-07
 6.25000E-07  1.00000E-01  5.00003E-02
 1.00000E-01  2.00000E+01  1.00500E+01
];

DET1002 = [
    1    1    1    1    1    1    1    1    1    1  1.16743E+17 0.00850 
    2    2    1    1    1    1    1    1    1    1  3.66989E+17 0.00517 
    3    3    1    1    1    1    1    1    1    1  2.06178E+17 0.00659 
];


DET1002E = [
 1.00000E-09  6.25000E-07  3.13000E-07
 6.25000E-07  1.00000E-01  5.00003E-02
 1.00000E-01  2.00000E+01  1.00500E+01
];
