
DET1001 = [
    1    1    1    1    1    1    1    1    1    1  4.57903E+18 0.00487 
    2    2    1    1    1    1    1    1    1    1  2.01074E+18 0.00557 
    3    3    1    1    1    1    1    1    1    1  2.08270E+17 0.01102 
];


DET1001E = [
 1.00000E-09  6.25000E-07  3.13000E-07
 6.25000E-07  1.00000E-01  5.00003E-02
 1.00000E-01  2.00000E+01  1.00500E+01
];

DET1002 = [
    1    1    1    1    1    1    1    1    1    1  9.56385E+16 0.00943 
    2    2    1    1    1    1    1    1    1    1  3.64582E+17 0.00480 
    3    3    1    1    1    1    1    1    1    1  1.76891E+17 0.00653 
];


DET1002E = [
 1.00000E-09  6.25000E-07  3.13000E-07
 6.25000E-07  1.00000E-01  5.00003E-02
 1.00000E-01  2.00000E+01  1.00500E+01
];
