
DET1001 = [
    1    1    1    1    1    1    1    1    1    1  4.42977E+18 0.00485 
    2    2    1    1    1    1    1    1    1    1  1.93340E+18 0.00579 
    3    3    1    1    1    1    1    1    1    1  1.96904E+17 0.01124 
];


DET1001E = [
 1.00000E-09  6.25000E-07  3.13000E-07
 6.25000E-07  1.00000E-01  5.00003E-02
 1.00000E-01  2.00000E+01  1.00500E+01
];

DET1002 = [
    1    1    1    1    1    1    1    1    1    1  9.58639E+16 0.00891 
    2    2    1    1    1    1    1    1    1    1  3.53915E+17 0.00513 
    3    3    1    1    1    1    1    1    1    1  1.71080E+17 0.00628 
];


DET1002E = [
 1.00000E-09  6.25000E-07  3.13000E-07
 6.25000E-07  1.00000E-01  5.00003E-02
 1.00000E-01  2.00000E+01  1.00500E+01
];
