
DET1001 = [
    1    1    1    1    1    1    1    1    1    1  4.58975E+18 0.00496 
    2    2    1    1    1    1    1    1    1    1  2.03465E+18 0.00552 
    3    3    1    1    1    1    1    1    1    1  2.08877E+17 0.01085 
];


DET1001E = [
 1.00000E-09  6.25000E-07  3.13000E-07
 6.25000E-07  1.00000E-01  5.00003E-02
 1.00000E-01  2.00000E+01  1.00500E+01
];

DET1002 = [
    1    1    1    1    1    1    1    1    1    1  9.79505E+16 0.00936 
    2    2    1    1    1    1    1    1    1    1  3.73387E+17 0.00484 
    3    3    1    1    1    1    1    1    1    1  1.83423E+17 0.00620 
];


DET1002E = [
 1.00000E-09  6.25000E-07  3.13000E-07
 6.25000E-07  1.00000E-01  5.00003E-02
 1.00000E-01  2.00000E+01  1.00500E+01
];
