
ZAI = [
10030
541350
922350
922380
942380
942390
942400
942410
942420
952410
952440
952450
666
0
];

NAMES = [
'H3              '
'Xe135           '
'U235            '
'U238            '
'Pu238           '
'Pu239           '
'Pu240           '
'Pu241           '
'Pu242           '
'Am241           '
'Am244           '
'Am245           '
'lost            '
'total           '
];

i10030  = 1; iH3               = 1;
i541350 = 2; iXe135            = 2;
i922350 = 3; iU235             = 3;
i922380 = 4; iU238             = 4;
i942380 = 5; iPu238            = 5;
i942390 = 6; iPu239            = 6;
i942400 = 7; iPu240            = 7;
i942410 = 8; iPu241            = 8;
i942420 = 9; iPu242            = 9;
i952410 = 10; iAm241            = 10;
i952440 = 11; iAm244            = 11;
i952450 = 12; iAm245            = 12;
iLOST    = 13;
iTOT     = 14;

MAT_uco_VOLUME = [ 4.06429E+04 4.06429E+04 4.06429E+04 4.06429E+04 ];

MAT_uco_BURNUP = [ 0.00000E+00 2.49635E-01 4.44350E+00 9.13670E+00 ];

MAT_uco_ADENS = [
0.00000E+00 7.38614E-14 1.21755E-12 2.27511E-12 % H3
0.00000E+00 3.03163E-08 3.05522E-08 3.06327E-08 % Xe135
4.31104E-03 4.30286E-03 4.16768E-03 4.02119E-03 % U235
2.06805E-02 2.06784E-02 2.06426E-02 2.06018E-02 % U238
0.00000E+00 5.69874E-14 9.83852E-10 9.08882E-09 % Pu238
0.00000E+00 9.67297E-07 3.27604E-05 6.33838E-05 % Pu239
0.00000E+00 1.94325E-09 1.11152E-06 4.20848E-06 % Pu240
0.00000E+00 7.02893E-12 7.93155E-08 6.25442E-07 % Pu241
0.00000E+00 3.56512E-15 7.84046E-10 1.30979E-08 % Pu242
0.00000E+00 1.04800E-15 2.27936E-10 3.74364E-09 % Am241
0.00000E+00 7.48226E-24 7.38030E-17 2.72966E-15 % Am244
0.00000E+00 9.47670E-28 8.47411E-21 3.14016E-19 % Am245
0.00000E+00 5.27630E-08 9.42318E-07 1.94311E-06 % lost data
7.04520E-02 7.04584E-02 7.05662E-02 7.06867E-02 % total
];

MAT_uco_MDENS = [
0.00000E+00 3.69856E-13 6.09681E-12 1.13925E-11 % H3
0.00000E+00 6.79150E-06 6.84435E-06 6.86240E-06 % Xe135
1.68262E+00 1.67943E+00 1.62667E+00 1.56949E+00 % U235
8.17497E+00 8.17415E+00 8.16001E+00 8.14385E+00 % U238
0.00000E+00 2.25269E-11 3.88913E-07 3.59278E-06 % Pu238
0.00000E+00 3.83980E-04 1.30046E-02 2.51610E-02 % Pu239
0.00000E+00 7.74631E-07 4.43080E-04 1.67761E-03 % Pu240
0.00000E+00 2.81352E-09 3.17482E-05 2.50350E-04 % Pu241
0.00000E+00 1.43301E-12 3.15150E-07 5.26477E-06 % Pu242
0.00000E+00 4.19506E-13 9.12409E-08 1.49854E-06 % Am241
0.00000E+00 3.03245E-21 2.99113E-14 1.10629E-12 % Am244
0.00000E+00 3.85654E-25 3.44853E-18 1.27788E-16 % Am245
0.00000E+00 0.00000E+00 0.00000E+00 0.00000E+00 % lost data
1.10000E+01 1.10000E+01 1.09994E+01 1.09987E+01 % total
];

MAT_uco_A = [
0.00000E+00 5.35196E+06 8.82231E+07 1.64853E+08 % H3
0.00000E+00 2.59559E+16 2.61579E+16 2.62269E+16 % Xe135
5.46658E+09 5.45622E+09 5.28480E+09 5.09904E+09 % U235
4.13194E+09 4.13153E+09 4.12438E+09 4.11622E+09 % U238
0.00000E+00 5.80077E+05 1.00147E+10 9.25154E+10 % Pu238
0.00000E+00 3.58153E+10 1.21299E+12 2.34686E+12 % Pu239
0.00000E+00 2.64403E+08 1.51236E+11 5.72614E+11 % Pu240
0.00000E+00 4.39099E+08 4.95486E+12 3.90715E+13 % Pu241
0.00000E+00 8.48696E+00 1.86646E+06 3.11804E+07 % Pu242
0.00000E+00 2.16263E+03 4.70364E+08 7.72528E+09 % Am241
0.00000E+00 5.79721E+00 5.71821E+07 2.11493E+09 % Am244
0.00000E+00 3.61752E-03 3.23480E+04 1.19869E+06 % Am245
0.00000E+00 0.00000E+00 0.00000E+00 0.00000E+00 % lost data
9.59853E+09 3.38020E+18 3.75841E+18 3.81743E+18 % total
];

MAT_uco_H = [
0.00000E+00 4.87905E-09 8.04276E-08 1.50287E-07 % H3
0.00000E+00 2.33997E+03 2.35818E+03 2.36440E+03 % Xe135
4.03995E-03 4.03229E-03 3.90561E-03 3.76833E-03 % U235
2.83028E-03 2.82999E-03 2.82510E-03 2.81950E-03 % U238
0.00000E+00 5.19393E-07 8.96699E-03 8.28371E-02 % Pu238
0.00000E+00 3.00757E-02 1.01861E+00 1.97076E+00 % Pu239
0.00000E+00 2.22445E-04 1.27236E-01 4.81746E-01 % Pu240
0.00000E+00 3.76740E-07 4.25119E-03 3.35227E-02 % Pu241
0.00000E+00 6.77438E-12 1.48983E-06 2.48885E-05 % Pu242
0.00000E+00 1.93898E-09 4.21719E-04 6.92634E-03 % Am241
0.00000E+00 1.02980E-12 1.01577E-05 3.75690E-04 % Am244
0.00000E+00 1.82516E-16 1.63207E-09 6.04776E-08 % Am245
0.00000E+00 0.00000E+00 0.00000E+00 0.00000E+00 % lost data
6.87022E-03 1.20347E+06 1.24043E+06 1.23811E+06 % total
];

MAT_uco_SF = [
0.00000E+00 0.00000E+00 0.00000E+00 0.00000E+00 % H3
0.00000E+00 0.00000E+00 0.00000E+00 0.00000E+00 % Xe135
3.93594E-01 3.92848E-01 3.80506E-01 3.67131E-01 % U235
2.25604E+05 2.25581E+05 2.25191E+05 2.24745E+05 % U238
0.00000E+00 1.07894E-03 1.86273E+01 1.72079E+02 % Pu238
0.00000E+00 1.11028E-01 3.76028E+00 7.27527E+00 % Pu239
0.00000E+00 1.50710E+01 8.62042E+03 3.26390E+04 % Pu240
0.00000E+00 0.00000E+00 0.00000E+00 0.00000E+00 % Pu241
0.00000E+00 4.66783E-05 1.02656E+01 1.71492E+02 % Pu242
0.00000E+00 9.29931E-09 2.02256E-03 3.32187E-02 % Am241
0.00000E+00 0.00000E+00 0.00000E+00 0.00000E+00 % Am244
0.00000E+00 0.00000E+00 0.00000E+00 0.00000E+00 % Am245
0.00000E+00 0.00000E+00 0.00000E+00 0.00000E+00 % lost data
2.25605E+05 2.25597E+05 2.34352E+05 2.74803E+05 % total
];

MAT_uco_ING_TOX = [
0.00000E+00 2.24782E-04 3.70537E-03 6.92383E-03 % H3
0.00000E+00 5.45075E+09 5.49316E+09 5.50765E+09 % Xe135
2.56929E+02 2.56442E+02 2.48386E+02 2.39655E+02 % U235
1.85937E+02 1.85919E+02 1.85597E+02 1.85230E+02 % U238
0.00000E+00 1.33418E-01 2.30337E+03 2.12785E+04 % Pu238
0.00000E+00 8.95384E+03 3.03249E+05 5.86716E+05 % Pu239
0.00000E+00 6.61007E+01 3.78089E+04 1.43153E+05 % Pu240
0.00000E+00 2.10768E+00 2.37833E+04 1.87543E+05 % Pu241
0.00000E+00 2.03687E-06 4.47952E-01 7.48329E+00 % Pu242
0.00000E+00 4.32526E-04 9.40727E+01 1.54506E+03 % Am241
0.00000E+00 2.66672E-09 2.63038E-02 9.72866E-01 % Am244
0.00000E+00 2.24286E-13 2.00558E-06 7.43185E-05 % Am245
0.00000E+00 0.00000E+00 0.00000E+00 0.00000E+00 % lost data
4.42867E+02 4.66277E+10 6.23055E+10 6.23698E+10 % total
];

MAT_uco_INH_TOX = [
0.00000E+00 1.39151E-03 2.29380E-02 4.28618E-02 % H3
0.00000E+00 2.85515E+09 2.87737E+09 2.88496E+09 % Xe135
4.64660E+04 4.63778E+04 4.49208E+04 4.33419E+04 % U235
3.30555E+04 3.30522E+04 3.29950E+04 3.29297E+04 % U238
0.00000E+00 6.38084E+01 1.10161E+06 1.01767E+07 % Pu238
0.00000E+00 4.29784E+06 1.45559E+08 2.81623E+08 % Pu239
0.00000E+00 3.17283E+04 1.81483E+07 6.87136E+07 % Pu240
0.00000E+00 1.00993E+03 1.13962E+07 8.98645E+07 % Pu241
0.00000E+00 9.33566E-04 2.05311E+02 3.42984E+03 % Pu242
0.00000E+00 2.07613E-01 4.51549E+04 7.41627E+05 % Am241
0.00000E+00 2.14497E-08 2.11574E-01 7.82523E+00 % Am244
0.00000E+00 2.02581E-13 1.81149E-06 6.71264E-05 % Am245
0.00000E+00 0.00000E+00 0.00000E+00 0.00000E+00 % lost data
7.95215E+04 4.48860E+10 5.99472E+10 6.18407E+10 % total
];

TOT_VOLUME = [ 4.06429E+04 4.06429E+04 4.06429E+04 4.06429E+04 ];

TOT_BURNUP = [ 0.00000E+00 2.49635E-01 4.44350E+00 9.13670E+00 ];

TOT_ADENS = [
0.00000E+00 7.38614E-14 1.21755E-12 2.27511E-12 % H3
0.00000E+00 3.03163E-08 3.05522E-08 3.06327E-08 % Xe135
4.31104E-03 4.30286E-03 4.16768E-03 4.02119E-03 % U235
2.06805E-02 2.06784E-02 2.06426E-02 2.06018E-02 % U238
0.00000E+00 5.69874E-14 9.83852E-10 9.08882E-09 % Pu238
0.00000E+00 9.67297E-07 3.27604E-05 6.33838E-05 % Pu239
0.00000E+00 1.94325E-09 1.11152E-06 4.20848E-06 % Pu240
0.00000E+00 7.02893E-12 7.93155E-08 6.25442E-07 % Pu241
0.00000E+00 3.56512E-15 7.84046E-10 1.30979E-08 % Pu242
0.00000E+00 1.04800E-15 2.27936E-10 3.74364E-09 % Am241
0.00000E+00 7.48226E-24 7.38030E-17 2.72966E-15 % Am244
0.00000E+00 9.47670E-28 8.47411E-21 3.14016E-19 % Am245
0.00000E+00 5.27630E-08 9.42318E-07 1.94311E-06 % lost data
7.04520E-02 7.04584E-02 7.05662E-02 7.06867E-02 % total
];

