
DET1001 = [
    1    1    1    1    1    1    1    1    1    1  4.48739E+18 0.00472 
    2    2    1    1    1    1    1    1    1    1  1.95438E+18 0.00560 
    3    3    1    1    1    1    1    1    1    1  2.04200E+17 0.01105 
];


DET1001E = [
 1.00000E-09  6.25000E-07  3.13000E-07
 6.25000E-07  1.00000E-01  5.00003E-02
 1.00000E-01  2.00000E+01  1.00500E+01
];

DET1002 = [
    1    1    1    1    1    1    1    1    1    1  9.62882E+16 0.00934 
    2    2    1    1    1    1    1    1    1    1  3.60304E+17 0.00492 
    3    3    1    1    1    1    1    1    1    1  1.76911E+17 0.00641 
];


DET1002E = [
 1.00000E-09  6.25000E-07  3.13000E-07
 6.25000E-07  1.00000E-01  5.00003E-02
 1.00000E-01  2.00000E+01  1.00500E+01
];
