
DET1001 = [
    1    1    1    1    1    1    1    1    1    1  5.94250E+18 0.00414 
    2    2    1    1    1    1    1    1    1    1  1.89667E+18 0.00572 
    3    3    1    1    1    1    1    1    1    1  1.93459E+17 0.01183 
];


DET1001E = [
 1.00000E-09  6.25000E-07  3.13000E-07
 6.25000E-07  1.00000E-01  5.00003E-02
 1.00000E-01  2.00000E+01  1.00500E+01
];

DET1002 = [
    1    1    1    1    1    1    1    1    1    1  2.60839E+17 0.00617 
    2    2    1    1    1    1    1    1    1    1  4.09428E+17 0.00500 
    3    3    1    1    1    1    1    1    1    1  1.95111E+17 0.00617 
];


DET1002E = [
 1.00000E-09  6.25000E-07  3.13000E-07
 6.25000E-07  1.00000E-01  5.00003E-02
 1.00000E-01  2.00000E+01  1.00500E+01
];
