
DET1001 = [
    1    1    1    1    1    1    1    1    1    1  6.11442E+18 0.00443 
    2    2    1    1    1    1    1    1    1    1  1.94207E+18 0.00591 
    3    3    1    1    1    1    1    1    1    1  1.99424E+17 0.01225 
];


DET1001E = [
 1.00000E-09  6.25000E-07  3.13000E-07
 6.25000E-07  1.00000E-01  5.00003E-02
 1.00000E-01  2.00000E+01  1.00500E+01
];

DET1002 = [
    1    1    1    1    1    1    1    1    1    1  2.67506E+17 0.00597 
    2    2    1    1    1    1    1    1    1    1  4.35784E+17 0.00478 
    3    3    1    1    1    1    1    1    1    1  2.05742E+17 0.00646 
];


DET1002E = [
 1.00000E-09  6.25000E-07  3.13000E-07
 6.25000E-07  1.00000E-01  5.00003E-02
 1.00000E-01  2.00000E+01  1.00500E+01
];
