
ZAI = [
10030
541350
922350
922380
942380
942390
942400
942410
942420
952410
952440
952450
666
0
];

NAMES = [
'H3              '
'Xe135           '
'U235            '
'U238            '
'Pu238           '
'Pu239           '
'Pu240           '
'Pu241           '
'Pu242           '
'Am241           '
'Am244           '
'Am245           '
'lost            '
'total           '
];

i10030  = 1; iH3               = 1;
i541350 = 2; iXe135            = 2;
i922350 = 3; iU235             = 3;
i922380 = 4; iU238             = 4;
i942380 = 5; iPu238            = 5;
i942390 = 6; iPu239            = 6;
i942400 = 7; iPu240            = 7;
i942410 = 8; iPu241            = 8;
i942420 = 9; iPu242            = 9;
i952410 = 10; iAm241            = 10;
i952440 = 11; iAm244            = 11;
i952450 = 12; iAm245            = 12;
iLOST    = 13;
iTOT     = 14;

MAT_uco_VOLUME = [ 1.22080E+04 1.22080E+04 1.22080E+04 1.22080E+04 ];

MAT_uco_BURNUP = [ 0.00000E+00 8.31078E-01 1.47931E+01 3.04176E+01 ];

MAT_uco_ADENS = [
0.00000E+00 1.34494E-13 1.87483E-12 2.96957E-12 % H3
0.00000E+00 4.88890E-08 4.79222E-08 4.56738E-08 % Xe135
4.31104E-03 4.28446E-03 3.85393E-03 3.40302E-03 % U235
2.06805E-02 2.06755E-02 2.05889E-02 2.04871E-02 % U238
0.00000E+00 3.08421E-13 1.15096E-08 1.14481E-07 % Pu238
0.00000E+00 2.29100E-06 6.45592E-05 1.03489E-04 % Pu239
0.00000E+00 1.42599E-08 7.45164E-06 2.35443E-05 % Pu240
0.00000E+00 1.02188E-10 1.06997E-06 6.70255E-06 % Pu241
0.00000E+00 1.72312E-13 3.81323E-08 5.47950E-07 % Pu242
0.00000E+00 1.49241E-14 3.04661E-09 3.88113E-08 % Am241
0.00000E+00 1.29819E-21 1.38294E-14 4.87067E-13 % Am244
0.00000E+00 5.20879E-25 5.11302E-18 1.89040E-16 % Am245
0.00000E+00 1.75563E-07 3.15065E-06 6.50718E-06 % lost data
7.04520E-02 7.04733E-02 7.08325E-02 7.12329E-02 % total
];

MAT_uco_MDENS = [
0.00000E+00 6.73469E-13 9.38808E-12 1.48699E-11 % H3
0.00000E+00 1.09522E-05 1.07356E-05 1.02319E-05 % Xe135
1.68262E+00 1.67225E+00 1.50421E+00 1.32822E+00 % U235
8.17497E+00 8.17301E+00 8.13879E+00 8.09852E+00 % U238
0.00000E+00 1.21918E-10 4.54972E-06 4.52539E-05 % Pu238
0.00000E+00 9.09438E-04 2.56275E-02 4.10812E-02 % Pu239
0.00000E+00 5.68438E-06 2.97042E-03 9.38538E-03 % Pu240
0.00000E+00 4.09035E-08 4.28284E-04 2.68288E-03 % Pu241
0.00000E+00 6.92614E-11 1.53274E-05 2.20251E-04 % Pu242
0.00000E+00 5.97396E-12 1.21953E-06 1.55358E-05 % Am241
0.00000E+00 5.26137E-19 5.60484E-12 1.97401E-10 % Am244
0.00000E+00 2.11971E-22 2.08074E-15 7.69297E-14 % Am245
0.00000E+00 0.00000E+00 0.00000E+00 0.00000E+00 % lost data
1.10000E+01 1.09999E+01 1.09978E+01 1.09955E+01 % total
];

MAT_uco_A = [
0.00000E+00 2.92724E+06 4.08054E+07 6.46324E+07 % H3
0.00000E+00 1.25728E+16 1.23242E+16 1.17460E+16 % Xe135
1.64201E+09 1.63189E+09 1.46791E+09 1.29616E+09 % U235
1.24112E+09 1.24083E+09 1.23563E+09 1.22952E+09 % U238
0.00000E+00 9.43001E+05 3.51908E+10 3.50026E+11 % Pu238
0.00000E+00 2.54797E+10 7.18006E+11 1.15097E+12 % Pu239
0.00000E+00 5.82795E+08 3.04544E+11 9.62242E+11 % Pu240
0.00000E+00 1.91750E+09 2.00773E+13 1.25769E+14 % Pu241
0.00000E+00 1.23212E+02 2.72667E+07 3.91814E+08 % Pu242
0.00000E+00 9.25056E+03 1.88841E+09 2.40569E+10 % Am241
0.00000E+00 3.02124E+02 3.21847E+09 1.13354E+11 % Am244
0.00000E+00 5.97243E-01 5.86262E+06 2.16755E+08 % Am245
0.00000E+00 0.00000E+00 0.00000E+00 0.00000E+00 % lost data
2.88314E+09 3.26477E+18 3.56504E+18 3.58395E+18 % total
];

MAT_uco_H = [
0.00000E+00 2.66859E-09 3.71998E-08 5.89213E-08 % H3
0.00000E+00 1.13346E+03 1.11105E+03 1.05892E+03 % Xe135
1.21349E-03 1.20601E-03 1.08482E-03 9.57900E-04 % U235
8.50138E-04 8.49934E-04 8.46376E-04 8.42188E-04 % U238
0.00000E+00 8.44350E-07 3.15093E-02 3.13408E-01 % Pu238
0.00000E+00 2.13965E-02 6.02942E-01 9.66521E-01 % Pu239
0.00000E+00 4.90311E-04 2.56216E-01 8.09544E-01 % Pu240
0.00000E+00 1.64518E-06 1.72260E-02 1.07908E-01 % Pu241
0.00000E+00 9.83494E-11 2.17646E-05 3.12751E-04 % Pu242
0.00000E+00 8.29388E-09 1.69312E-03 2.15690E-02 % Am241
0.00000E+00 5.36685E-11 5.71720E-04 2.01359E-02 % Am244
0.00000E+00 3.01329E-14 2.95789E-07 1.09360E-05 % Am245
0.00000E+00 0.00000E+00 0.00000E+00 0.00000E+00 % lost data
2.06363E-03 1.19284E+06 1.19917E+06 1.17736E+06 % total
];

MAT_uco_SF = [
0.00000E+00 0.00000E+00 0.00000E+00 0.00000E+00 % H3
0.00000E+00 0.00000E+00 0.00000E+00 0.00000E+00 % Xe135
1.18225E-01 1.17496E-01 1.05689E-01 9.33239E-02 % U235
6.77654E+04 6.77491E+04 6.74655E+04 6.71317E+04 % U238
0.00000E+00 1.75398E-03 6.54548E+01 6.51048E+02 % Pu238
0.00000E+00 7.89871E-02 2.22582E+00 3.56801E+00 % Pu239
0.00000E+00 3.32193E+01 1.73590E+04 5.48478E+04 % Pu240
0.00000E+00 0.00000E+00 0.00000E+00 0.00000E+00 % Pu241
0.00000E+00 6.77667E-04 1.49967E+02 2.15498E+03 % Pu242
0.00000E+00 3.97774E-08 8.12018E-03 1.03445E-01 % Am241
0.00000E+00 0.00000E+00 0.00000E+00 0.00000E+00 % Am244
0.00000E+00 0.00000E+00 0.00000E+00 0.00000E+00 % Am245
0.00000E+00 0.00000E+00 0.00000E+00 0.00000E+00 % lost data
6.77655E+04 6.77826E+04 9.16319E+04 3.15271E+05 % total
];

MAT_uco_ING_TOX = [
0.00000E+00 1.22944E-04 1.71383E-03 2.71456E-03 % H3
0.00000E+00 2.64030E+09 2.58808E+09 2.46666E+09 % Xe135
7.71747E+01 7.66990E+01 6.89917E+01 6.09198E+01 % U235
5.58506E+01 5.58372E+01 5.56034E+01 5.53283E+01 % U238
0.00000E+00 2.16890E-01 8.09388E+03 8.05059E+04 % Pu238
0.00000E+00 6.36993E+03 1.79502E+05 2.87743E+05 % Pu239
0.00000E+00 1.45699E+02 7.61359E+04 2.40561E+05 % Pu240
0.00000E+00 9.20398E+00 9.63711E+04 6.03692E+05 % Pu241
0.00000E+00 2.95709E-05 6.54401E+00 9.40355E+01 % Pu242
0.00000E+00 1.85011E-03 3.77683E+02 4.81138E+03 % Am241
0.00000E+00 1.38977E-07 1.48049E+00 5.21427E+01 % Am244
0.00000E+00 3.70291E-11 3.63482E-04 1.34388E-02 % Am245
0.00000E+00 0.00000E+00 0.00000E+00 0.00000E+00 % lost data
1.33025E+02 4.36993E+10 5.82941E+10 5.74851E+10 % total
];

MAT_uco_INH_TOX = [
0.00000E+00 7.61083E-04 1.06094E-02 1.68044E-02 % H3
0.00000E+00 1.38301E+09 1.35566E+09 1.29206E+09 % Xe135
1.39571E+04 1.38711E+04 1.24772E+04 1.10174E+04 % U235
9.92900E+03 9.92661E+03 9.88505E+03 9.83614E+03 % U238
0.00000E+00 1.03730E+02 3.87098E+06 3.85028E+07 % Pu238
0.00000E+00 3.05757E+06 8.61608E+07 1.38116E+08 % Pu239
0.00000E+00 6.99354E+04 3.65452E+07 1.15469E+08 % Pu240
0.00000E+00 4.41024E+03 4.61778E+07 2.89269E+08 % Pu241
0.00000E+00 1.35533E-02 2.99934E+03 4.30996E+04 % Pu242
0.00000E+00 8.88054E-01 1.81288E+05 2.30946E+06 % Am241
0.00000E+00 1.11786E-06 1.19083E+01 4.19409E+02 % Am244
0.00000E+00 3.34456E-11 3.28307E-04 1.21383E-02 % Am245
0.00000E+00 0.00000E+00 0.00000E+00 0.00000E+00 % lost data
2.38861E+04 4.32601E+10 5.74424E+10 5.87500E+10 % total
];

TOT_VOLUME = [ 1.22080E+04 1.22080E+04 1.22080E+04 1.22080E+04 ];

TOT_BURNUP = [ 0.00000E+00 8.31078E-01 1.47931E+01 3.04176E+01 ];

TOT_ADENS = [
0.00000E+00 1.34494E-13 1.87483E-12 2.96957E-12 % H3
0.00000E+00 4.88890E-08 4.79222E-08 4.56738E-08 % Xe135
4.31104E-03 4.28446E-03 3.85393E-03 3.40302E-03 % U235
2.06805E-02 2.06755E-02 2.05889E-02 2.04871E-02 % U238
0.00000E+00 3.08421E-13 1.15096E-08 1.14481E-07 % Pu238
0.00000E+00 2.29100E-06 6.45592E-05 1.03489E-04 % Pu239
0.00000E+00 1.42599E-08 7.45164E-06 2.35443E-05 % Pu240
0.00000E+00 1.02188E-10 1.06997E-06 6.70255E-06 % Pu241
0.00000E+00 1.72312E-13 3.81323E-08 5.47950E-07 % Pu242
0.00000E+00 1.49241E-14 3.04661E-09 3.88113E-08 % Am241
0.00000E+00 1.29819E-21 1.38294E-14 4.87067E-13 % Am244
0.00000E+00 5.20879E-25 5.11302E-18 1.89040E-16 % Am245
0.00000E+00 1.75563E-07 3.15065E-06 6.50718E-06 % lost data
7.04520E-02 7.04733E-02 7.08325E-02 7.12329E-02 % total
];

