
DET1001 = [
    1    1    1    1    1    1    1    1    1    1  6.40949E+18 0.00434 
    2    2    1    1    1    1    1    1    1    1  1.98416E+18 0.00606 
    3    3    1    1    1    1    1    1    1    1  2.07048E+17 0.01234 
];


DET1001E = [
 1.00000E-09  6.25000E-07  3.13000E-07
 6.25000E-07  1.00000E-01  5.00003E-02
 1.00000E-01  2.00000E+01  1.00500E+01
];

DET1002 = [
    1    1    1    1    1    1    1    1    1    1  2.87805E+17 0.00608 
    2    2    1    1    1    1    1    1    1    1  4.62040E+17 0.00478 
    3    3    1    1    1    1    1    1    1    1  2.16500E+17 0.00651 
];


DET1002E = [
 1.00000E-09  6.25000E-07  3.13000E-07
 6.25000E-07  1.00000E-01  5.00003E-02
 1.00000E-01  2.00000E+01  1.00500E+01
];
