
DET1001 = [
    1    1    1    1    1    1    1    1    1    1  5.79723E+18 0.00423 
    2    2    1    1    1    1    1    1    1    1  1.84397E+18 0.00577 
    3    3    1    1    1    1    1    1    1    1  1.86047E+17 0.01202 
];


DET1001E = [
 1.00000E-09  6.25000E-07  3.13000E-07
 6.25000E-07  1.00000E-01  5.00003E-02
 1.00000E-01  2.00000E+01  1.00500E+01
];

DET1002 = [
    1    1    1    1    1    1    1    1    1    1  2.61434E+17 0.00624 
    2    2    1    1    1    1    1    1    1    1  3.99127E+17 0.00500 
    3    3    1    1    1    1    1    1    1    1  1.89270E+17 0.00616 
];


DET1002E = [
 1.00000E-09  6.25000E-07  3.13000E-07
 6.25000E-07  1.00000E-01  5.00003E-02
 1.00000E-01  2.00000E+01  1.00500E+01
];
