
DET1001 = [
    1    1    1    1    1    1    1    1    1    1  6.40322E+18 0.00437 
    2    2    1    1    1    1    1    1    1    1  2.25905E+18 0.00493 
    3    3    1    1    1    1    1    1    1    1  3.63380E+17 0.01015 
];


DET1001E = [
 1.00000E-09  6.25000E-07  3.13000E-07
 6.25000E-07  1.00000E-01  5.00003E-02
 1.00000E-01  2.00000E+01  1.00500E+01
];

DET1002 = [
    1    1    1    1    1    1    1    1    1    1  2.25556E+17 0.00637 
    2    2    1    1    1    1    1    1    1    1  4.10521E+17 0.00470 
    3    3    1    1    1    1    1    1    1    1  2.11409E+17 0.00626 
];


DET1002E = [
 1.00000E-09  6.25000E-07  3.13000E-07
 6.25000E-07  1.00000E-01  5.00003E-02
 1.00000E-01  2.00000E+01  1.00500E+01
];
