
DET1001 = [
    1    1    1    1    1    1    1    1    1    1  6.58301E+18 0.00416 
    2    2    1    1    1    1    1    1    1    1  2.29608E+18 0.00522 
    3    3    1    1    1    1    1    1    1    1  3.76544E+17 0.01016 
];


DET1001E = [
 1.00000E-09  6.25000E-07  3.13000E-07
 6.25000E-07  1.00000E-01  5.00003E-02
 1.00000E-01  2.00000E+01  1.00500E+01
];

DET1002 = [
    1    1    1    1    1    1    1    1    1    1  2.27506E+17 0.00627 
    2    2    1    1    1    1    1    1    1    1  4.25248E+17 0.00475 
    3    3    1    1    1    1    1    1    1    1  2.21261E+17 0.00633 
];


DET1002E = [
 1.00000E-09  6.25000E-07  3.13000E-07
 6.25000E-07  1.00000E-01  5.00003E-02
 1.00000E-01  2.00000E+01  1.00500E+01
];
