
DET1001 = [
    1    1    1    1    1    1    1    1    1    1  6.33104E+18 0.00425 
    2    2    1    1    1    1    1    1    1    1  2.17396E+18 0.00505 
    3    3    1    1    1    1    1    1    1    1  3.58681E+17 0.01010 
];


DET1001E = [
 1.00000E-09  6.25000E-07  3.13000E-07
 6.25000E-07  1.00000E-01  5.00003E-02
 1.00000E-01  2.00000E+01  1.00500E+01
];

DET1002 = [
    1    1    1    1    1    1    1    1    1    1  2.28271E+17 0.00609 
    2    2    1    1    1    1    1    1    1    1  3.99486E+17 0.00477 
    3    3    1    1    1    1    1    1    1    1  2.07771E+17 0.00622 
];


DET1002E = [
 1.00000E-09  6.25000E-07  3.13000E-07
 6.25000E-07  1.00000E-01  5.00003E-02
 1.00000E-01  2.00000E+01  1.00500E+01
];
