
ZAI = [
10030
541350
922350
922380
942380
942390
942400
942410
942420
952410
952440
952450
666
0
];

NAMES = [
'H3              '
'Xe135           '
'U235            '
'U238            '
'Pu238           '
'Pu239           '
'Pu240           '
'Pu241           '
'Pu242           '
'Am241           '
'Am244           '
'Am245           '
'lost            '
'total           '
];

i10030  = 1; iH3               = 1;
i541350 = 2; iXe135            = 2;
i922350 = 3; iU235             = 3;
i922380 = 4; iU238             = 4;
i942380 = 5; iPu238            = 5;
i942390 = 6; iPu239            = 6;
i942400 = 7; iPu240            = 7;
i942410 = 8; iPu241            = 8;
i942420 = 9; iPu242            = 9;
i952410 = 10; iAm241            = 10;
i952440 = 11; iAm244            = 11;
i952450 = 12; iAm245            = 12;
iLOST    = 13;
iTOT     = 14;

MAT_uco_VOLUME = [ 1.49548E+04 1.49548E+04 1.49548E+04 1.49548E+04 ];

MAT_uco_BURNUP = [ 0.00000E+00 6.78438E-01 1.20762E+01 2.48307E+01 ];

MAT_uco_ADENS = [
0.00000E+00 1.09298E-13 1.54181E-12 2.48980E-12 % H3
0.00000E+00 4.57507E-08 4.52202E-08 4.37775E-08 % Xe135
4.31104E-03 4.28933E-03 3.93572E-03 3.56202E-03 % U235
2.06805E-02 2.06764E-02 2.06048E-02 2.05216E-02 % U238
0.00000E+00 1.95048E-13 6.53540E-09 6.52370E-08 % Pu238
0.00000E+00 1.90756E-06 5.62871E-05 9.42064E-05 % Pu239
0.00000E+00 9.71282E-09 5.32437E-06 1.77417E-05 % Pu240
0.00000E+00 5.81409E-11 6.39456E-07 4.24525E-06 % Pu241
0.00000E+00 8.01651E-14 1.83354E-08 2.73513E-07 % Pu242
0.00000E+00 8.49557E-15 1.82426E-09 2.48304E-08 % Am241
0.00000E+00 4.33438E-22 4.49269E-15 1.56973E-13 % Am244
0.00000E+00 1.43136E-25 1.34999E-18 4.86851E-17 % Am245
0.00000E+00 1.43319E-07 2.56832E-06 5.30342E-06 % lost data
7.04520E-02 7.04694E-02 7.07625E-02 7.10896E-02 % total
];

MAT_uco_MDENS = [
0.00000E+00 5.47303E-13 7.72052E-12 1.24675E-11 % H3
0.00000E+00 1.02492E-05 1.01303E-05 9.80711E-06 % Xe135
1.68262E+00 1.67415E+00 1.53614E+00 1.39028E+00 % U235
8.17497E+00 8.17334E+00 8.14508E+00 8.11218E+00 % U238
0.00000E+00 7.71018E-11 2.58342E-06 2.57880E-05 % Pu238
0.00000E+00 7.57227E-04 2.23438E-02 3.73963E-02 % Pu239
0.00000E+00 3.87178E-06 2.12243E-03 7.07231E-03 % Pu240
0.00000E+00 2.32725E-08 2.55960E-04 1.69928E-03 % Pu241
0.00000E+00 3.22227E-11 7.36999E-06 1.09940E-04 % Pu242
0.00000E+00 3.40070E-12 7.30235E-07 9.93936E-06 % Am241
0.00000E+00 1.75666E-19 1.82082E-12 6.36187E-11 % Am244
0.00000E+00 5.82490E-23 5.49378E-16 1.98123E-14 % Am245
0.00000E+00 0.00000E+00 0.00000E+00 0.00000E+00 % lost data
1.10000E+01 1.09999E+01 1.09982E+01 1.09964E+01 % total
];

MAT_uco_A = [
0.00000E+00 2.91409E+06 4.11075E+07 6.63826E+07 % H3
0.00000E+00 1.44130E+16 1.42459E+16 1.37913E+16 % Xe135
2.01146E+09 2.00133E+09 1.83634E+09 1.66198E+09 % U235
1.52037E+09 1.52007E+09 1.51481E+09 1.50869E+09 % U238
0.00000E+00 7.30538E+05 2.44779E+10 2.44341E+11 % Pu238
0.00000E+00 2.59885E+10 7.66855E+11 1.28347E+12 % Pu239
0.00000E+00 4.86269E+08 2.66563E+11 8.88234E+11 % Pu240
0.00000E+00 1.33644E+09 1.46987E+13 9.75825E+13 % Pu241
0.00000E+00 7.02196E+01 1.60607E+07 2.39580E+08 % Pu242
0.00000E+00 6.45071E+03 1.38517E+09 1.88538E+10 % Am241
0.00000E+00 1.23569E+02 1.28082E+09 4.47512E+10 % Am244
0.00000E+00 2.01047E-01 1.89618E+06 6.83824E+07 % Am245
0.00000E+00 0.00000E+00 0.00000E+00 0.00000E+00 % lost data
3.53183E+09 3.27203E+18 3.58940E+18 3.61860E+18 % total
];

MAT_uco_H = [
0.00000E+00 2.65659E-09 3.74752E-08 6.05169E-08 % H3
0.00000E+00 1.29936E+03 1.28429E+03 1.24331E+03 % Xe135
1.48652E-03 1.47903E-03 1.35711E-03 1.22825E-03 % U235
1.04141E-03 1.04121E-03 1.03761E-03 1.03342E-03 % U238
0.00000E+00 6.54114E-07 2.19172E-02 2.18779E-01 % Pu238
0.00000E+00 2.18237E-02 6.43962E-01 1.07778E+00 % Pu239
0.00000E+00 4.09103E-04 2.24262E-01 7.47281E-01 % Pu240
0.00000E+00 1.14665E-06 1.26113E-02 8.37241E-02 % Pu241
0.00000E+00 5.60500E-11 1.28198E-05 1.91235E-04 % Pu242
0.00000E+00 5.78359E-09 1.24191E-03 1.69039E-02 % Am241
0.00000E+00 2.19504E-11 2.27521E-04 7.94949E-03 % Am244
0.00000E+00 1.01435E-14 9.56685E-08 3.45012E-06 % Am245
0.00000E+00 0.00000E+00 0.00000E+00 0.00000E+00 % lost data
2.52793E-03 1.19381E+06 1.20800E+06 1.19162E+06 % total
];

MAT_uco_SF = [
0.00000E+00 0.00000E+00 0.00000E+00 0.00000E+00 % H3
0.00000E+00 0.00000E+00 0.00000E+00 0.00000E+00 % Xe135
1.44825E-01 1.44096E-01 1.32217E-01 1.19662E-01 % U235
8.30122E+04 8.29956E+04 8.27086E+04 8.23746E+04 % U238
0.00000E+00 1.35880E-03 4.55288E+01 4.54473E+02 % Pu238
0.00000E+00 8.05644E-02 2.37725E+00 3.97874E+00 % Pu239
0.00000E+00 2.77173E+01 1.51941E+04 5.06294E+04 % Pu240
0.00000E+00 0.00000E+00 0.00000E+00 0.00000E+00 % Pu241
0.00000E+00 3.86208E-04 8.83337E+01 1.31769E+03 % Pu242
0.00000E+00 2.77381E-08 5.95622E-03 8.10712E-02 % Am241
0.00000E+00 0.00000E+00 0.00000E+00 0.00000E+00 % Am244
0.00000E+00 0.00000E+00 0.00000E+00 0.00000E+00 % Am245
0.00000E+00 0.00000E+00 0.00000E+00 0.00000E+00 % lost data
8.30123E+04 8.30236E+04 1.01918E+05 2.50807E+05 % total
];

MAT_uco_ING_TOX = [
0.00000E+00 1.22392E-04 1.72651E-03 2.78807E-03 % H3
0.00000E+00 3.02673E+09 2.99163E+09 2.89618E+09 % Xe135
9.45385E+01 9.40625E+01 8.63081E+01 7.81130E+01 % U235
6.84166E+01 6.84030E+01 6.81665E+01 6.78912E+01 % U238
0.00000E+00 1.68024E-01 5.62991E+03 5.61983E+04 % Pu238
0.00000E+00 6.49713E+03 1.91714E+05 3.20866E+05 % Pu239
0.00000E+00 1.21567E+02 6.66408E+04 2.22059E+05 % Pu240
0.00000E+00 6.41493E+00 7.05538E+04 4.68396E+05 % Pu241
0.00000E+00 1.68527E-05 3.85456E+00 5.74992E+01 % Pu242
0.00000E+00 1.29014E-03 2.77033E+02 3.77075E+03 % Am241
0.00000E+00 5.68415E-08 5.89176E-01 2.05856E+01 % Am244
0.00000E+00 1.24649E-11 1.17563E-04 4.23971E-03 % Am245
0.00000E+00 0.00000E+00 0.00000E+00 0.00000E+00 % lost data
1.62955E+02 4.41000E+10 5.89738E+10 5.84189E+10 % total
];

MAT_uco_INH_TOX = [
0.00000E+00 7.57662E-04 1.06879E-02 1.72595E-02 % H3
0.00000E+00 1.58543E+09 1.56704E+09 1.51705E+09 % Xe135
1.70974E+04 1.70113E+04 1.56089E+04 1.41268E+04 % U235
1.21630E+04 1.21605E+04 1.21185E+04 1.20695E+04 % U238
0.00000E+00 8.03591E+01 2.69257E+06 2.68775E+07 % Pu238
0.00000E+00 3.11862E+06 9.20225E+07 1.54016E+08 % Pu239
0.00000E+00 5.83523E+04 3.19876E+07 1.06588E+08 % Pu240
0.00000E+00 3.07382E+03 3.38070E+07 2.24440E+08 % Pu241
0.00000E+00 7.72416E-03 1.76667E+03 2.63538E+04 % Pu242
0.00000E+00 6.19268E-01 1.32976E+05 1.80996E+06 % Am241
0.00000E+00 4.57204E-07 4.73902E+00 1.65579E+02 % Am244
0.00000E+00 1.12586E-11 1.06186E-04 3.82941E-03 % Am245
0.00000E+00 0.00000E+00 0.00000E+00 0.00000E+00 % lost data
2.92603E+04 4.34762E+10 5.78745E+10 5.93420E+10 % total
];

TOT_VOLUME = [ 1.49548E+04 1.49548E+04 1.49548E+04 1.49548E+04 ];

TOT_BURNUP = [ 0.00000E+00 6.78438E-01 1.20762E+01 2.48307E+01 ];

TOT_ADENS = [
0.00000E+00 1.09298E-13 1.54181E-12 2.48980E-12 % H3
0.00000E+00 4.57507E-08 4.52202E-08 4.37775E-08 % Xe135
4.31104E-03 4.28933E-03 3.93572E-03 3.56202E-03 % U235
2.06805E-02 2.06764E-02 2.06048E-02 2.05216E-02 % U238
0.00000E+00 1.95048E-13 6.53540E-09 6.52370E-08 % Pu238
0.00000E+00 1.90756E-06 5.62871E-05 9.42064E-05 % Pu239
0.00000E+00 9.71282E-09 5.32437E-06 1.77417E-05 % Pu240
0.00000E+00 5.81409E-11 6.39456E-07 4.24525E-06 % Pu241
0.00000E+00 8.01651E-14 1.83354E-08 2.73513E-07 % Pu242
0.00000E+00 8.49557E-15 1.82426E-09 2.48304E-08 % Am241
0.00000E+00 4.33438E-22 4.49269E-15 1.56973E-13 % Am244
0.00000E+00 1.43136E-25 1.34999E-18 4.86851E-17 % Am245
0.00000E+00 1.43319E-07 2.56832E-06 5.30342E-06 % lost data
7.04520E-02 7.04694E-02 7.07625E-02 7.10896E-02 % total
];

