
DET1001 = [
    1    1    1    1    1    1    1    1    1    1  6.00880E+18 0.00449 
    2    2    1    1    1    1    1    1    1    1  1.95122E+18 0.00526 
    3    3    1    1    1    1    1    1    1    1  1.97986E+17 0.01162 
];


DET1001E = [
 1.00000E-09  6.25000E-07  3.13000E-07
 6.25000E-07  1.00000E-01  5.00003E-02
 1.00000E-01  2.00000E+01  1.00500E+01
];

DET1002 = [
    1    1    1    1    1    1    1    1    1    1  2.60170E+17 0.00631 
    2    2    1    1    1    1    1    1    1    1  4.21732E+17 0.00468 
    3    3    1    1    1    1    1    1    1    1  1.95099E+17 0.00635 
];


DET1002E = [
 1.00000E-09  6.25000E-07  3.13000E-07
 6.25000E-07  1.00000E-01  5.00003E-02
 1.00000E-01  2.00000E+01  1.00500E+01
];
