
DET1001 = [
    1    1    1    1    1    1    1    1    1    1  6.18063E+18 0.00419 
    2    2    1    1    1    1    1    1    1    1  2.01768E+18 0.00577 
    3    3    1    1    1    1    1    1    1    1  2.06168E+17 0.01193 
];


DET1001E = [
 1.00000E-09  6.25000E-07  3.13000E-07
 6.25000E-07  1.00000E-01  5.00003E-02
 1.00000E-01  2.00000E+01  1.00500E+01
];

DET1002 = [
    1    1    1    1    1    1    1    1    1    1  2.65706E+17 0.00648 
    2    2    1    1    1    1    1    1    1    1  4.38755E+17 0.00475 
    3    3    1    1    1    1    1    1    1    1  2.01464E+17 0.00609 
];


DET1002E = [
 1.00000E-09  6.25000E-07  3.13000E-07
 6.25000E-07  1.00000E-01  5.00003E-02
 1.00000E-01  2.00000E+01  1.00500E+01
];
