
DET1001 = [
    1    1    1    1    1    1    1    1    1    1  5.92638E+18 0.00423 
    2    2    1    1    1    1    1    1    1    1  1.91650E+18 0.00582 
    3    3    1    1    1    1    1    1    1    1  1.94763E+17 0.01188 
];


DET1001E = [
 1.00000E-09  6.25000E-07  3.13000E-07
 6.25000E-07  1.00000E-01  5.00003E-02
 1.00000E-01  2.00000E+01  1.00500E+01
];

DET1002 = [
    1    1    1    1    1    1    1    1    1    1  2.55803E+17 0.00607 
    2    2    1    1    1    1    1    1    1    1  4.04519E+17 0.00502 
    3    3    1    1    1    1    1    1    1    1  1.88163E+17 0.00607 
];


DET1002E = [
 1.00000E-09  6.25000E-07  3.13000E-07
 6.25000E-07  1.00000E-01  5.00003E-02
 1.00000E-01  2.00000E+01  1.00500E+01
];
