
DET1001 = [
    1    1    1    1    1    1    1    1    1    1  4.55297E+18 0.00454 
    2    2    1    1    1    1    1    1    1    1  1.73577E+18 0.00549 
    3    3    1    1    1    1    1    1    1    1  1.60674E+17 0.01122 
];


DET1001E = [
 1.00000E-09  6.25000E-07  3.13000E-07
 6.25000E-07  1.00000E-01  5.00003E-02
 1.00000E-01  2.00000E+01  1.00500E+01
];

DET1002 = [
    1    1    1    1    1    1    1    1    1    1  1.57546E+17 0.00729 
    2    2    1    1    1    1    1    1    1    1  3.79720E+17 0.00451 
    3    3    1    1    1    1    1    1    1    1  1.70753E+17 0.00625 
];


DET1002E = [
 1.00000E-09  6.25000E-07  3.13000E-07
 6.25000E-07  1.00000E-01  5.00003E-02
 1.00000E-01  2.00000E+01  1.00500E+01
];
