
DET1001 = [
    1    1    1    1    1    1    1    1    1    1  4.82343E+18 0.00466 
    2    2    1    1    1    1    1    1    1    1  1.84527E+18 0.00568 
    3    3    1    1    1    1    1    1    1    1  1.69651E+17 0.01116 
];


DET1001E = [
 1.00000E-09  6.25000E-07  3.13000E-07
 6.25000E-07  1.00000E-01  5.00003E-02
 1.00000E-01  2.00000E+01  1.00500E+01
];

DET1002 = [
    1    1    1    1    1    1    1    1    1    1  1.59368E+17 0.00748 
    2    2    1    1    1    1    1    1    1    1  4.06577E+17 0.00454 
    3    3    1    1    1    1    1    1    1    1  1.85908E+17 0.00621 
];


DET1002E = [
 1.00000E-09  6.25000E-07  3.13000E-07
 6.25000E-07  1.00000E-01  5.00003E-02
 1.00000E-01  2.00000E+01  1.00500E+01
];
