
ZAI = [
10030
541350
922350
922380
942380
942390
942400
942410
942420
952410
952440
952450
666
0
];

NAMES = [
'H3              '
'Xe135           '
'U235            '
'U238            '
'Pu238           '
'Pu239           '
'Pu240           '
'Pu241           '
'Pu242           '
'Am241           '
'Am244           '
'Am245           '
'lost            '
'total           '
];

i10030  = 1; iH3               = 1;
i541350 = 2; iXe135            = 2;
i922350 = 3; iU235             = 3;
i922380 = 4; iU238             = 4;
i942380 = 5; iPu238            = 5;
i942390 = 6; iPu239            = 6;
i942400 = 7; iPu240            = 7;
i942410 = 8; iPu241            = 8;
i942420 = 9; iPu242            = 9;
i952410 = 10; iAm241            = 10;
i952440 = 11; iAm244            = 11;
i952450 = 12; iAm245            = 12;
iLOST    = 13;
iTOT     = 14;

MAT_uco_VOLUME = [ 2.43398E+04 2.43398E+04 2.43398E+04 2.43398E+04 ];

MAT_uco_BURNUP = [ 0.00000E+00 4.16852E-01 7.42005E+00 1.52569E+01 ];

MAT_uco_ADENS = [
0.00000E+00 7.86988E-14 1.24017E-12 2.22180E-12 % H3
0.00000E+00 4.13808E-08 4.14245E-08 4.11670E-08 % Xe135
4.87458E-03 4.86109E-03 4.63864E-03 4.39886E-03 % U235
2.01233E-02 2.01205E-02 2.00725E-02 2.00175E-02 % U238
0.00000E+00 7.95311E-14 2.04390E-09 1.97533E-08 % Pu238
0.00000E+00 1.29208E-06 4.22428E-05 7.82372E-05 % Pu239
0.00000E+00 3.68976E-09 2.14668E-06 7.83710E-06 % Pu240
0.00000E+00 1.55746E-11 1.82350E-07 1.38398E-06 % Pu241
0.00000E+00 1.15471E-14 2.70504E-09 4.42155E-08 % Pu242
0.00000E+00 2.29861E-15 5.22561E-10 8.22477E-09 % Am241
0.00000E+00 3.18731E-23 3.39479E-16 1.22063E-14 % Am244
0.00000E+00 5.72849E-27 5.53835E-20 2.00847E-18 % Am245
0.00000E+00 8.80784E-08 1.57403E-06 3.24681E-06 % lost data
7.04699E-02 7.04806E-02 7.06606E-02 7.08617E-02 % total
];

MAT_uco_MDENS = [
0.00000E+00 3.94079E-13 6.21009E-12 1.11255E-11 % H3
0.00000E+00 9.27020E-06 9.28000E-06 9.22230E-06 % Xe135
1.90258E+00 1.89731E+00 1.81049E+00 1.71690E+00 % U235
7.95473E+00 7.95363E+00 7.93464E+00 7.91289E+00 % U238
0.00000E+00 3.14384E-11 8.07949E-07 7.80842E-06 % Pu238
0.00000E+00 5.12907E-04 1.67688E-02 3.10572E-02 % Pu239
0.00000E+00 1.47083E-06 8.55722E-04 3.12407E-03 % Pu240
0.00000E+00 6.23415E-09 7.29904E-05 5.53975E-04 % Pu241
0.00000E+00 4.64140E-12 1.08730E-06 1.77726E-05 % Pu242
0.00000E+00 9.20113E-13 2.09176E-07 3.29230E-06 % Am241
0.00000E+00 1.29177E-20 1.37586E-13 4.94704E-12 % Am244
0.00000E+00 2.33120E-24 2.25383E-17 8.17343E-16 % Am245
0.00000E+00 0.00000E+00 0.00000E+00 0.00000E+00 % lost data
1.10000E+01 1.09999E+01 1.09989E+01 1.09978E+01 % total
];

MAT_uco_A = [
0.00000E+00 3.41503E+06 5.38158E+07 9.64120E+07 % H3
0.00000E+00 2.12174E+16 2.12398E+16 2.11077E+16 % Xe135
3.70172E+09 3.69147E+09 3.52254E+09 3.34046E+09 % U235
2.40783E+09 2.40749E+09 2.40175E+09 2.39516E+09 % U238
0.00000E+00 4.84814E+05 1.24594E+10 1.20414E+11 % Pu238
0.00000E+00 2.86504E+10 9.36686E+11 1.73482E+12 % Pu239
0.00000E+00 3.00653E+08 1.74919E+11 6.38593E+11 % Pu240
0.00000E+00 5.82669E+08 6.82197E+12 5.17768E+13 % Pu241
0.00000E+00 1.64620E+01 3.85642E+06 6.30355E+07 % Pu242
0.00000E+00 2.84065E+03 6.45786E+08 1.01643E+10 % Am241
0.00000E+00 1.47891E+01 1.57518E+08 5.66373E+09 % Am244
0.00000E+00 1.30956E-02 1.26609E+05 4.59145E+06 % Am245
0.00000E+00 0.00000E+00 0.00000E+00 0.00000E+00 % lost data
6.10955E+09 3.30555E+18 3.65957E+18 3.71031E+18 % total
];

MAT_uco_H = [
0.00000E+00 3.11328E-09 4.90605E-08 8.78929E-08 % H3
0.00000E+00 1.91278E+03 1.91480E+03 1.90290E+03 % Xe135
2.73567E-03 2.72809E-03 2.60325E-03 2.46869E-03 % U235
1.64930E-03 1.64907E-03 1.64513E-03 1.64062E-03 % U238
0.00000E+00 4.34096E-07 1.11560E-02 1.07817E-01 % Pu238
0.00000E+00 2.40590E-02 7.86577E-01 1.45681E+00 % Pu239
0.00000E+00 2.52943E-04 1.47161E-01 5.37255E-01 % Pu240
0.00000E+00 4.99920E-07 5.85314E-03 4.44236E-02 % Pu241
0.00000E+00 1.31401E-11 3.07824E-06 5.03156E-05 % Pu242
0.00000E+00 2.54687E-09 5.79000E-04 9.11308E-03 % Am241
0.00000E+00 2.62710E-12 2.79811E-05 1.00609E-03 % Am244
0.00000E+00 6.60716E-16 6.38786E-09 2.31654E-07 % Am245
0.00000E+00 0.00000E+00 0.00000E+00 0.00000E+00 % lost data
4.38497E-03 1.19726E+06 1.22697E+06 1.22138E+06 % total
];

MAT_uco_SF = [
0.00000E+00 0.00000E+00 0.00000E+00 0.00000E+00 % H3
0.00000E+00 0.00000E+00 0.00000E+00 0.00000E+00 % Xe135
2.66524E-01 2.65786E-01 2.53623E-01 2.40513E-01 % U235
1.31467E+05 1.31449E+05 1.31135E+05 1.30776E+05 % U238
0.00000E+00 9.01754E-04 2.31746E+01 2.23971E+02 % Pu238
0.00000E+00 8.88162E-02 2.90373E+00 5.37794E+00 % Pu239
0.00000E+00 1.71372E+01 9.97036E+03 3.63998E+04 % Pu240
0.00000E+00 0.00000E+00 0.00000E+00 0.00000E+00 % Pu241
0.00000E+00 9.05410E-05 2.12103E+01 3.46695E+02 % Pu242
0.00000E+00 1.22148E-08 2.77688E-03 4.37063E-02 % Am241
0.00000E+00 0.00000E+00 0.00000E+00 0.00000E+00 % Am244
0.00000E+00 0.00000E+00 0.00000E+00 0.00000E+00 % Am245
0.00000E+00 0.00000E+00 0.00000E+00 0.00000E+00 % lost data
1.31468E+05 1.31467E+05 1.42141E+05 2.00169E+05 % total
];

MAT_uco_ING_TOX = [
0.00000E+00 1.43431E-04 2.26026E-03 4.04930E-03 % H3
0.00000E+00 4.45565E+09 4.46036E+09 4.43263E+09 % Xe135
1.73981E+02 1.73499E+02 1.65560E+02 1.57002E+02 % U235
1.08352E+02 1.08337E+02 1.08079E+02 1.07782E+02 % U238
0.00000E+00 1.11507E-01 2.86567E+03 2.76953E+04 % Pu238
0.00000E+00 7.16259E+03 2.34172E+05 4.33705E+05 % Pu239
0.00000E+00 7.51634E+01 4.37296E+04 1.59648E+05 % Pu240
0.00000E+00 2.79681E+00 3.27455E+04 2.48529E+05 % Pu241
0.00000E+00 3.95088E-06 9.25541E-01 1.51285E+01 % Pu242
0.00000E+00 5.68130E-04 1.29157E+02 2.03285E+03 % Am241
0.00000E+00 6.80298E-09 7.24583E-02 2.60532E+00 % Am244
0.00000E+00 8.11927E-13 7.84978E-06 2.84670E-04 % Am245
0.00000E+00 0.00000E+00 0.00000E+00 0.00000E+00 % lost data
2.82333E+02 4.55720E+10 6.09615E+10 6.08677E+10 % total
];

MAT_uco_INH_TOX = [
0.00000E+00 8.87909E-04 1.39921E-02 2.50671E-02 % H3
0.00000E+00 2.33391E+09 2.33638E+09 2.32185E+09 % Xe135
3.14646E+04 3.13775E+04 2.99416E+04 2.83939E+04 % U235
1.92626E+04 1.92599E+04 1.92140E+04 1.91613E+04 % U238
0.00000E+00 5.33296E+01 1.37054E+06 1.32456E+07 % Pu238
0.00000E+00 3.43805E+06 1.12402E+08 2.08178E+08 % Pu239
0.00000E+00 3.60784E+04 2.09902E+07 7.66312E+07 % Pu240
0.00000E+00 1.34014E+03 1.56905E+07 1.19087E+08 % Pu241
0.00000E+00 1.81082E-03 4.24206E+02 6.93390E+03 % Pu242
0.00000E+00 2.72702E-01 6.19955E+04 9.75768E+05 % Am241
0.00000E+00 5.47196E-08 5.82817E-01 2.09558E+01 % Am244
0.00000E+00 7.33354E-13 7.09012E-06 2.57121E-04 % Am245
0.00000E+00 0.00000E+00 0.00000E+00 0.00000E+00 % lost data
5.07272E+04 4.42759E+10 5.90685E+10 6.08298E+10 % total
];

TOT_VOLUME = [ 2.43398E+04 2.43398E+04 2.43398E+04 2.43398E+04 ];

TOT_BURNUP = [ 0.00000E+00 4.16852E-01 7.42005E+00 1.52569E+01 ];

TOT_ADENS = [
0.00000E+00 7.86988E-14 1.24017E-12 2.22180E-12 % H3
0.00000E+00 4.13808E-08 4.14245E-08 4.11670E-08 % Xe135
4.87458E-03 4.86109E-03 4.63864E-03 4.39886E-03 % U235
2.01233E-02 2.01205E-02 2.00725E-02 2.00175E-02 % U238
0.00000E+00 7.95311E-14 2.04390E-09 1.97533E-08 % Pu238
0.00000E+00 1.29208E-06 4.22428E-05 7.82372E-05 % Pu239
0.00000E+00 3.68976E-09 2.14668E-06 7.83710E-06 % Pu240
0.00000E+00 1.55746E-11 1.82350E-07 1.38398E-06 % Pu241
0.00000E+00 1.15471E-14 2.70504E-09 4.42155E-08 % Pu242
0.00000E+00 2.29861E-15 5.22561E-10 8.22477E-09 % Am241
0.00000E+00 3.18731E-23 3.39479E-16 1.22063E-14 % Am244
0.00000E+00 5.72849E-27 5.53835E-20 2.00847E-18 % Am245
0.00000E+00 8.80784E-08 1.57403E-06 3.24681E-06 % lost data
7.04699E-02 7.04806E-02 7.06606E-02 7.08617E-02 % total
];

