
DET1001 = [
    1    1    1    1    1    1    1    1    1    1  4.71471E+18 0.00453 
    2    2    1    1    1    1    1    1    1    1  1.81522E+18 0.00603 
    3    3    1    1    1    1    1    1    1    1  1.64523E+17 0.01149 
];


DET1001E = [
 1.00000E-09  6.25000E-07  3.13000E-07
 6.25000E-07  1.00000E-01  5.00003E-02
 1.00000E-01  2.00000E+01  1.00500E+01
];

DET1002 = [
    1    1    1    1    1    1    1    1    1    1  1.56642E+17 0.00739 
    2    2    1    1    1    1    1    1    1    1  3.98046E+17 0.00481 
    3    3    1    1    1    1    1    1    1    1  1.79506E+17 0.00637 
];


DET1002E = [
 1.00000E-09  6.25000E-07  3.13000E-07
 6.25000E-07  1.00000E-01  5.00003E-02
 1.00000E-01  2.00000E+01  1.00500E+01
];
