
ZAI = [
10030
541350
922350
922380
942380
942390
942400
942410
942420
952410
952440
952450
666
0
];

NAMES = [
'H3              '
'Xe135           '
'U235            '
'U238            '
'Pu238           '
'Pu239           '
'Pu240           '
'Pu241           '
'Pu242           '
'Am241           '
'Am244           '
'Am245           '
'lost            '
'total           '
];

i10030  = 1; iH3               = 1;
i541350 = 2; iXe135            = 2;
i922350 = 3; iU235             = 3;
i922380 = 4; iU238             = 4;
i942380 = 5; iPu238            = 5;
i942390 = 6; iPu239            = 6;
i942400 = 7; iPu240            = 7;
i942410 = 8; iPu241            = 8;
i942420 = 9; iPu242            = 9;
i952410 = 10; iAm241            = 10;
i952440 = 11; iAm244            = 11;
i952450 = 12; iAm245            = 12;
iLOST    = 13;
iTOT     = 14;

MAT_uco_VOLUME = [ 2.61710E+04 2.61710E+04 2.61710E+04 2.61710E+04 ];

MAT_uco_BURNUP = [ 0.00000E+00 3.87678E-01 6.90068E+00 1.41891E+01 ];

MAT_uco_ADENS = [
0.00000E+00 9.05593E-14 1.41461E-12 2.52290E-12 % H3
0.00000E+00 3.79358E-08 3.81907E-08 3.80884E-08 % Xe135
4.31104E-03 4.29846E-03 4.09189E-03 3.87059E-03 % U235
2.06805E-02 2.06775E-02 2.06268E-02 2.05686E-02 % U238
0.00000E+00 1.01812E-13 2.35404E-09 2.25029E-08 % Pu238
0.00000E+00 1.36628E-06 4.42743E-05 8.17672E-05 % Pu239
0.00000E+00 4.12870E-09 2.33792E-06 8.42508E-06 % Pu240
0.00000E+00 1.89728E-11 2.17233E-07 1.61163E-06 % Pu241
0.00000E+00 1.47779E-14 3.37384E-09 5.36912E-08 % Pu242
0.00000E+00 2.80602E-15 6.22940E-10 9.60087E-09 % Am241
0.00000E+00 5.03426E-23 5.11263E-16 1.86568E-14 % Am244
0.00000E+00 9.59208E-27 8.77726E-20 3.23427E-18 % Am245
0.00000E+00 8.19206E-08 1.46519E-06 3.02392E-06 % lost data
7.04520E-02 7.04619E-02 7.06294E-02 7.08165E-02 % total
];

MAT_uco_MDENS = [
0.00000E+00 4.53470E-13 7.08358E-12 1.26333E-11 % H3
0.00000E+00 8.49845E-06 8.55556E-06 8.53263E-06 % Xe135
1.68262E+00 1.67772E+00 1.59709E+00 1.51072E+00 % U235
8.17497E+00 8.17381E+00 8.15377E+00 8.13073E+00 % U238
0.00000E+00 4.02461E-11 9.30546E-07 8.89534E-06 % Pu238
0.00000E+00 5.42360E-04 1.75752E-02 3.24584E-02 % Pu239
0.00000E+00 1.64581E-06 9.31953E-04 3.35845E-03 % Pu240
0.00000E+00 7.59438E-09 8.69533E-05 6.45097E-04 % Pu241
0.00000E+00 5.94004E-12 1.35613E-06 2.15814E-05 % Pu242
0.00000E+00 1.12322E-12 2.49357E-07 3.84314E-06 % Am241
0.00000E+00 2.04031E-20 2.07208E-13 7.56132E-12 % Am244
0.00000E+00 3.90349E-24 3.57190E-17 1.31618E-15 % Am245
0.00000E+00 0.00000E+00 0.00000E+00 0.00000E+00 % lost data
1.10000E+01 1.09999E+01 1.09990E+01 1.09979E+01 % total
];

MAT_uco_A = [
0.00000E+00 4.22536E+06 6.60036E+07 1.17715E+08 % H3
0.00000E+00 2.09144E+16 2.10550E+16 2.09985E+16 % Xe135
3.52007E+09 3.50980E+09 3.34113E+09 3.16044E+09 % U235
2.66066E+09 2.66028E+09 2.65376E+09 2.64626E+09 % U238
0.00000E+00 6.67332E+05 1.54296E+10 1.47496E+11 % Pu238
0.00000E+00 3.25749E+10 1.05559E+12 1.94950E+12 % Pu239
0.00000E+00 3.61730E+08 2.04833E+11 7.38152E+11 % Pu240
0.00000E+00 7.63203E+08 8.73844E+12 6.48295E+13 % Pu241
0.00000E+00 2.26530E+01 5.17176E+06 8.23032E+07 % Pu242
0.00000E+00 3.72860E+03 8.27754E+08 1.27575E+10 % Am241
0.00000E+00 2.51164E+01 2.55074E+08 9.30803E+09 % Am244
0.00000E+00 2.35777E-02 2.15748E+05 7.94996E+06 % Am245
0.00000E+00 0.00000E+00 0.00000E+00 0.00000E+00 % lost data
6.18073E+09 3.34343E+18 3.70746E+18 3.75797E+18 % total
];

MAT_uco_H = [
0.00000E+00 3.85200E-09 6.01714E-08 1.07313E-07 % H3
0.00000E+00 1.88547E+03 1.89814E+03 1.89305E+03 % Xe135
2.60142E-03 2.59384E-03 2.46918E-03 2.33565E-03 % U235
1.82248E-03 1.82222E-03 1.81776E-03 1.81262E-03 % U238
0.00000E+00 5.97520E-07 1.38155E-02 1.32066E-01 % Pu238
0.00000E+00 2.73546E-02 8.86427E-01 1.63708E+00 % Pu239
0.00000E+00 3.04328E-04 1.72328E-01 6.21015E-01 % Pu240
0.00000E+00 6.54816E-07 7.49743E-03 5.56226E-02 % Pu241
0.00000E+00 1.80819E-11 4.12815E-06 6.56953E-05 % Pu242
0.00000E+00 3.34300E-09 7.42149E-04 1.14381E-02 % Am241
0.00000E+00 4.46161E-12 4.53107E-05 1.65345E-03 % Am244
0.00000E+00 1.18957E-15 1.08852E-08 4.01102E-07 % Am245
0.00000E+00 0.00000E+00 0.00000E+00 0.00000E+00 % lost data
4.42391E-03 1.20015E+06 1.23131E+06 1.22424E+06 % total
];

MAT_uco_SF = [
0.00000E+00 0.00000E+00 0.00000E+00 0.00000E+00 % H3
0.00000E+00 0.00000E+00 0.00000E+00 0.00000E+00 % Xe135
2.53445E-01 2.52706E-01 2.40561E-01 2.27551E-01 % U235
1.45272E+05 1.45251E+05 1.44895E+05 1.44486E+05 % U238
0.00000E+00 1.24124E-03 2.86991E+01 2.74343E+02 % Pu238
0.00000E+00 1.00982E-01 3.27233E+00 6.04345E+00 % Pu239
0.00000E+00 2.06186E+01 1.16755E+04 4.20747E+04 % Pu240
0.00000E+00 0.00000E+00 0.00000E+00 0.00000E+00 % Pu241
0.00000E+00 1.24592E-04 2.84447E+01 4.52668E+02 % Pu242
0.00000E+00 1.60330E-08 3.55934E-03 5.48572E-02 % Am241
0.00000E+00 0.00000E+00 0.00000E+00 0.00000E+00 % Am244
0.00000E+00 0.00000E+00 0.00000E+00 0.00000E+00 % Am245
0.00000E+00 0.00000E+00 0.00000E+00 0.00000E+00 % lost data
1.45272E+05 1.45272E+05 1.57973E+05 2.30445E+05 % total
];

MAT_uco_ING_TOX = [
0.00000E+00 1.77465E-04 2.77215E-03 4.94401E-03 % H3
0.00000E+00 4.39203E+09 4.42154E+09 4.40969E+09 % Xe135
1.65443E+02 1.64961E+02 1.57033E+02 1.48540E+02 % U235
1.19730E+02 1.19713E+02 1.19419E+02 1.19082E+02 % U238
0.00000E+00 1.53486E-01 3.54882E+03 3.39241E+04 % Pu238
0.00000E+00 8.14373E+03 2.63898E+05 4.87375E+05 % Pu239
0.00000E+00 9.04326E+01 5.12083E+04 1.84538E+05 % Pu240
0.00000E+00 3.66338E+00 4.19445E+04 3.11182E+05 % Pu241
0.00000E+00 5.43673E-06 1.24122E+00 1.97528E+01 % Pu242
0.00000E+00 7.45721E-04 1.65551E+02 2.55150E+03 % Am241
0.00000E+00 1.15535E-08 1.17334E-01 4.28169E+00 % Am244
0.00000E+00 1.46182E-12 1.33764E-05 4.92897E-04 % Am245
0.00000E+00 0.00000E+00 0.00000E+00 0.00000E+00 % lost data
2.85173E+02 4.55327E+10 6.10711E+10 6.09805E+10 % total
];

MAT_uco_INH_TOX = [
0.00000E+00 1.09859E-03 1.71609E-02 3.06058E-02 % H3
0.00000E+00 2.30059E+09 2.31605E+09 2.30984E+09 % Xe135
2.99206E+04 2.98333E+04 2.83996E+04 2.68637E+04 % U235
2.12853E+04 2.12823E+04 2.12301E+04 2.11701E+04 % U238
0.00000E+00 7.34066E+01 1.69726E+06 1.62246E+07 % Pu238
0.00000E+00 3.90899E+06 1.26671E+08 2.33940E+08 % Pu239
0.00000E+00 4.34077E+04 2.45800E+07 8.85783E+07 % Pu240
0.00000E+00 1.75537E+03 2.00984E+07 1.49108E+08 % Pu241
0.00000E+00 2.49183E-03 5.68893E+02 9.05335E+03 % Pu242
0.00000E+00 3.57946E-01 7.94643E+04 1.22472E+06 % Am241
0.00000E+00 9.29306E-08 9.43773E-01 3.44397E+01 % Am244
0.00000E+00 1.32035E-12 1.20819E-05 4.45198E-04 % Am245
0.00000E+00 0.00000E+00 0.00000E+00 0.00000E+00 % lost data
5.12059E+04 4.42798E+10 5.92553E+10 6.10790E+10 % total
];

TOT_VOLUME = [ 2.61710E+04 2.61710E+04 2.61710E+04 2.61710E+04 ];

TOT_BURNUP = [ 0.00000E+00 3.87678E-01 6.90068E+00 1.41891E+01 ];

TOT_ADENS = [
0.00000E+00 9.05593E-14 1.41461E-12 2.52290E-12 % H3
0.00000E+00 3.79358E-08 3.81907E-08 3.80884E-08 % Xe135
4.31104E-03 4.29846E-03 4.09189E-03 3.87059E-03 % U235
2.06805E-02 2.06775E-02 2.06268E-02 2.05686E-02 % U238
0.00000E+00 1.01812E-13 2.35404E-09 2.25029E-08 % Pu238
0.00000E+00 1.36628E-06 4.42743E-05 8.17672E-05 % Pu239
0.00000E+00 4.12870E-09 2.33792E-06 8.42508E-06 % Pu240
0.00000E+00 1.89728E-11 2.17233E-07 1.61163E-06 % Pu241
0.00000E+00 1.47779E-14 3.37384E-09 5.36912E-08 % Pu242
0.00000E+00 2.80602E-15 6.22940E-10 9.60087E-09 % Am241
0.00000E+00 5.03426E-23 5.11263E-16 1.86568E-14 % Am244
0.00000E+00 9.59208E-27 8.77726E-20 3.23427E-18 % Am245
0.00000E+00 8.19206E-08 1.46519E-06 3.02392E-06 % lost data
7.04520E-02 7.04619E-02 7.06294E-02 7.08165E-02 % total
];

