
DET1001 = [
    1    1    1    1    1    1    1    1    1    1  4.39935E+18 0.00469 
    2    2    1    1    1    1    1    1    1    1  1.75634E+18 0.00595 
    3    3    1    1    1    1    1    1    1    1  1.58381E+17 0.01180 
];


DET1001E = [
 1.00000E-09  6.25000E-07  3.13000E-07
 6.25000E-07  1.00000E-01  5.00003E-02
 1.00000E-01  2.00000E+01  1.00500E+01
];

DET1002 = [
    1    1    1    1    1    1    1    1    1    1  1.35940E+17 0.00768 
    2    2    1    1    1    1    1    1    1    1  3.74460E+17 0.00476 
    3    3    1    1    1    1    1    1    1    1  1.70718E+17 0.00638 
];


DET1002E = [
 1.00000E-09  6.25000E-07  3.13000E-07
 6.25000E-07  1.00000E-01  5.00003E-02
 1.00000E-01  2.00000E+01  1.00500E+01
];
