
DET1001 = [
    1    1    1    1    1    1    1    1    1    1  4.50890E+18 0.00473 
    2    2    1    1    1    1    1    1    1    1  1.78855E+18 0.00574 
    3    3    1    1    1    1    1    1    1    1  1.62465E+17 0.01251 
];


DET1001E = [
 1.00000E-09  6.25000E-07  3.13000E-07
 6.25000E-07  1.00000E-01  5.00003E-02
 1.00000E-01  2.00000E+01  1.00500E+01
];

DET1002 = [
    1    1    1    1    1    1    1    1    1    1  1.33300E+17 0.00810 
    2    2    1    1    1    1    1    1    1    1  3.81051E+17 0.00509 
    3    3    1    1    1    1    1    1    1    1  1.77666E+17 0.00651 
];


DET1002E = [
 1.00000E-09  6.25000E-07  3.13000E-07
 6.25000E-07  1.00000E-01  5.00003E-02
 1.00000E-01  2.00000E+01  1.00500E+01
];
