
DET1001 = [
    1    1    1    1    1    1    1    1    1    1  4.53514E+18 0.00478 
    2    2    1    1    1    1    1    1    1    1  1.79704E+18 0.00631 
    3    3    1    1    1    1    1    1    1    1  1.64123E+17 0.01188 
];


DET1001E = [
 1.00000E-09  6.25000E-07  3.13000E-07
 6.25000E-07  1.00000E-01  5.00003E-02
 1.00000E-01  2.00000E+01  1.00500E+01
];

DET1002 = [
    1    1    1    1    1    1    1    1    1    1  1.35831E+17 0.00771 
    2    2    1    1    1    1    1    1    1    1  3.92407E+17 0.00502 
    3    3    1    1    1    1    1    1    1    1  1.84165E+17 0.00645 
];


DET1002E = [
 1.00000E-09  6.25000E-07  3.13000E-07
 6.25000E-07  1.00000E-01  5.00003E-02
 1.00000E-01  2.00000E+01  1.00500E+01
];
