
DET1001 = [
    1    1    1    1    1    1    1    1    1    1  4.37503E+18 0.00483 
    2    2    1    1    1    1    1    1    1    1  1.71378E+18 0.00559 
    3    3    1    1    1    1    1    1    1    1  1.54363E+17 0.01184 
];


DET1001E = [
 1.00000E-09  6.25000E-07  3.13000E-07
 6.25000E-07  1.00000E-01  5.00003E-02
 1.00000E-01  2.00000E+01  1.00500E+01
];

DET1002 = [
    1    1    1    1    1    1    1    1    1    1  1.36999E+17 0.00756 
    2    2    1    1    1    1    1    1    1    1  3.65022E+17 0.00484 
    3    3    1    1    1    1    1    1    1    1  1.70038E+17 0.00618 
];


DET1002E = [
 1.00000E-09  6.25000E-07  3.13000E-07
 6.25000E-07  1.00000E-01  5.00003E-02
 1.00000E-01  2.00000E+01  1.00500E+01
];
