
DET1001 = [
    1    1    1    1    1    1    1    1    1    1  3.73859E+18 0.00516 
    2    2    1    1    1    1    1    1    1    1  1.79196E+18 0.00580 
    3    3    1    1    1    1    1    1    1    1  1.67114E+17 0.01122 
];


DET1001E = [
 1.00000E-09  6.25000E-07  3.13000E-07
 6.25000E-07  1.00000E-01  5.00003E-02
 1.00000E-01  2.00000E+01  1.00500E+01
];

DET1002 = [
    1    1    1    1    1    1    1    1    1    1  6.43515E+16 0.01084 
    2    2    1    1    1    1    1    1    1    1  3.44081E+17 0.00474 
    3    3    1    1    1    1    1    1    1    1  1.64694E+17 0.00624 
];


DET1002E = [
 1.00000E-09  6.25000E-07  3.13000E-07
 6.25000E-07  1.00000E-01  5.00003E-02
 1.00000E-01  2.00000E+01  1.00500E+01
];
