
DET1001 = [
    1    1    1    1    1    1    1    1    1    1  3.76186E+18 0.00513 
    2    2    1    1    1    1    1    1    1    1  1.82982E+18 0.00586 
    3    3    1    1    1    1    1    1    1    1  1.67740E+17 0.01108 
];


DET1001E = [
 1.00000E-09  6.25000E-07  3.13000E-07
 6.25000E-07  1.00000E-01  5.00003E-02
 1.00000E-01  2.00000E+01  1.00500E+01
];

DET1002 = [
    1    1    1    1    1    1    1    1    1    1  6.28288E+16 0.01008 
    2    2    1    1    1    1    1    1    1    1  3.47432E+17 0.00518 
    3    3    1    1    1    1    1    1    1    1  1.66959E+17 0.00625 
];


DET1002E = [
 1.00000E-09  6.25000E-07  3.13000E-07
 6.25000E-07  1.00000E-01  5.00003E-02
 1.00000E-01  2.00000E+01  1.00500E+01
];
