
DET1001 = [
    1    1    1    1    1    1    1    1    1    1  3.65656E+18 0.00514 
    2    2    1    1    1    1    1    1    1    1  1.74423E+18 0.00615 
    3    3    1    1    1    1    1    1    1    1  1.60133E+17 0.01149 
];


DET1001E = [
 1.00000E-09  6.25000E-07  3.13000E-07
 6.25000E-07  1.00000E-01  5.00003E-02
 1.00000E-01  2.00000E+01  1.00500E+01
];

DET1002 = [
    1    1    1    1    1    1    1    1    1    1  6.62497E+16 0.01051 
    2    2    1    1    1    1    1    1    1    1  3.31451E+17 0.00493 
    3    3    1    1    1    1    1    1    1    1  1.58550E+17 0.00654 
];


DET1002E = [
 1.00000E-09  6.25000E-07  3.13000E-07
 6.25000E-07  1.00000E-01  5.00003E-02
 1.00000E-01  2.00000E+01  1.00500E+01
];
