
ZAI = [
10030
541350
922350
922380
942380
942390
942400
942410
942420
952410
952440
952450
666
0
];

NAMES = [
'H3              '
'Xe135           '
'U235            '
'U238            '
'Pu238           '
'Pu239           '
'Pu240           '
'Pu241           '
'Pu242           '
'Am241           '
'Am244           '
'Am245           '
'lost            '
'total           '
];

i10030  = 1; iH3               = 1;
i541350 = 2; iXe135            = 2;
i922350 = 3; iU235             = 3;
i922380 = 4; iU238             = 4;
i942380 = 5; iPu238            = 5;
i942390 = 6; iPu239            = 6;
i942400 = 7; iPu240            = 7;
i942410 = 8; iPu241            = 8;
i942420 = 9; iPu242            = 9;
i952410 = 10; iAm241            = 10;
i952440 = 11; iAm244            = 11;
i952450 = 12; iAm245            = 12;
iLOST    = 13;
iTOT     = 14;

MAT_uco_VOLUME = [ 5.00346E+04 5.00346E+04 5.00346E+04 5.00346E+04 ];

MAT_uco_BURNUP = [ 0.00000E+00 2.02784E-01 3.60956E+00 7.42191E+00 ];

MAT_uco_ADENS = [
0.00000E+00 6.83734E-14 1.15099E-12 2.22155E-12 % H3
0.00000E+00 2.81910E-08 2.83525E-08 2.84407E-08 % Xe135
4.87458E-03 4.86786E-03 4.75612E-03 4.63391E-03 % U235
2.01233E-02 2.01216E-02 2.00926E-02 2.00597E-02 % U238
0.00000E+00 4.12262E-14 6.10331E-10 5.57705E-09 % Pu238
0.00000E+00 7.85950E-07 2.72360E-05 5.39228E-05 % Pu239
0.00000E+00 1.16134E-09 6.49799E-07 2.52929E-06 % Pu240
0.00000E+00 3.53552E-12 3.92551E-08 3.19822E-07 % Pu241
0.00000E+00 1.25318E-15 2.69148E-10 4.60594E-09 % Pu242
0.00000E+00 5.32613E-16 1.13053E-10 1.91945E-09 % Am241
0.00000E+00 2.00741E-24 1.88716E-17 6.98421E-16 % Am244
0.00000E+00 1.81113E-28 1.55742E-21 5.75617E-20 % Am245
0.00000E+00 4.28758E-08 7.64927E-07 1.57609E-06 % lost data
7.04699E-02 7.04751E-02 7.05626E-02 7.06605E-02 % total
];

MAT_uco_MDENS = [
0.00000E+00 3.42376E-13 5.76351E-12 1.11243E-11 % H3
0.00000E+00 6.31540E-06 6.35159E-06 6.37134E-06 % Xe135
1.90258E+00 1.89995E+00 1.85634E+00 1.80864E+00 % U235
7.95473E+00 7.95406E+00 7.94259E+00 7.92958E+00 % U238
0.00000E+00 1.62966E-11 2.41262E-07 2.20459E-06 % Pu238
0.00000E+00 3.11992E-04 1.08117E-02 2.14053E-02 % Pu239
0.00000E+00 4.62941E-07 2.59027E-04 1.00824E-03 % Pu240
0.00000E+00 1.41519E-09 1.57129E-05 1.28018E-04 % Pu241
0.00000E+00 5.03722E-13 1.08185E-07 1.85137E-06 % Pu242
0.00000E+00 2.13200E-13 4.52540E-08 7.68337E-07 % Am241
0.00000E+00 8.13574E-22 7.64839E-15 2.83060E-13 % Am244
0.00000E+00 7.37039E-26 6.33788E-19 2.34247E-17 % Am245
0.00000E+00 0.00000E+00 0.00000E+00 0.00000E+00 % lost data
1.10000E+01 1.10000E+01 1.09995E+01 1.09989E+01 % total
];

MAT_uco_A = [
0.00000E+00 6.09913E+06 1.02672E+08 1.98170E+08 % H3
0.00000E+00 2.97137E+16 2.98840E+16 2.99769E+16 % Xe135
7.60952E+09 7.59902E+09 7.42459E+09 7.23381E+09 % U235
4.94970E+09 4.94928E+09 4.94215E+09 4.93405E+09 % U238
0.00000E+00 5.16614E+05 7.64817E+09 6.98870E+10 % Pu238
0.00000E+00 3.58253E+10 1.24148E+12 2.45792E+12 % Pu239
0.00000E+00 1.94528E+08 1.08843E+11 4.23663E+11 % Pu240
0.00000E+00 2.71902E+08 3.01895E+12 2.45962E+13 % Pu241
0.00000E+00 3.67264E+00 7.88779E+05 1.34984E+07 % Pu242
0.00000E+00 1.35306E+03 2.87202E+08 4.87620E+09 % Am241
0.00000E+00 1.91473E+00 1.80003E+07 6.66176E+08 % Am244
0.00000E+00 8.51117E-04 7.31886E+03 2.70504E+05 % Am245
0.00000E+00 0.00000E+00 0.00000E+00 0.00000E+00 % lost data
1.25592E+10 3.38441E+18 3.76333E+18 3.82489E+18 % total
];

MAT_uco_H = [
0.00000E+00 5.56021E-09 9.35998E-08 1.80659E-07 % H3
0.00000E+00 2.67874E+03 2.69409E+03 2.70247E+03 % Xe135
5.62364E-03 5.61588E-03 5.48697E-03 5.34598E-03 % U235
3.39042E-03 3.39013E-03 3.38525E-03 3.37970E-03 % U238
0.00000E+00 4.62569E-07 6.84807E-03 6.25759E-02 % Pu238
0.00000E+00 3.00841E-02 1.04252E+00 2.06402E+00 % Pu239
0.00000E+00 1.63659E-04 9.15709E-02 3.56432E-01 % Pu240
0.00000E+00 2.33288E-07 2.59021E-03 2.11031E-02 % Pu241
0.00000E+00 2.93154E-12 6.29612E-07 1.07746E-05 % Pu242
0.00000E+00 1.21313E-09 2.57500E-04 4.37191E-03 % Am241
0.00000E+00 3.40128E-13 3.19753E-06 1.18338E-04 % Am244
0.00000E+00 4.29417E-17 3.69261E-10 1.36478E-08 % Am245
0.00000E+00 0.00000E+00 0.00000E+00 0.00000E+00 % lost data
9.01405E-03 1.20417E+06 1.24286E+06 1.24331E+06 % total
];

MAT_uco_SF = [
0.00000E+00 0.00000E+00 0.00000E+00 0.00000E+00 % H3
0.00000E+00 0.00000E+00 0.00000E+00 0.00000E+00 % Xe135
5.47886E-01 5.47130E-01 5.34570E-01 5.20835E-01 % U235
2.70254E+05 2.70231E+05 2.69841E+05 2.69399E+05 % U238
0.00000E+00 9.60901E-04 1.42256E+01 1.29990E+02 % Pu238
0.00000E+00 1.11058E-01 3.84857E+00 7.61955E+00 % Pu239
0.00000E+00 1.10881E+01 6.20406E+03 2.41488E+04 % Pu240
0.00000E+00 0.00000E+00 0.00000E+00 0.00000E+00 % Pu241
0.00000E+00 2.01995E-05 4.33828E+00 7.42411E+01 % Pu242
0.00000E+00 5.81816E-09 1.23497E-03 2.09677E-02 % Am241
0.00000E+00 0.00000E+00 0.00000E+00 0.00000E+00 % Am244
0.00000E+00 0.00000E+00 0.00000E+00 0.00000E+00 % Am245
0.00000E+00 0.00000E+00 0.00000E+00 0.00000E+00 % lost data
2.70254E+05 2.70243E+05 2.76295E+05 3.01547E+05 % total
];

MAT_uco_ING_TOX = [
0.00000E+00 2.56164E-04 4.31222E-03 8.32312E-03 % H3
0.00000E+00 6.23989E+09 6.27564E+09 6.29515E+09 % Xe135
3.57647E+02 3.57154E+02 3.48956E+02 3.39989E+02 % U235
2.22737E+02 2.22718E+02 2.22397E+02 2.22032E+02 % U238
0.00000E+00 1.18821E-01 1.75908E+03 1.60740E+04 % Pu238
0.00000E+00 8.95632E+03 3.10369E+05 6.14479E+05 % Pu239
0.00000E+00 4.86321E+01 2.72108E+04 1.05916E+05 % Pu240
0.00000E+00 1.30513E+00 1.44910E+04 1.18062E+05 % Pu241
0.00000E+00 8.81434E-07 1.89307E-01 3.23961E+00 % Pu242
0.00000E+00 2.70612E-04 5.74403E+01 9.75240E+02 % Am241
0.00000E+00 8.80776E-10 8.28016E-03 3.06441E-01 % Am244
0.00000E+00 5.27693E-14 4.53769E-07 1.67712E-05 % Am245
0.00000E+00 0.00000E+00 0.00000E+00 0.00000E+00 % lost data
5.80384E+02 4.74348E+10 6.30891E+10 6.32033E+10 % total
];

MAT_uco_INH_TOX = [
0.00000E+00 1.58577E-03 2.66947E-02 5.15241E-02 % H3
0.00000E+00 3.26851E+09 3.28724E+09 3.29746E+09 % Xe135
6.46809E+04 6.45917E+04 6.31090E+04 6.14874E+04 % U235
3.95976E+04 3.95943E+04 3.95372E+04 3.94724E+04 % U238
0.00000E+00 5.68275E+01 8.41299E+05 7.68758E+06 % Pu238
0.00000E+00 4.29903E+06 1.48977E+08 2.94950E+08 % Pu239
0.00000E+00 2.33434E+04 1.30612E+07 5.08395E+07 % Pu240
0.00000E+00 6.25375E+02 6.94358E+06 5.65713E+07 % Pu241
0.00000E+00 4.03991E-04 8.67656E+01 1.48482E+03 % Pu242
0.00000E+00 1.29894E-01 2.75714E+04 4.68115E+05 % Am241
0.00000E+00 7.08450E-09 6.66013E-02 2.46485E+00 % Am244
0.00000E+00 4.76626E-14 4.09856E-07 1.51482E-05 % Am245
0.00000E+00 0.00000E+00 0.00000E+00 0.00000E+00 % lost data
1.04279E+05 4.53275E+10 6.03246E+10 6.22043E+10 % total
];

TOT_VOLUME = [ 5.00346E+04 5.00346E+04 5.00346E+04 5.00346E+04 ];

TOT_BURNUP = [ 0.00000E+00 2.02784E-01 3.60956E+00 7.42191E+00 ];

TOT_ADENS = [
0.00000E+00 6.83734E-14 1.15099E-12 2.22155E-12 % H3
0.00000E+00 2.81910E-08 2.83525E-08 2.84407E-08 % Xe135
4.87458E-03 4.86786E-03 4.75612E-03 4.63391E-03 % U235
2.01233E-02 2.01216E-02 2.00926E-02 2.00597E-02 % U238
0.00000E+00 4.12262E-14 6.10331E-10 5.57705E-09 % Pu238
0.00000E+00 7.85950E-07 2.72360E-05 5.39228E-05 % Pu239
0.00000E+00 1.16134E-09 6.49799E-07 2.52929E-06 % Pu240
0.00000E+00 3.53552E-12 3.92551E-08 3.19822E-07 % Pu241
0.00000E+00 1.25318E-15 2.69148E-10 4.60594E-09 % Pu242
0.00000E+00 5.32613E-16 1.13053E-10 1.91945E-09 % Am241
0.00000E+00 2.00741E-24 1.88716E-17 6.98421E-16 % Am244
0.00000E+00 1.81113E-28 1.55742E-21 5.75617E-20 % Am245
0.00000E+00 4.28758E-08 7.64927E-07 1.57609E-06 % lost data
7.04699E-02 7.04751E-02 7.05626E-02 7.06605E-02 % total
];

