
DET1001 = [
    1    1    1    1    1    1    1    1    1    1  4.49369E+18 0.00492 
    2    2    1    1    1    1    1    1    1    1  1.72783E+18 0.00612 
    3    3    1    1    1    1    1    1    1    1  1.56344E+17 0.01222 
];


DET1001E = [
 1.00000E-09  6.25000E-07  3.13000E-07
 6.25000E-07  1.00000E-01  5.00003E-02
 1.00000E-01  2.00000E+01  1.00500E+01
];

DET1002 = [
    1    1    1    1    1    1    1    1    1    1  1.55210E+17 0.00760 
    2    2    1    1    1    1    1    1    1    1  3.80051E+17 0.00468 
    3    3    1    1    1    1    1    1    1    1  1.76962E+17 0.00639 
];


DET1002E = [
 1.00000E-09  6.25000E-07  3.13000E-07
 6.25000E-07  1.00000E-01  5.00003E-02
 1.00000E-01  2.00000E+01  1.00500E+01
];
