
ZAI = [
10030
541350
922350
922380
942380
942390
942400
942410
942420
952410
952440
952450
666
0
];

NAMES = [
'H3              '
'Xe135           '
'U235            '
'U238            '
'Pu238           '
'Pu239           '
'Pu240           '
'Pu241           '
'Pu242           '
'Am241           '
'Am244           '
'Am245           '
'lost            '
'total           '
];

i10030  = 1; iH3               = 1;
i541350 = 2; iXe135            = 2;
i922350 = 3; iU235             = 3;
i922380 = 4; iU238             = 4;
i942380 = 5; iPu238            = 5;
i942390 = 6; iPu239            = 6;
i942400 = 7; iPu240            = 7;
i942410 = 8; iPu241            = 8;
i942420 = 9; iPu242            = 9;
i952410 = 10; iAm241            = 10;
i952440 = 11; iAm244            = 11;
i952450 = 12; iAm245            = 12;
iLOST    = 13;
iTOT     = 14;

MAT_uco_VOLUME = [ 2.20231E+04 2.20231E+04 2.20231E+04 2.20231E+04 ];

MAT_uco_BURNUP = [ 0.00000E+00 4.60682E-01 8.20020E+00 1.68610E+01 ];

MAT_uco_ADENS = [
0.00000E+00 1.16802E-13 1.73132E-12 2.94113E-12 % H3
0.00000E+00 3.77698E-08 3.80449E-08 3.77091E-08 % Xe135
3.74777E-03 3.73290E-03 3.49059E-03 3.23484E-03 % U235
2.12374E-02 2.12338E-02 2.11715E-02 2.10995E-02 % U238
0.00000E+00 1.76082E-13 4.26402E-09 4.11300E-08 % Pu238
0.00000E+00 1.66204E-06 5.16781E-05 9.13668E-05 % Pu239
0.00000E+00 6.78954E-09 3.70176E-06 1.26477E-05 % Pu240
0.00000E+00 3.92555E-11 4.31613E-07 2.98557E-06 % Pu241
0.00000E+00 4.18104E-14 9.25645E-09 1.39657E-07 % Pu242
0.00000E+00 5.78634E-15 1.23571E-09 1.77222E-08 % Am241
0.00000E+00 2.19203E-22 2.19395E-15 7.59710E-14 % Am244
0.00000E+00 5.64776E-26 5.09263E-19 1.77725E-17 % Am245
0.00000E+00 9.73393E-08 1.74488E-06 3.60449E-06 % lost data
7.04339E-02 7.04458E-02 7.06449E-02 7.08672E-02 % total
];

MAT_uco_MDENS = [
0.00000E+00 5.84878E-13 8.66950E-12 1.47275E-11 % H3
0.00000E+00 8.46126E-06 8.52289E-06 8.44767E-06 % Xe135
1.46278E+00 1.45697E+00 1.36240E+00 1.26258E+00 % U235
8.39511E+00 8.39369E+00 8.36907E+00 8.34061E+00 % U238
0.00000E+00 6.96045E-11 1.68555E-06 1.62585E-05 % Pu238
0.00000E+00 6.59766E-04 2.05143E-02 3.62691E-02 % Pu239
0.00000E+00 2.70649E-06 1.47562E-03 5.04169E-03 % Pu240
0.00000E+00 1.57131E-08 1.72765E-04 1.19506E-03 % Pu241
0.00000E+00 1.68058E-11 3.72067E-06 5.61355E-05 % Pu242
0.00000E+00 2.31622E-12 4.94645E-07 7.09405E-06 % Am241
0.00000E+00 8.88396E-20 8.89177E-13 3.07899E-11 % Am244
0.00000E+00 2.29835E-23 2.07244E-16 7.23252E-15 % Am245
0.00000E+00 0.00000E+00 0.00000E+00 0.00000E+00 % lost data
1.10000E+01 1.09999E+01 1.09988E+01 1.09976E+01 % total
];

MAT_uco_A = [
0.00000E+00 4.58606E+06 6.79779E+07 1.15479E+08 % H3
0.00000E+00 1.75227E+16 1.76503E+16 1.74945E+16 % Xe135
2.57514E+09 2.56492E+09 2.39843E+09 2.22270E+09 % U235
2.29926E+09 2.29888E+09 2.29213E+09 2.28434E+09 % U238
0.00000E+00 9.71213E+05 2.35190E+10 2.26861E+11 % Pu238
0.00000E+00 3.33460E+10 1.03684E+12 1.83312E+12 % Pu239
0.00000E+00 5.00578E+08 2.72922E+11 9.32485E+11 % Pu240
0.00000E+00 1.32883E+09 1.46104E+13 1.01064E+14 % Pu241
0.00000E+00 5.39333E+01 1.19404E+07 1.80150E+08 % Pu242
0.00000E+00 6.47021E+03 1.38176E+09 1.98168E+10 % Am241
0.00000E+00 9.20293E+01 9.21102E+08 3.18954E+10 % Am244
0.00000E+00 1.16822E-01 1.05339E+06 3.67618E+07 % Am245
0.00000E+00 0.00000E+00 0.00000E+00 0.00000E+00 % lost data
4.87441E+09 3.34755E+18 3.70914E+18 3.74940E+18 % total
];

MAT_uco_H = [
0.00000E+00 4.18082E-09 6.19713E-08 1.05275E-07 % H3
0.00000E+00 1.57970E+03 1.59120E+03 1.57716E+03 % Xe135
1.90310E-03 1.89555E-03 1.77251E-03 1.64263E-03 % U235
1.57494E-03 1.57467E-03 1.57005E-03 1.56471E-03 % U238
0.00000E+00 8.69611E-07 2.10586E-02 2.03128E-01 % Pu238
0.00000E+00 2.80022E-02 8.70678E-01 1.53936E+00 % Pu239
0.00000E+00 4.21141E-04 2.29612E-01 7.84509E-01 % Pu240
0.00000E+00 1.14011E-06 1.25355E-02 8.67111E-02 % Pu241
0.00000E+00 4.30501E-11 9.53092E-06 1.43798E-04 % Pu242
0.00000E+00 5.80107E-09 1.23886E-03 1.77674E-02 % Am241
0.00000E+00 1.63478E-11 1.63622E-04 5.66582E-03 % Am244
0.00000E+00 5.89405E-15 5.31472E-08 1.85476E-06 % Am245
0.00000E+00 0.00000E+00 0.00000E+00 0.00000E+00 % lost data
3.47803E-03 1.20015E+06 1.22733E+06 1.21435E+06 % total
];

MAT_uco_SF = [
0.00000E+00 0.00000E+00 0.00000E+00 0.00000E+00 % H3
0.00000E+00 0.00000E+00 0.00000E+00 0.00000E+00 % Xe135
1.85410E-01 1.84674E-01 1.72687E-01 1.60034E-01 % U235
1.25540E+05 1.25519E+05 1.25150E+05 1.24725E+05 % U238
0.00000E+00 1.80646E-03 4.37454E+01 4.21961E+02 % Pu238
0.00000E+00 1.03373E-01 3.21419E+00 5.68268E+00 % Pu239
0.00000E+00 2.85329E+01 1.55566E+04 5.31516E+04 % Pu240
0.00000E+00 0.00000E+00 0.00000E+00 0.00000E+00 % Pu241
0.00000E+00 2.96633E-04 6.56719E+01 9.90824E+02 % Pu242
0.00000E+00 2.78219E-08 5.94157E-03 8.52122E-02 % Am241
0.00000E+00 0.00000E+00 0.00000E+00 0.00000E+00 % Am244
0.00000E+00 0.00000E+00 0.00000E+00 0.00000E+00 % Am245
0.00000E+00 0.00000E+00 0.00000E+00 0.00000E+00 % lost data
1.25540E+05 1.25547E+05 1.43864E+05 2.72363E+05 % total
];

MAT_uco_ING_TOX = [
0.00000E+00 1.92614E-04 2.85507E-03 4.85013E-03 % H3
0.00000E+00 3.67976E+09 3.70656E+09 3.67385E+09 % Xe135
1.21032E+02 1.20551E+02 1.12726E+02 1.04467E+02 % U235
1.03467E+02 1.03449E+02 1.03146E+02 1.02795E+02 % U238
0.00000E+00 2.23379E-01 5.40938E+03 5.21780E+04 % Pu238
0.00000E+00 8.33651E+03 2.59209E+05 4.58281E+05 % Pu239
0.00000E+00 1.25144E+02 6.82306E+04 2.33121E+05 % Pu240
0.00000E+00 6.37837E+00 7.01299E+04 4.85107E+05 % Pu241
0.00000E+00 1.29440E-05 2.86568E+00 4.32360E+01 % Pu242
0.00000E+00 1.29404E-03 2.76352E+02 3.96336E+03 % Am241
0.00000E+00 4.23335E-08 4.23707E-01 1.46719E+01 % Am244
0.00000E+00 7.24296E-12 6.53104E-05 2.27923E-03 % Am245
0.00000E+00 0.00000E+00 0.00000E+00 0.00000E+00 % lost data
2.24499E+02 4.48163E+10 6.03275E+10 6.00411E+10 % total
];

MAT_uco_INH_TOX = [
0.00000E+00 1.19237E-03 1.76743E-02 3.00246E-02 % H3
0.00000E+00 1.92749E+09 1.94153E+09 1.92440E+09 % Xe135
2.18887E+04 2.18019E+04 2.03867E+04 1.88929E+04 % U235
1.83941E+04 1.83910E+04 1.83371E+04 1.82747E+04 % U238
0.00000E+00 1.06833E+02 2.58709E+06 2.49547E+07 % Pu238
0.00000E+00 4.00153E+06 1.24420E+08 2.19975E+08 % Pu239
0.00000E+00 6.00693E+04 3.27507E+07 1.11898E+08 % Pu240
0.00000E+00 3.05630E+03 3.36039E+07 2.32447E+08 % Pu241
0.00000E+00 5.93266E-03 1.31344E+03 1.98165E+04 % Pu242
0.00000E+00 6.21140E-01 1.32649E+05 1.90241E+06 % Am241
0.00000E+00 3.40508E-07 3.40808E+00 1.18013E+02 % Am244
0.00000E+00 6.54203E-12 5.89900E-05 2.05866E-03 % Am245
0.00000E+00 0.00000E+00 0.00000E+00 0.00000E+00 % lost data
4.02828E+04 4.39071E+10 5.89396E+10 6.06968E+10 % total
];

TOT_VOLUME = [ 2.20231E+04 2.20231E+04 2.20231E+04 2.20231E+04 ];

TOT_BURNUP = [ 0.00000E+00 4.60682E-01 8.20020E+00 1.68610E+01 ];

TOT_ADENS = [
0.00000E+00 1.16802E-13 1.73132E-12 2.94113E-12 % H3
0.00000E+00 3.77698E-08 3.80449E-08 3.77091E-08 % Xe135
3.74777E-03 3.73290E-03 3.49059E-03 3.23484E-03 % U235
2.12374E-02 2.12338E-02 2.11715E-02 2.10995E-02 % U238
0.00000E+00 1.76082E-13 4.26402E-09 4.11300E-08 % Pu238
0.00000E+00 1.66204E-06 5.16781E-05 9.13668E-05 % Pu239
0.00000E+00 6.78954E-09 3.70176E-06 1.26477E-05 % Pu240
0.00000E+00 3.92555E-11 4.31613E-07 2.98557E-06 % Pu241
0.00000E+00 4.18104E-14 9.25645E-09 1.39657E-07 % Pu242
0.00000E+00 5.78634E-15 1.23571E-09 1.77222E-08 % Am241
0.00000E+00 2.19203E-22 2.19395E-15 7.59710E-14 % Am244
0.00000E+00 5.64776E-26 5.09263E-19 1.77725E-17 % Am245
0.00000E+00 9.73393E-08 1.74488E-06 3.60449E-06 % lost data
7.04339E-02 7.04458E-02 7.06449E-02 7.08672E-02 % total
];

