
DET1001 = [
    1    1    1    1    1    1    1    1    1    1  4.70820E+18 0.00494 
    2    2    1    1    1    1    1    1    1    1  1.80226E+18 0.00611 
    3    3    1    1    1    1    1    1    1    1  1.63754E+17 0.01267 
];


DET1001E = [
 1.00000E-09  6.25000E-07  3.13000E-07
 6.25000E-07  1.00000E-01  5.00003E-02
 1.00000E-01  2.00000E+01  1.00500E+01
];

DET1002 = [
    1    1    1    1    1    1    1    1    1    1  1.57034E+17 0.00770 
    2    2    1    1    1    1    1    1    1    1  4.06757E+17 0.00507 
    3    3    1    1    1    1    1    1    1    1  1.94386E+17 0.00603 
];


DET1002E = [
 1.00000E-09  6.25000E-07  3.13000E-07
 6.25000E-07  1.00000E-01  5.00003E-02
 1.00000E-01  2.00000E+01  1.00500E+01
];
