
DET1001 = [
    1    1    1    1    1    1    1    1    1    1  4.59402E+18 0.00494 
    2    2    1    1    1    1    1    1    1    1  1.78816E+18 0.00611 
    3    3    1    1    1    1    1    1    1    1  1.62914E+17 0.01172 
];


DET1001E = [
 1.00000E-09  6.25000E-07  3.13000E-07
 6.25000E-07  1.00000E-01  5.00003E-02
 1.00000E-01  2.00000E+01  1.00500E+01
];

DET1002 = [
    1    1    1    1    1    1    1    1    1    1  1.53447E+17 0.00745 
    2    2    1    1    1    1    1    1    1    1  3.93451E+17 0.00517 
    3    3    1    1    1    1    1    1    1    1  1.85202E+17 0.00632 
];


DET1002E = [
 1.00000E-09  6.25000E-07  3.13000E-07
 6.25000E-07  1.00000E-01  5.00003E-02
 1.00000E-01  2.00000E+01  1.00500E+01
];
