
DET1001 = [
    1    1    1    1    1    1    1    1    1    1  4.44552E+18 0.00492 
    2    2    1    1    1    1    1    1    1    1  1.67906E+18 0.00597 
    3    3    1    1    1    1    1    1    1    1  1.54594E+17 0.01172 
];


DET1001E = [
 1.00000E-09  6.25000E-07  3.13000E-07
 6.25000E-07  1.00000E-01  5.00003E-02
 1.00000E-01  2.00000E+01  1.00500E+01
];

DET1002 = [
    1    1    1    1    1    1    1    1    1    1  1.55683E+17 0.00736 
    2    2    1    1    1    1    1    1    1    1  3.67893E+17 0.00471 
    3    3    1    1    1    1    1    1    1    1  1.72226E+17 0.00678 
];


DET1002E = [
 1.00000E-09  6.25000E-07  3.13000E-07
 6.25000E-07  1.00000E-01  5.00003E-02
 1.00000E-01  2.00000E+01  1.00500E+01
];
