
ZAI = [
10030
541350
922350
922380
942380
942390
942400
942410
942420
952410
952440
952450
666
0
];

NAMES = [
'H3              '
'Xe135           '
'U235            '
'U238            '
'Pu238           '
'Pu239           '
'Pu240           '
'Pu241           '
'Pu242           '
'Am241           '
'Am244           '
'Am245           '
'lost            '
'total           '
];

i10030  = 1; iH3               = 1;
i541350 = 2; iXe135            = 2;
i922350 = 3; iU235             = 3;
i922380 = 4; iU238             = 4;
i942380 = 5; iPu238            = 5;
i942390 = 6; iPu239            = 6;
i942400 = 7; iPu240            = 7;
i942410 = 8; iPu241            = 8;
i942420 = 9; iPu242            = 9;
i952410 = 10; iAm241            = 10;
i952440 = 11; iAm244            = 11;
i952450 = 12; iAm245            = 12;
iLOST    = 13;
iTOT     = 14;

MAT_uco_VOLUME = [ 4.22705E+04 4.22705E+04 4.22705E+04 4.22705E+04 ];

MAT_uco_BURNUP = [ 0.00000E+00 2.40026E-01 4.27249E+00 8.78505E+00 ];

MAT_uco_ADENS = [
0.00000E+00 9.25682E-14 1.53130E-12 2.85400E-12 % H3
0.00000E+00 3.00798E-08 3.03399E-08 3.04426E-08 % Xe135
4.31104E-03 4.30313E-03 4.17240E-03 4.03067E-03 % U235
2.06805E-02 2.06784E-02 2.06427E-02 2.06019E-02 % U238
0.00000E+00 7.31611E-14 1.14035E-09 1.04387E-08 % Pu238
0.00000E+00 9.62949E-07 3.26289E-05 6.34198E-05 % Pu239
0.00000E+00 1.91506E-09 1.06306E-06 3.98892E-06 % Pu240
0.00000E+00 7.41638E-12 8.18714E-08 6.43503E-07 % Pu241
0.00000E+00 3.73045E-15 8.06052E-10 1.33362E-08 % Pu242
0.00000E+00 1.11138E-15 2.35507E-10 3.85544E-09 % Am241
0.00000E+00 9.80990E-24 9.18108E-17 3.40126E-15 % Am244
0.00000E+00 1.27114E-27 1.08277E-20 4.02545E-19 % Am245
0.00000E+00 5.07483E-08 9.06319E-07 1.86887E-06 % lost data
7.04520E-02 7.04581E-02 7.05618E-02 7.06777E-02 % total
];

MAT_uco_MDENS = [
0.00000E+00 4.63530E-13 7.66787E-12 1.42913E-11 % H3
0.00000E+00 6.73853E-06 6.79680E-06 6.81980E-06 % Xe135
1.68262E+00 1.67954E+00 1.62851E+00 1.57319E+00 % U235
8.17497E+00 8.17415E+00 8.16005E+00 8.14393E+00 % U238
0.00000E+00 2.89203E-11 4.50777E-07 4.12639E-06 % Pu238
0.00000E+00 3.82254E-04 1.29524E-02 2.51753E-02 % Pu239
0.00000E+00 7.63394E-07 4.23761E-04 1.59008E-03 % Pu240
0.00000E+00 2.96861E-09 3.27713E-05 2.57580E-04 % Pu241
0.00000E+00 1.49947E-12 3.23996E-07 5.36054E-06 % Pu242
0.00000E+00 4.44877E-13 9.42711E-08 1.54330E-06 % Am241
0.00000E+00 3.97581E-21 3.72096E-14 1.37848E-12 % Am244
0.00000E+00 5.17289E-25 4.40631E-18 1.63815E-16 % Am245
0.00000E+00 0.00000E+00 0.00000E+00 0.00000E+00 % lost data
1.10000E+01 1.10000E+01 1.09994E+01 1.09987E+01 % total
];

MAT_uco_A = [
0.00000E+00 6.97606E+06 1.15400E+08 2.15082E+08 % H3
0.00000E+00 2.67848E+16 2.70164E+16 2.71079E+16 % Xe135
5.68551E+09 5.67508E+09 5.50267E+09 5.31575E+09 % U235
4.29742E+09 4.29698E+09 4.28957E+09 4.28110E+09 % U238
0.00000E+00 7.74532E+05 1.20725E+10 1.10511E+11 % Pu238
0.00000E+00 3.70822E+10 1.25651E+12 2.44223E+12 % Pu239
0.00000E+00 2.71002E+08 1.50434E+11 5.64475E+11 % Pu240
0.00000E+00 4.81858E+08 5.31936E+12 4.18098E+13 % Pu241
0.00000E+00 9.23619E+00 1.99570E+06 3.30190E+07 % Pu242
0.00000E+00 2.38527E+03 5.05448E+08 8.27460E+09 % Am241
0.00000E+00 7.90503E+00 7.39831E+07 2.74081E+09 % Am244
0.00000E+00 5.04661E-03 4.29874E+04 1.59816E+06 % Am245
0.00000E+00 0.00000E+00 0.00000E+00 0.00000E+00 % lost data
9.98292E+09 3.39403E+18 3.77373E+18 3.83427E+18 % total
];

MAT_uco_H = [
0.00000E+00 6.35965E-09 1.05203E-07 1.96077E-07 % H3
0.00000E+00 2.41470E+03 2.43558E+03 2.44382E+03 % Xe135
4.20174E-03 4.19403E-03 4.06662E-03 3.92848E-03 % U235
2.94362E-03 2.94332E-03 2.93825E-03 2.93244E-03 % U238
0.00000E+00 6.93506E-07 1.08096E-02 9.89503E-02 % Pu238
0.00000E+00 3.11396E-02 1.05515E+00 2.05085E+00 % Pu239
0.00000E+00 2.27997E-04 1.26562E-01 4.74899E-01 % Pu240
0.00000E+00 4.13426E-07 4.56392E-03 3.58721E-02 % Pu241
0.00000E+00 7.37243E-12 1.59299E-06 2.63561E-05 % Pu242
0.00000E+00 2.13859E-09 4.53175E-04 7.41885E-03 % Am241
0.00000E+00 1.40423E-12 1.31422E-05 4.86871E-04 % Am244
0.00000E+00 2.54618E-16 2.16886E-09 8.06327E-08 % Am245
0.00000E+00 0.00000E+00 0.00000E+00 0.00000E+00 % lost data
7.14536E-03 1.20490E+06 1.24214E+06 1.24010E+06 % total
];

MAT_uco_SF = [
0.00000E+00 0.00000E+00 0.00000E+00 0.00000E+00 % H3
0.00000E+00 0.00000E+00 0.00000E+00 0.00000E+00 % Xe135
4.09356E-01 4.08606E-01 3.96192E-01 3.82734E-01 % U235
2.34639E+05 2.34615E+05 2.34211E+05 2.33748E+05 % U238
0.00000E+00 1.44063E-03 2.24549E+01 2.05551E+02 % Pu238
0.00000E+00 1.14955E-01 3.89517E+00 7.57093E+00 % Pu239
0.00000E+00 1.54471E+01 8.57473E+03 3.21751E+04 % Pu240
0.00000E+00 0.00000E+00 0.00000E+00 0.00000E+00 % Pu241
0.00000E+00 5.07991E-05 1.09763E+01 1.81604E+02 % Pu242
0.00000E+00 1.02567E-08 2.17343E-03 3.55808E-02 % Am241
0.00000E+00 0.00000E+00 0.00000E+00 0.00000E+00 % Am244
0.00000E+00 0.00000E+00 0.00000E+00 0.00000E+00 % Am245
0.00000E+00 0.00000E+00 0.00000E+00 0.00000E+00 % lost data
2.34639E+05 2.34631E+05 2.43381E+05 2.84952E+05 % total
];

MAT_uco_ING_TOX = [
0.00000E+00 2.92995E-04 4.84682E-03 9.03342E-03 % H3
0.00000E+00 5.62482E+09 5.67345E+09 5.69265E+09 % Xe135
2.67219E+02 2.66729E+02 2.58625E+02 2.49840E+02 % U235
1.93384E+02 1.93364E+02 1.93031E+02 1.92649E+02 % U238
0.00000E+00 1.78142E-01 2.77668E+03 2.54176E+04 % Pu238
0.00000E+00 9.27055E+03 3.14127E+05 6.10559E+05 % Pu239
0.00000E+00 6.77506E+01 3.76085E+04 1.41119E+05 % Pu240
0.00000E+00 2.31292E+00 2.55329E+04 2.00687E+05 % Pu241
0.00000E+00 2.21669E-06 4.78967E-01 7.92455E+00 % Pu242
0.00000E+00 4.77054E-04 1.01090E+02 1.65492E+03 % Am241
0.00000E+00 3.63631E-09 3.40322E-02 1.26077E+00 % Am244
0.00000E+00 3.12890E-13 2.66522E-06 9.90862E-05 % Am245
0.00000E+00 0.00000E+00 0.00000E+00 0.00000E+00 % lost data
4.60603E+02 4.68287E+10 6.25221E+10 6.25982E+10 % total
];

MAT_uco_INH_TOX = [
0.00000E+00 1.81378E-03 3.00041E-02 5.59212E-02 % H3
0.00000E+00 2.94633E+09 2.97181E+09 2.98187E+09 % Xe135
4.83268E+04 4.82382E+04 4.67727E+04 4.51838E+04 % U235
3.43793E+04 3.43759E+04 3.43166E+04 3.42488E+04 % U238
0.00000E+00 8.51986E+01 1.32798E+06 1.21562E+07 % Pu238
0.00000E+00 4.44987E+06 1.50781E+08 2.93068E+08 % Pu239
0.00000E+00 3.25203E+04 1.80521E+07 6.77370E+07 % Pu240
0.00000E+00 1.10827E+03 1.22345E+07 9.61624E+07 % Pu241
0.00000E+00 1.01598E-03 2.19527E+02 3.63209E+03 % Pu242
0.00000E+00 2.28986E-01 4.85230E+04 7.94362E+05 % Am241
0.00000E+00 2.92486E-08 2.73738E-01 1.01410E+01 % Am244
0.00000E+00 2.82610E-13 2.40730E-06 8.94972E-05 % Am245
0.00000E+00 0.00000E+00 0.00000E+00 0.00000E+00 % lost data
8.27061E+04 4.50236E+10 6.01024E+10 6.20167E+10 % total
];

TOT_VOLUME = [ 4.22705E+04 4.22705E+04 4.22705E+04 4.22705E+04 ];

TOT_BURNUP = [ 0.00000E+00 2.40026E-01 4.27249E+00 8.78505E+00 ];

TOT_ADENS = [
0.00000E+00 9.25682E-14 1.53130E-12 2.85400E-12 % H3
0.00000E+00 3.00798E-08 3.03399E-08 3.04426E-08 % Xe135
4.31104E-03 4.30313E-03 4.17240E-03 4.03067E-03 % U235
2.06805E-02 2.06784E-02 2.06427E-02 2.06019E-02 % U238
0.00000E+00 7.31611E-14 1.14035E-09 1.04387E-08 % Pu238
0.00000E+00 9.62949E-07 3.26289E-05 6.34198E-05 % Pu239
0.00000E+00 1.91506E-09 1.06306E-06 3.98892E-06 % Pu240
0.00000E+00 7.41638E-12 8.18714E-08 6.43503E-07 % Pu241
0.00000E+00 3.73045E-15 8.06052E-10 1.33362E-08 % Pu242
0.00000E+00 1.11138E-15 2.35507E-10 3.85544E-09 % Am241
0.00000E+00 9.80990E-24 9.18108E-17 3.40126E-15 % Am244
0.00000E+00 1.27114E-27 1.08277E-20 4.02545E-19 % Am245
0.00000E+00 5.07483E-08 9.06319E-07 1.86887E-06 % lost data
7.04520E-02 7.04581E-02 7.05618E-02 7.06777E-02 % total
];

