
DET1001 = [
    1    1    1    1    1    1    1    1    1    1  4.60789E+18 0.00447 
    2    2    1    1    1    1    1    1    1    1  2.22898E+18 0.00514 
    3    3    1    1    1    1    1    1    1    1  3.79245E+17 0.00914 
];


DET1001E = [
 1.00000E-09  6.25000E-07  3.13000E-07
 6.25000E-07  1.00000E-01  5.00003E-02
 1.00000E-01  2.00000E+01  1.00500E+01
];

DET1002 = [
    1    1    1    1    1    1    1    1    1    1  7.45556E+16 0.01077 
    2    2    1    1    1    1    1    1    1    1  3.54334E+17 0.00530 
    3    3    1    1    1    1    1    1    1    1  2.04158E+17 0.00633 
];


DET1002E = [
 1.00000E-09  6.25000E-07  3.13000E-07
 6.25000E-07  1.00000E-01  5.00003E-02
 1.00000E-01  2.00000E+01  1.00500E+01
];
