
DET1001 = [
    1    1    1    1    1    1    1    1    1    1  4.48998E+18 0.00476 
    2    2    1    1    1    1    1    1    1    1  2.10606E+18 0.00521 
    3    3    1    1    1    1    1    1    1    1  3.52932E+17 0.00984 
];


DET1001E = [
 1.00000E-09  6.25000E-07  3.13000E-07
 6.25000E-07  1.00000E-01  5.00003E-02
 1.00000E-01  2.00000E+01  1.00500E+01
];

DET1002 = [
    1    1    1    1    1    1    1    1    1    1  7.46391E+16 0.01087 
    2    2    1    1    1    1    1    1    1    1  3.32562E+17 0.00520 
    3    3    1    1    1    1    1    1    1    1  1.88607E+17 0.00627 
];


DET1002E = [
 1.00000E-09  6.25000E-07  3.13000E-07
 6.25000E-07  1.00000E-01  5.00003E-02
 1.00000E-01  2.00000E+01  1.00500E+01
];
