
DET1001 = [
    1    1    1    1    1    1    1    1    1    1  4.56805E+18 0.00472 
    2    2    1    1    1    1    1    1    1    1  2.17465E+18 0.00516 
    3    3    1    1    1    1    1    1    1    1  3.72945E+17 0.01017 
];


DET1001E = [
 1.00000E-09  6.25000E-07  3.13000E-07
 6.25000E-07  1.00000E-01  5.00003E-02
 1.00000E-01  2.00000E+01  1.00500E+01
];

DET1002 = [
    1    1    1    1    1    1    1    1    1    1  7.55247E+16 0.01082 
    2    2    1    1    1    1    1    1    1    1  3.43167E+17 0.00529 
    3    3    1    1    1    1    1    1    1    1  1.94914E+17 0.00690 
];


DET1002E = [
 1.00000E-09  6.25000E-07  3.13000E-07
 6.25000E-07  1.00000E-01  5.00003E-02
 1.00000E-01  2.00000E+01  1.00500E+01
];
