
DET1001 = [
    1    1    1    1    1    1    1    1    1    1  4.49985E+18 0.00461 
    2    2    1    1    1    1    1    1    1    1  2.13963E+18 0.00498 
    3    3    1    1    1    1    1    1    1    1  3.58498E+17 0.00953 
];


DET1001E = [
 1.00000E-09  6.25000E-07  3.13000E-07
 6.25000E-07  1.00000E-01  5.00003E-02
 1.00000E-01  2.00000E+01  1.00500E+01
];

DET1002 = [
    1    1    1    1    1    1    1    1    1    1  7.51718E+16 0.01036 
    2    2    1    1    1    1    1    1    1    1  3.40692E+17 0.00508 
    3    3    1    1    1    1    1    1    1    1  1.93045E+17 0.00640 
];


DET1002E = [
 1.00000E-09  6.25000E-07  3.13000E-07
 6.25000E-07  1.00000E-01  5.00003E-02
 1.00000E-01  2.00000E+01  1.00500E+01
];
