
DET1001 = [
    1    1    1    1    1    1    1    1    1    1  3.98881E+18 0.00500 
    2    2    1    1    1    1    1    1    1    1  1.79476E+18 0.00567 
    3    3    1    1    1    1    1    1    1    1  1.90661E+17 0.01170 
];


DET1001E = [
 1.00000E-09  6.25000E-07  3.13000E-07
 6.25000E-07  1.00000E-01  5.00003E-02
 1.00000E-01  2.00000E+01  1.00500E+01
];

DET1002 = [
    1    1    1    1    1    1    1    1    1    1  7.71539E+16 0.00958 
    2    2    1    1    1    1    1    1    1    1  3.25948E+17 0.00510 
    3    3    1    1    1    1    1    1    1    1  1.68152E+17 0.00643 
];


DET1002E = [
 1.00000E-09  6.25000E-07  3.13000E-07
 6.25000E-07  1.00000E-01  5.00003E-02
 1.00000E-01  2.00000E+01  1.00500E+01
];
