
DET1001 = [
    1    1    1    1    1    1    1    1    1    1  4.09685E+18 0.00488 
    2    2    1    1    1    1    1    1    1    1  1.84334E+18 0.00567 
    3    3    1    1    1    1    1    1    1    1  1.93309E+17 0.01143 
];


DET1001E = [
 1.00000E-09  6.25000E-07  3.13000E-07
 6.25000E-07  1.00000E-01  5.00003E-02
 1.00000E-01  2.00000E+01  1.00500E+01
];

DET1002 = [
    1    1    1    1    1    1    1    1    1    1  7.63450E+16 0.01098 
    2    2    1    1    1    1    1    1    1    1  3.44467E+17 0.00535 
    3    3    1    1    1    1    1    1    1    1  1.76626E+17 0.00651 
];


DET1002E = [
 1.00000E-09  6.25000E-07  3.13000E-07
 6.25000E-07  1.00000E-01  5.00003E-02
 1.00000E-01  2.00000E+01  1.00500E+01
];
