
DET1001 = [
    1    1    1    1    1    1    1    1    1    1  3.94206E+18 0.00496 
    2    2    1    1    1    1    1    1    1    1  1.77572E+18 0.00529 
    3    3    1    1    1    1    1    1    1    1  1.85745E+17 0.01132 
];


DET1001E = [
 1.00000E-09  6.25000E-07  3.13000E-07
 6.25000E-07  1.00000E-01  5.00003E-02
 1.00000E-01  2.00000E+01  1.00500E+01
];

DET1002 = [
    1    1    1    1    1    1    1    1    1    1  7.64413E+16 0.01035 
    2    2    1    1    1    1    1    1    1    1  3.19510E+17 0.00547 
    3    3    1    1    1    1    1    1    1    1  1.63522E+17 0.00656 
];


DET1002E = [
 1.00000E-09  6.25000E-07  3.13000E-07
 6.25000E-07  1.00000E-01  5.00003E-02
 1.00000E-01  2.00000E+01  1.00500E+01
];
