
ZAI = [
10030
541350
922350
922380
942380
942390
942400
942410
942420
952410
952440
952450
666
0
];

NAMES = [
'H3              '
'Xe135           '
'U235            '
'U238            '
'Pu238           '
'Pu239           '
'Pu240           '
'Pu241           '
'Pu242           '
'Am241           '
'Am244           '
'Am245           '
'lost            '
'total           '
];

i10030  = 1; iH3               = 1;
i541350 = 2; iXe135            = 2;
i922350 = 3; iU235             = 3;
i922380 = 4; iU238             = 4;
i942380 = 5; iPu238            = 5;
i942390 = 6; iPu239            = 6;
i942400 = 7; iPu240            = 7;
i942410 = 8; iPu241            = 8;
i942420 = 9; iPu242            = 9;
i952410 = 10; iAm241            = 10;
i952440 = 11; iAm244            = 11;
i952450 = 12; iAm245            = 12;
iLOST    = 13;
iTOT     = 14;

MAT_uco_VOLUME = [ 3.45065E+04 3.45065E+04 3.45065E+04 3.45065E+04 ];

MAT_uco_BURNUP = [ 0.00000E+00 2.94031E-01 5.23384E+00 1.07616E+01 ];

MAT_uco_ADENS = [
0.00000E+00 1.02288E-13 1.66082E-12 3.06075E-12 % H3
0.00000E+00 3.41094E-08 3.44095E-08 3.44959E-08 % Xe135
4.31104E-03 4.30138E-03 4.14199E-03 3.97004E-03 % U235
2.06805E-02 2.06780E-02 2.06358E-02 2.05874E-02 % U238
0.00000E+00 9.59759E-14 1.75209E-09 1.63672E-08 % Pu238
0.00000E+00 1.13537E-06 3.79531E-05 7.25833E-05 % Pu239
0.00000E+00 2.70746E-09 1.48739E-06 5.47891E-06 % Pu240
0.00000E+00 1.20627E-11 1.31766E-07 1.00263E-06 % Pu241
0.00000E+00 7.14322E-15 1.52544E-09 2.45936E-08 % Pu242
0.00000E+00 1.80495E-15 3.78927E-10 6.01153E-09 % Am241
0.00000E+00 2.34911E-23 2.25060E-16 8.12425E-15 % Am244
0.00000E+00 3.49646E-27 3.04526E-20 1.10012E-18 % Am245
0.00000E+00 6.21591E-08 1.11080E-06 2.29127E-06 % lost data
7.04520E-02 7.04595E-02 7.05865E-02 7.07284E-02 % total
];

MAT_uco_MDENS = [
0.00000E+00 5.12202E-13 8.31646E-12 1.53265E-11 % H3
0.00000E+00 7.64125E-06 7.70848E-06 7.72782E-06 % Xe135
1.68262E+00 1.67885E+00 1.61664E+00 1.54953E+00 % U235
8.17497E+00 8.17400E+00 8.15733E+00 8.13819E+00 % U238
0.00000E+00 3.79390E-11 6.92595E-07 6.46989E-06 % Pu238
0.00000E+00 4.50698E-04 1.50659E-02 2.88128E-02 % Pu239
0.00000E+00 1.07926E-06 5.92914E-04 2.18404E-03 % Pu240
0.00000E+00 4.82844E-09 5.27428E-05 4.01328E-04 % Pu241
0.00000E+00 2.87125E-12 6.13157E-07 9.88551E-06 % Pu242
0.00000E+00 7.22506E-13 1.51681E-07 2.40636E-06 % Am241
0.00000E+00 9.52062E-21 9.12137E-14 3.29264E-12 % Am244
0.00000E+00 1.42288E-24 1.23926E-17 4.47691E-16 % Am245
0.00000E+00 0.00000E+00 0.00000E+00 0.00000E+00 % lost data
1.10000E+01 1.10000E+01 1.09992E+01 1.09985E+01 % total
];

MAT_uco_A = [
0.00000E+00 6.29271E+06 1.02173E+08 1.88295E+08 % H3
0.00000E+00 2.47943E+16 2.50124E+16 2.50752E+16 % Xe135
4.64122E+09 4.63082E+09 4.45923E+09 4.27411E+09 % U235
3.50809E+09 3.50767E+09 3.50052E+09 3.49231E+09 % U238
0.00000E+00 8.29440E+05 1.51419E+10 1.41448E+11 % Pu238
0.00000E+00 3.56913E+10 1.19309E+12 2.28172E+12 % Pu239
0.00000E+00 3.12763E+08 1.71822E+11 6.32918E+11 % Pu240
0.00000E+00 6.39787E+08 6.98863E+12 5.31776E+13 % Pu241
0.00000E+00 1.44374E+01 3.08312E+06 4.97070E+07 % Pu242
0.00000E+00 3.16230E+03 6.63883E+08 1.05323E+10 % Am241
0.00000E+00 1.54528E+01 1.48048E+08 5.34423E+09 % Am244
0.00000E+00 1.13318E-02 9.86946E+04 3.56540E+06 % Am245
0.00000E+00 0.00000E+00 0.00000E+00 0.00000E+00 % lost data
8.14931E+09 3.37840E+18 3.75458E+18 3.81264E+18 % total
];

MAT_uco_H = [
0.00000E+00 5.73667E-09 9.31445E-08 1.71657E-07 % H3
0.00000E+00 2.23524E+03 2.25491E+03 2.26057E+03 % Xe135
3.42998E-03 3.42230E-03 3.29549E-03 3.15868E-03 % U235
2.40295E-03 2.40267E-03 2.39776E-03 2.39214E-03 % U238
0.00000E+00 7.42670E-07 1.35578E-02 1.26651E-01 % Pu238
0.00000E+00 2.99715E-02 1.00189E+00 1.91606E+00 % Pu239
0.00000E+00 2.63131E-04 1.44556E-01 5.32481E-01 % Pu240
0.00000E+00 5.48927E-07 5.99613E-03 4.56255E-02 % Pu241
0.00000E+00 1.15241E-11 2.46098E-06 3.96766E-05 % Pu242
0.00000E+00 2.83526E-09 5.95225E-04 9.44303E-03 % Am241
0.00000E+00 2.74499E-12 2.62988E-05 9.49336E-04 % Am244
0.00000E+00 5.71727E-16 4.97947E-09 1.79886E-07 % Am245
0.00000E+00 0.00000E+00 0.00000E+00 0.00000E+00 % lost data
5.83294E-03 1.20348E+06 1.23892E+06 1.23512E+06 % total
];

MAT_uco_SF = [
0.00000E+00 0.00000E+00 0.00000E+00 0.00000E+00 % H3
0.00000E+00 0.00000E+00 0.00000E+00 0.00000E+00 % Xe135
3.34168E-01 3.33419E-01 3.21065E-01 3.07736E-01 % U235
1.91542E+05 1.91519E+05 1.91128E+05 1.90680E+05 % U238
0.00000E+00 1.54276E-03 2.81638E+01 2.63093E+02 % Pu238
0.00000E+00 1.10643E-01 3.69857E+00 7.07333E+00 % Pu239
0.00000E+00 1.78275E+01 9.79386E+03 3.60763E+04 % Pu240
0.00000E+00 0.00000E+00 0.00000E+00 0.00000E+00 % Pu241
0.00000E+00 7.94056E-05 1.69571E+01 2.73388E+02 % Pu242
0.00000E+00 1.35979E-08 2.85470E-03 4.52887E-02 % Am241
0.00000E+00 0.00000E+00 0.00000E+00 0.00000E+00 % Am244
0.00000E+00 0.00000E+00 0.00000E+00 0.00000E+00 % Am245
0.00000E+00 0.00000E+00 0.00000E+00 0.00000E+00 % lost data
1.91542E+05 1.91537E+05 2.01825E+05 2.55238E+05 % total
];

MAT_uco_ING_TOX = [
0.00000E+00 2.64294E-04 4.29125E-03 7.90840E-03 % H3
0.00000E+00 5.20680E+09 5.25261E+09 5.26579E+09 % Xe135
2.18137E+02 2.17649E+02 2.09584E+02 2.00883E+02 % U235
1.57864E+02 1.57845E+02 1.57523E+02 1.57154E+02 % U238
0.00000E+00 1.90771E-01 3.48263E+03 3.25330E+04 % Pu238
0.00000E+00 8.92282E+03 2.98272E+05 5.70430E+05 % Pu239
0.00000E+00 7.81907E+01 4.29555E+04 1.58230E+05 % Pu240
0.00000E+00 3.07098E+00 3.35454E+04 2.55253E+05 % Pu241
0.00000E+00 3.46497E-06 7.39948E-01 1.19297E+01 % Pu242
0.00000E+00 6.32459E-04 1.32777E+02 2.10645E+03 % Am241
0.00000E+00 7.10828E-09 6.81019E-02 2.45835E+00 % Am244
0.00000E+00 7.02572E-13 6.11907E-06 2.21055E-04 % Am245
0.00000E+00 0.00000E+00 0.00000E+00 0.00000E+00 % lost data
3.76001E+02 4.63941E+10 6.20558E+10 6.20846E+10 % total
];

MAT_uco_INH_TOX = [
0.00000E+00 1.63610E-03 2.65649E-02 4.89568E-02 % H3
0.00000E+00 2.72737E+09 2.75137E+09 2.75827E+09 % Xe135
3.94504E+04 3.93620E+04 3.79035E+04 3.63299E+04 % U235
2.80647E+04 2.80614E+04 2.80041E+04 2.79384E+04 % U238
0.00000E+00 9.12384E+01 1.66560E+06 1.55593E+07 % Pu238
0.00000E+00 4.28295E+06 1.43170E+08 2.73806E+08 % Pu239
0.00000E+00 3.75315E+04 2.06187E+07 7.59502E+07 % Pu240
0.00000E+00 1.47151E+03 1.60739E+07 1.22309E+08 % Pu241
0.00000E+00 1.58811E-03 3.39143E+02 5.46777E+03 % Pu242
0.00000E+00 3.03580E-01 6.37327E+04 1.01110E+06 % Am241
0.00000E+00 5.71753E-08 5.47776E-01 1.97737E+01 % Am244
0.00000E+00 6.34581E-13 5.52690E-06 1.99662E-04 % Am245
0.00000E+00 0.00000E+00 0.00000E+00 0.00000E+00 % lost data
6.75151E+04 4.47800E+10 5.98480E+10 6.17518E+10 % total
];

TOT_VOLUME = [ 3.45065E+04 3.45065E+04 3.45065E+04 3.45065E+04 ];

TOT_BURNUP = [ 0.00000E+00 2.94031E-01 5.23384E+00 1.07616E+01 ];

TOT_ADENS = [
0.00000E+00 1.02288E-13 1.66082E-12 3.06075E-12 % H3
0.00000E+00 3.41094E-08 3.44095E-08 3.44959E-08 % Xe135
4.31104E-03 4.30138E-03 4.14199E-03 3.97004E-03 % U235
2.06805E-02 2.06780E-02 2.06358E-02 2.05874E-02 % U238
0.00000E+00 9.59759E-14 1.75209E-09 1.63672E-08 % Pu238
0.00000E+00 1.13537E-06 3.79531E-05 7.25833E-05 % Pu239
0.00000E+00 2.70746E-09 1.48739E-06 5.47891E-06 % Pu240
0.00000E+00 1.20627E-11 1.31766E-07 1.00263E-06 % Pu241
0.00000E+00 7.14322E-15 1.52544E-09 2.45936E-08 % Pu242
0.00000E+00 1.80495E-15 3.78927E-10 6.01153E-09 % Am241
0.00000E+00 2.34911E-23 2.25060E-16 8.12425E-15 % Am244
0.00000E+00 3.49646E-27 3.04526E-20 1.10012E-18 % Am245
0.00000E+00 6.21591E-08 1.11080E-06 2.29127E-06 % lost data
7.04520E-02 7.04595E-02 7.05865E-02 7.07284E-02 % total
];

