
DET1001 = [
    1    1    1    1    1    1    1    1    1    1  4.09311E+18 0.00511 
    2    2    1    1    1    1    1    1    1    1  1.83743E+18 0.00614 
    3    3    1    1    1    1    1    1    1    1  1.89375E+17 0.01175 
];


DET1001E = [
 1.00000E-09  6.25000E-07  3.13000E-07
 6.25000E-07  1.00000E-01  5.00003E-02
 1.00000E-01  2.00000E+01  1.00500E+01
];

DET1002 = [
    1    1    1    1    1    1    1    1    1    1  7.59498E+16 0.01082 
    2    2    1    1    1    1    1    1    1    1  3.34103E+17 0.00539 
    3    3    1    1    1    1    1    1    1    1  1.71650E+17 0.00659 
];


DET1002E = [
 1.00000E-09  6.25000E-07  3.13000E-07
 6.25000E-07  1.00000E-01  5.00003E-02
 1.00000E-01  2.00000E+01  1.00500E+01
];
