
ZAI = [
10030
541350
922350
922380
942380
942390
942400
942410
942420
952410
952440
952450
666
0
];

NAMES = [
'H3              '
'Xe135           '
'U235            '
'U238            '
'Pu238           '
'Pu239           '
'Pu240           '
'Pu241           '
'Pu242           '
'Am241           '
'Am244           '
'Am245           '
'lost            '
'total           '
];

i10030  = 1; iH3               = 1;
i541350 = 2; iXe135            = 2;
i922350 = 3; iU235             = 3;
i922380 = 4; iU238             = 4;
i942380 = 5; iPu238            = 5;
i942390 = 6; iPu239            = 6;
i942400 = 7; iPu240            = 7;
i942410 = 8; iPu241            = 8;
i942420 = 9; iPu242            = 9;
i952410 = 10; iAm241            = 10;
i952440 = 11; iAm244            = 11;
i952450 = 12; iAm245            = 12;
iLOST    = 13;
iTOT     = 14;

MAT_uco_VOLUME = [ 1.77016E+04 1.77016E+04 1.77016E+04 1.77016E+04 ];

MAT_uco_BURNUP = [ 0.00000E+00 5.73153E-01 1.02023E+01 2.09778E+01 ];

MAT_uco_ADENS = [
0.00000E+00 8.86820E-14 1.32704E-12 2.26485E-12 % H3
0.00000E+00 4.67099E-08 4.63615E-08 4.54856E-08 % Xe135
4.87458E-03 4.85618E-03 4.55387E-03 4.22998E-03 % U235
2.01233E-02 2.01200E-02 2.00623E-02 1.99959E-02 % U238
0.00000E+00 1.16005E-13 3.62268E-09 3.62132E-08 % Pu238
0.00000E+00 1.55043E-06 4.82139E-05 8.50110E-05 % Pu239
0.00000E+00 5.96613E-09 3.41864E-06 1.20272E-05 % Pu240
0.00000E+00 2.90052E-11 3.36151E-07 2.40500E-06 % Pu241
0.00000E+00 2.99092E-14 7.06501E-09 1.11529E-07 % Pu242
0.00000E+00 4.25031E-15 9.61110E-10 1.41837E-08 % Am241
0.00000E+00 1.09240E-22 1.14749E-15 4.09487E-14 % Am244
0.00000E+00 2.71578E-26 2.58122E-19 9.43015E-18 % Am245
0.00000E+00 1.21085E-07 2.16580E-06 4.46859E-06 % lost data
7.04699E-02 7.04846E-02 7.07321E-02 7.10086E-02 % total
];

MAT_uco_MDENS = [
0.00000E+00 4.44069E-13 6.64506E-12 1.13411E-11 % H3
0.00000E+00 1.04640E-05 1.03860E-05 1.01898E-05 % Xe135
1.90258E+00 1.89539E+00 1.77740E+00 1.65099E+00 % U235
7.95473E+00 7.95340E+00 7.93062E+00 7.90436E+00 % U238
0.00000E+00 4.58564E-11 1.43203E-06 1.43150E-05 % Pu238
0.00000E+00 6.15460E-04 1.91391E-02 3.37461E-02 % Pu239
0.00000E+00 2.37825E-06 1.36276E-03 4.79433E-03 % Pu240
0.00000E+00 1.16101E-08 1.34554E-04 9.62667E-04 % Pu241
0.00000E+00 1.20221E-11 2.83981E-06 4.48296E-05 % Pu242
0.00000E+00 1.70136E-12 3.84723E-07 5.67761E-06 % Am241
0.00000E+00 4.42734E-20 4.65062E-13 1.65959E-11 % Am244
0.00000E+00 1.10518E-23 1.05042E-16 3.83759E-15 % Am245
0.00000E+00 0.00000E+00 0.00000E+00 0.00000E+00 % lost data
1.10000E+01 1.09999E+01 1.09985E+01 1.09969E+01 % total
];

MAT_uco_A = [
0.00000E+00 2.79872E+06 4.18800E+07 7.14766E+07 % H3
0.00000E+00 1.74180E+16 1.72881E+16 1.69615E+16 % Xe135
2.69216E+09 2.68199E+09 2.51503E+09 2.33615E+09 % U235
1.75114E+09 1.75085E+09 1.74584E+09 1.74006E+09 % U238
0.00000E+00 5.14294E+05 1.60607E+10 1.60547E+11 % Pu238
0.00000E+00 2.50028E+10 7.77517E+11 1.37092E+12 % Pu239
0.00000E+00 3.53556E+08 2.02590E+11 7.12735E+11 % Pu240
0.00000E+00 7.89183E+08 9.14611E+12 6.54361E+13 % Pu241
0.00000E+00 3.10107E+01 7.32520E+06 1.15637E+08 % Pu242
0.00000E+00 3.82005E+03 8.63816E+08 1.27479E+10 % Am241
0.00000E+00 3.68635E+01 3.87226E+08 1.38183E+10 % Am244
0.00000E+00 4.51520E-02 4.29148E+05 1.56784E+07 % Am245
0.00000E+00 0.00000E+00 0.00000E+00 0.00000E+00 % lost data
4.44330E+09 3.26585E+18 3.59480E+18 3.63576E+18 % total
];

MAT_uco_H = [
0.00000E+00 2.55142E-09 3.81795E-08 6.51609E-08 % H3
0.00000E+00 1.57026E+03 1.55855E+03 1.52910E+03 % Xe135
1.98957E-03 1.98206E-03 1.85867E-03 1.72648E-03 % U235
1.19949E-03 1.19929E-03 1.19585E-03 1.19189E-03 % U238
0.00000E+00 4.60492E-07 1.43805E-02 1.43752E-01 % Pu238
0.00000E+00 2.09960E-02 6.52915E-01 1.15122E+00 % Pu239
0.00000E+00 2.97450E-04 1.70441E-01 5.99631E-01 % Pu240
0.00000E+00 6.77106E-07 7.84721E-03 5.61431E-02 % Pu241
0.00000E+00 2.47531E-11 5.84705E-06 9.23025E-05 % Pu242
0.00000E+00 3.42498E-09 7.74482E-04 1.14295E-02 % Am241
0.00000E+00 6.54834E-12 6.87859E-05 2.45465E-03 % Am244
0.00000E+00 2.27807E-15 2.16519E-08 7.91025E-07 % Am245
0.00000E+00 0.00000E+00 0.00000E+00 0.00000E+00 % lost data
3.18906E-03 1.19379E+06 1.21512E+06 1.20525E+06 % total
];

MAT_uco_SF = [
0.00000E+00 0.00000E+00 0.00000E+00 0.00000E+00 % H3
0.00000E+00 0.00000E+00 0.00000E+00 0.00000E+00 % Xe135
1.93835E-01 1.93103E-01 1.81082E-01 1.68203E-01 % U235
9.56125E+04 9.55966E+04 9.53227E+04 9.50071E+04 % U238
0.00000E+00 9.56588E-04 2.98729E+01 2.98617E+02 % Pu238
0.00000E+00 7.75087E-02 2.41030E+00 4.24986E+00 % Pu239
0.00000E+00 2.01527E+01 1.15476E+04 4.06259E+04 % Pu240
0.00000E+00 0.00000E+00 0.00000E+00 0.00000E+00 % Pu241
0.00000E+00 1.70559E-04 4.02886E+01 6.36002E+02 % Pu242
0.00000E+00 1.64262E-08 3.71441E-03 5.48160E-02 % Am241
0.00000E+00 0.00000E+00 0.00000E+00 0.00000E+00 % Am244
0.00000E+00 0.00000E+00 0.00000E+00 0.00000E+00 % Am245
0.00000E+00 0.00000E+00 0.00000E+00 0.00000E+00 % lost data
9.56127E+04 9.56171E+04 1.08742E+05 1.93450E+05 % total
];

MAT_uco_ING_TOX = [
0.00000E+00 1.17546E-04 1.75896E-03 3.00202E-03 % H3
0.00000E+00 3.65778E+09 3.63050E+09 3.56191E+09 % Xe135
1.26531E+02 1.26054E+02 1.18206E+02 1.09799E+02 % U235
7.88015E+01 7.87884E+01 7.85627E+01 7.83025E+01 % U238
0.00000E+00 1.18288E-01 3.69396E+03 3.69258E+04 % Pu238
0.00000E+00 6.25070E+03 1.94379E+05 3.42730E+05 % Pu239
0.00000E+00 8.83889E+01 5.06476E+04 1.78184E+05 % Pu240
0.00000E+00 3.78808E+00 4.39013E+04 3.14093E+05 % Pu241
0.00000E+00 7.44257E-06 1.75805E+00 2.77528E+01 % Pu242
0.00000E+00 7.64009E-04 1.72763E+02 2.54958E+03 % Am241
0.00000E+00 1.69572E-08 1.78124E-01 6.35642E+00 % Am244
0.00000E+00 2.79942E-12 2.66072E-05 9.72058E-04 % Am245
0.00000E+00 0.00000E+00 0.00000E+00 0.00000E+00 % lost data
2.05333E+02 4.47385E+10 5.97972E+10 5.94937E+10 % total
];

MAT_uco_INH_TOX = [
0.00000E+00 7.27666E-04 1.08888E-02 1.85839E-02 % H3
0.00000E+00 1.91598E+09 1.90169E+09 1.86576E+09 % Xe135
2.28833E+04 2.27969E+04 2.13778E+04 1.98573E+04 % U235
1.40092E+04 1.40068E+04 1.39667E+04 1.39205E+04 % U238
0.00000E+00 5.65724E+01 1.76668E+06 1.76602E+07 % Pu238
0.00000E+00 3.00034E+06 9.33020E+07 1.64511E+08 % Pu239
0.00000E+00 4.24267E+04 2.43108E+07 8.55282E+07 % Pu240
0.00000E+00 1.81512E+03 2.10361E+07 1.50503E+08 % Pu241
0.00000E+00 3.41118E-03 8.05772E+02 1.27200E+04 % Pu242
0.00000E+00 3.66725E-01 8.29264E+04 1.22380E+06 % Am241
0.00000E+00 1.36395E-07 1.43274E+00 5.11277E+01 % Am244
0.00000E+00 2.52851E-12 2.40323E-05 8.77988E-04 % Am245
0.00000E+00 0.00000E+00 0.00000E+00 0.00000E+00 % lost data
3.68925E+04 4.38114E+10 5.83097E+10 5.99065E+10 % total
];

TOT_VOLUME = [ 1.77016E+04 1.77016E+04 1.77016E+04 1.77016E+04 ];

TOT_BURNUP = [ 0.00000E+00 5.73153E-01 1.02023E+01 2.09778E+01 ];

TOT_ADENS = [
0.00000E+00 8.86820E-14 1.32704E-12 2.26485E-12 % H3
0.00000E+00 4.67099E-08 4.63615E-08 4.54856E-08 % Xe135
4.87458E-03 4.85618E-03 4.55387E-03 4.22998E-03 % U235
2.01233E-02 2.01200E-02 2.00623E-02 1.99959E-02 % U238
0.00000E+00 1.16005E-13 3.62268E-09 3.62132E-08 % Pu238
0.00000E+00 1.55043E-06 4.82139E-05 8.50110E-05 % Pu239
0.00000E+00 5.96613E-09 3.41864E-06 1.20272E-05 % Pu240
0.00000E+00 2.90052E-11 3.36151E-07 2.40500E-06 % Pu241
0.00000E+00 2.99092E-14 7.06501E-09 1.11529E-07 % Pu242
0.00000E+00 4.25031E-15 9.61110E-10 1.41837E-08 % Am241
0.00000E+00 1.09240E-22 1.14749E-15 4.09487E-14 % Am244
0.00000E+00 2.71578E-26 2.58122E-19 9.43015E-18 % Am245
0.00000E+00 1.21085E-07 2.16580E-06 4.46859E-06 % lost data
7.04699E-02 7.04846E-02 7.07321E-02 7.10086E-02 % total
];

