
DET1001 = [
    1    1    1    1    1    1    1    1    1    1  5.73684E+18 0.00412 
    2    2    1    1    1    1    1    1    1    1  1.97335E+18 0.00563 
    3    3    1    1    1    1    1    1    1    1  1.98451E+17 0.01115 
];


DET1001E = [
 1.00000E-09  6.25000E-07  3.13000E-07
 6.25000E-07  1.00000E-01  5.00003E-02
 1.00000E-01  2.00000E+01  1.00500E+01
];

DET1002 = [
    1    1    1    1    1    1    1    1    1    1  2.25674E+17 0.00594 
    2    2    1    1    1    1    1    1    1    1  4.12003E+17 0.00447 
    3    3    1    1    1    1    1    1    1    1  1.87848E+17 0.00608 
];


DET1002E = [
 1.00000E-09  6.25000E-07  3.13000E-07
 6.25000E-07  1.00000E-01  5.00003E-02
 1.00000E-01  2.00000E+01  1.00500E+01
];
