
DET1001 = [
    1    1    1    1    1    1    1    1    1    1  6.02623E+18 0.00435 
    2    2    1    1    1    1    1    1    1    1  2.04366E+18 0.00565 
    3    3    1    1    1    1    1    1    1    1  2.06303E+17 0.01197 
];


DET1001E = [
 1.00000E-09  6.25000E-07  3.13000E-07
 6.25000E-07  1.00000E-01  5.00003E-02
 1.00000E-01  2.00000E+01  1.00500E+01
];

DET1002 = [
    1    1    1    1    1    1    1    1    1    1  2.34942E+17 0.00649 
    2    2    1    1    1    1    1    1    1    1  4.41404E+17 0.00491 
    3    3    1    1    1    1    1    1    1    1  2.03553E+17 0.00642 
];


DET1002E = [
 1.00000E-09  6.25000E-07  3.13000E-07
 6.25000E-07  1.00000E-01  5.00003E-02
 1.00000E-01  2.00000E+01  1.00500E+01
];
