
DET1001 = [
    1    1    1    1    1    1    1    1    1    1  5.61513E+18 0.00410 
    2    2    1    1    1    1    1    1    1    1  1.91145E+18 0.00579 
    3    3    1    1    1    1    1    1    1    1  1.92261E+17 0.01054 
];


DET1001E = [
 1.00000E-09  6.25000E-07  3.13000E-07
 6.25000E-07  1.00000E-01  5.00003E-02
 1.00000E-01  2.00000E+01  1.00500E+01
];

DET1002 = [
    1    1    1    1    1    1    1    1    1    1  2.24834E+17 0.00643 
    2    2    1    1    1    1    1    1    1    1  4.00894E+17 0.00479 
    3    3    1    1    1    1    1    1    1    1  1.84856E+17 0.00616 
];


DET1002E = [
 1.00000E-09  6.25000E-07  3.13000E-07
 6.25000E-07  1.00000E-01  5.00003E-02
 1.00000E-01  2.00000E+01  1.00500E+01
];
