
DET1001 = [
    1    1    1    1    1    1    1    1    1    1  5.85567E+18 0.00435 
    2    2    1    1    1    1    1    1    1    1  2.00306E+18 0.00599 
    3    3    1    1    1    1    1    1    1    1  2.02452E+17 0.01105 
];


DET1001E = [
 1.00000E-09  6.25000E-07  3.13000E-07
 6.25000E-07  1.00000E-01  5.00003E-02
 1.00000E-01  2.00000E+01  1.00500E+01
];

DET1002 = [
    1    1    1    1    1    1    1    1    1    1  2.30247E+17 0.00603 
    2    2    1    1    1    1    1    1    1    1  4.28154E+17 0.00492 
    3    3    1    1    1    1    1    1    1    1  1.96018E+17 0.00628 
];


DET1002E = [
 1.00000E-09  6.25000E-07  3.13000E-07
 6.25000E-07  1.00000E-01  5.00003E-02
 1.00000E-01  2.00000E+01  1.00500E+01
];
