
DET1001 = [
    1    1    1    1    1    1    1    1    1    1  4.74177E+18 0.00452 
    2    2    1    1    1    1    1    1    1    1  1.92708E+18 0.00534 
    3    3    1    1    1    1    1    1    1    1  3.24550E+17 0.00996 
];


DET1001E = [
 1.00000E-09  6.25000E-07  3.13000E-07
 6.25000E-07  1.00000E-01  5.00003E-02
 1.00000E-01  2.00000E+01  1.00500E+01
];

DET1002 = [
    1    1    1    1    1    1    1    1    1    1  1.20581E+17 0.00844 
    2    2    1    1    1    1    1    1    1    1  3.38053E+17 0.00536 
    3    3    1    1    1    1    1    1    1    1  1.88283E+17 0.00662 
];


DET1002E = [
 1.00000E-09  6.25000E-07  3.13000E-07
 6.25000E-07  1.00000E-01  5.00003E-02
 1.00000E-01  2.00000E+01  1.00500E+01
];
