
DET1001 = [
    1    1    1    1    1    1    1    1    1    1  5.04085E+18 0.00449 
    2    2    1    1    1    1    1    1    1    1  2.08555E+18 0.00531 
    3    3    1    1    1    1    1    1    1    1  3.50703E+17 0.00963 
];


DET1001E = [
 1.00000E-09  6.25000E-07  3.13000E-07
 6.25000E-07  1.00000E-01  5.00003E-02
 1.00000E-01  2.00000E+01  1.00500E+01
];

DET1002 = [
    1    1    1    1    1    1    1    1    1    1  1.21810E+17 0.00876 
    2    2    1    1    1    1    1    1    1    1  3.71841E+17 0.00515 
    3    3    1    1    1    1    1    1    1    1  2.07154E+17 0.00642 
];


DET1002E = [
 1.00000E-09  6.25000E-07  3.13000E-07
 6.25000E-07  1.00000E-01  5.00003E-02
 1.00000E-01  2.00000E+01  1.00500E+01
];
