
ZAI = [
10030
541350
922350
922380
942380
942390
942400
942410
942420
952410
952440
952450
666
0
];

NAMES = [
'H3              '
'Xe135           '
'U235            '
'U238            '
'Pu238           '
'Pu239           '
'Pu240           '
'Pu241           '
'Pu242           '
'Am241           '
'Am244           '
'Am245           '
'lost            '
'total           '
];

i10030  = 1; iH3               = 1;
i541350 = 2; iXe135            = 2;
i922350 = 3; iU235             = 3;
i922380 = 4; iU238             = 4;
i942380 = 5; iPu238            = 5;
i942390 = 6; iPu239            = 6;
i942400 = 7; iPu240            = 7;
i942410 = 8; iPu241            = 8;
i942420 = 9; iPu242            = 9;
i952410 = 10; iAm241            = 10;
i952440 = 11; iAm244            = 11;
i952450 = 12; iAm245            = 12;
iLOST    = 13;
iTOT     = 14;

MAT_uco_VOLUME = [ 2.13640E+04 2.13640E+04 2.13640E+04 2.13640E+04 ];

MAT_uco_BURNUP = [ 0.00000E+00 4.74918E-01 8.45352E+00 1.73821E+01 ];

MAT_uco_ADENS = [
0.00000E+00 1.16681E-13 1.83477E-12 3.21094E-12 % H3
0.00000E+00 4.50489E-08 4.51854E-08 4.48192E-08 % Xe135
4.87458E-03 4.85914E-03 4.60547E-03 4.33364E-03 % U235
2.01233E-02 2.01200E-02 2.00631E-02 1.99975E-02 % U238
0.00000E+00 1.52533E-13 3.77786E-09 3.65895E-08 % Pu238
0.00000E+00 1.51953E-06 4.89083E-05 8.92211E-05 % Pu239
0.00000E+00 5.10548E-09 2.82627E-06 9.95090E-06 % Pu240
0.00000E+00 2.73800E-11 3.01702E-07 2.19249E-06 % Pu241
0.00000E+00 2.41678E-14 5.34243E-09 8.38920E-08 % Pu242
0.00000E+00 4.05458E-15 8.64755E-10 1.30153E-08 % Am241
0.00000E+00 1.12491E-22 1.12573E-15 4.08820E-14 % Am244
0.00000E+00 2.47058E-26 2.25403E-19 8.33199E-18 % Am245
0.00000E+00 1.00375E-07 1.79542E-06 3.70503E-06 % lost data
7.04699E-02 7.04821E-02 7.06872E-02 7.09164E-02 % total
];

MAT_uco_MDENS = [
0.00000E+00 5.84275E-13 9.18751E-12 1.60786E-11 % H3
0.00000E+00 1.00919E-05 1.01225E-05 1.00405E-05 % Xe135
1.90258E+00 1.89655E+00 1.79754E+00 1.69145E+00 % U235
7.95473E+00 7.95343E+00 7.93092E+00 7.90500E+00 % U238
0.00000E+00 6.02958E-11 1.49337E-06 1.44637E-05 % Pu238
0.00000E+00 6.03197E-04 1.94147E-02 3.54174E-02 % Pu239
0.00000E+00 2.03518E-06 1.12663E-03 3.96668E-03 % Pu240
0.00000E+00 1.09596E-08 1.20765E-04 8.77605E-04 % Pu241
0.00000E+00 9.71434E-12 2.14741E-06 3.37207E-05 % Pu242
0.00000E+00 1.62301E-12 3.46153E-07 5.20991E-06 % Am241
0.00000E+00 4.55909E-20 4.56241E-13 1.65689E-11 % Am244
0.00000E+00 1.00540E-23 9.17277E-17 3.39069E-15 % Am245
0.00000E+00 0.00000E+00 0.00000E+00 0.00000E+00 % lost data
1.10000E+01 1.09999E+01 1.09988E+01 1.09975E+01 % total
];

MAT_uco_A = [
0.00000E+00 4.44422E+06 6.98837E+07 1.22300E+08 % H3
0.00000E+00 2.02742E+16 2.03356E+16 2.01708E+16 % Xe135
3.24915E+09 3.23886E+09 3.06977E+09 2.88859E+09 % U235
2.11345E+09 2.11310E+09 2.10712E+09 2.10024E+09 % U238
0.00000E+00 8.16147E+05 2.02139E+10 1.95777E+11 % Pu238
0.00000E+00 2.95745E+10 9.51897E+11 1.73650E+12 % Pu239
0.00000E+00 3.65150E+08 2.02139E+11 7.11701E+11 % Pu240
0.00000E+00 8.99094E+08 9.90719E+12 7.19963E+13 % Pu241
0.00000E+00 3.02422E+01 6.68522E+06 1.04978E+08 % Pu242
0.00000E+00 4.39810E+03 9.38018E+08 1.41180E+10 % Am241
0.00000E+00 4.58144E+01 4.58477E+08 1.66501E+10 % Am244
0.00000E+00 4.95736E-02 4.52285E+05 1.67186E+07 % Am245
0.00000E+00 0.00000E+00 0.00000E+00 0.00000E+00 % lost data
5.36260E+09 3.31400E+18 3.66756E+18 3.71593E+18 % total
];

MAT_uco_H = [
0.00000E+00 4.05152E-09 6.37087E-08 1.11493E-07 % H3
0.00000E+00 1.82775E+03 1.83329E+03 1.81843E+03 % Xe135
2.40121E-03 2.39360E-03 2.26864E-03 2.13474E-03 % U235
1.44766E-03 1.44742E-03 1.44333E-03 1.43861E-03 % U238
0.00000E+00 7.30767E-07 1.80993E-02 1.75296E-01 % Pu238
0.00000E+00 2.48351E-02 7.99350E-01 1.45822E+00 % Pu239
0.00000E+00 3.07205E-04 1.70061E-01 5.98761E-01 % Pu240
0.00000E+00 7.71407E-07 8.50020E-03 6.17716E-02 % Pu241
0.00000E+00 2.41397E-11 5.33621E-06 8.37944E-05 % Pu242
0.00000E+00 3.94325E-09 8.41010E-04 1.26579E-02 % Am241
0.00000E+00 8.13835E-12 8.14428E-05 2.95768E-03 % Am244
0.00000E+00 2.50115E-15 2.28193E-08 8.43510E-07 % Am245
0.00000E+00 0.00000E+00 0.00000E+00 0.00000E+00 % lost data
3.84887E-03 1.19799E+06 1.22582E+06 1.21798E+06 % total
];

MAT_uco_SF = [
0.00000E+00 0.00000E+00 0.00000E+00 0.00000E+00 % H3
0.00000E+00 0.00000E+00 0.00000E+00 0.00000E+00 % Xe135
2.33939E-01 2.33198E-01 2.21024E-01 2.07978E-01 % U235
1.15394E+05 1.15375E+05 1.15049E+05 1.14673E+05 % U238
0.00000E+00 1.51803E-03 3.75979E+01 3.64145E+02 % Pu238
0.00000E+00 9.16811E-02 2.95088E+00 5.38315E+00 % Pu239
0.00000E+00 2.08136E+01 1.15219E+04 4.05669E+04 % Pu240
0.00000E+00 0.00000E+00 0.00000E+00 0.00000E+00 % Pu241
0.00000E+00 1.66332E-04 3.67687E+01 5.77378E+02 % Pu242
0.00000E+00 1.89118E-08 4.03348E-03 6.07074E-02 % Am241
0.00000E+00 0.00000E+00 0.00000E+00 0.00000E+00 % Am244
0.00000E+00 0.00000E+00 0.00000E+00 0.00000E+00 % Am245
0.00000E+00 0.00000E+00 0.00000E+00 0.00000E+00 % lost data
1.15395E+05 1.15397E+05 1.28405E+05 2.11970E+05 % total
];

MAT_uco_ING_TOX = [
0.00000E+00 1.86657E-04 2.93512E-03 5.13660E-03 % H3
0.00000E+00 4.25758E+09 4.27048E+09 4.23587E+09 % Xe135
1.52710E+02 1.52226E+02 1.44279E+02 1.35764E+02 % U235
9.51052E+01 9.50897E+01 9.48206E+01 9.45107E+01 % U238
0.00000E+00 1.87714E-01 4.64920E+03 4.50286E+04 % Pu238
0.00000E+00 7.39364E+03 2.37974E+05 4.34125E+05 % Pu239
0.00000E+00 9.12875E+01 5.05346E+04 1.77925E+05 % Pu240
0.00000E+00 4.31565E+00 4.75545E+04 3.45582E+05 % Pu241
0.00000E+00 7.25813E-06 1.60445E+00 2.51947E+01 % Pu242
0.00000E+00 8.79619E-04 1.87604E+02 2.82360E+03 % Am241
0.00000E+00 2.10746E-08 2.10900E-01 7.65903E+00 % Am244
0.00000E+00 3.07356E-12 2.80417E-05 1.03655E-03 % Am245
0.00000E+00 0.00000E+00 0.00000E+00 0.00000E+00 % lost data
2.47815E+02 4.53892E+10 6.07622E+10 6.05984E+10 % total
];

MAT_uco_INH_TOX = [
0.00000E+00 1.15550E-03 1.81698E-02 3.17980E-02 % H3
0.00000E+00 2.23016E+09 2.23692E+09 2.21879E+09 % Xe135
2.76178E+04 2.75303E+04 2.60931E+04 2.45530E+04 % U235
1.69076E+04 1.69048E+04 1.68570E+04 1.68019E+04 % U238
0.00000E+00 8.97762E+01 2.22353E+06 2.15354E+07 % Pu238
0.00000E+00 3.54894E+06 1.14228E+08 2.08380E+08 % Pu239
0.00000E+00 4.38180E+04 2.42566E+07 8.54041E+07 % Pu240
0.00000E+00 2.06792E+03 2.27865E+07 1.65592E+08 % Pu241
0.00000E+00 3.32664E-03 7.35374E+02 1.15476E+04 % Pu242
0.00000E+00 4.22217E-01 9.00497E+04 1.35533E+06 % Am241
0.00000E+00 1.69513E-07 1.69637E+00 6.16052E+01 % Am244
0.00000E+00 2.77612E-12 2.53280E-05 9.36243E-04 % Am245
0.00000E+00 0.00000E+00 0.00000E+00 0.00000E+00 % lost data
4.45254E+04 4.42015E+10 5.90129E+10 6.07759E+10 % total
];

TOT_VOLUME = [ 2.13640E+04 2.13640E+04 2.13640E+04 2.13640E+04 ];

TOT_BURNUP = [ 0.00000E+00 4.74918E-01 8.45352E+00 1.73821E+01 ];

TOT_ADENS = [
0.00000E+00 1.16681E-13 1.83477E-12 3.21094E-12 % H3
0.00000E+00 4.50489E-08 4.51854E-08 4.48192E-08 % Xe135
4.87458E-03 4.85914E-03 4.60547E-03 4.33364E-03 % U235
2.01233E-02 2.01200E-02 2.00631E-02 1.99975E-02 % U238
0.00000E+00 1.52533E-13 3.77786E-09 3.65895E-08 % Pu238
0.00000E+00 1.51953E-06 4.89083E-05 8.92211E-05 % Pu239
0.00000E+00 5.10548E-09 2.82627E-06 9.95090E-06 % Pu240
0.00000E+00 2.73800E-11 3.01702E-07 2.19249E-06 % Pu241
0.00000E+00 2.41678E-14 5.34243E-09 8.38920E-08 % Pu242
0.00000E+00 4.05458E-15 8.64755E-10 1.30153E-08 % Am241
0.00000E+00 1.12491E-22 1.12573E-15 4.08820E-14 % Am244
0.00000E+00 2.47058E-26 2.25403E-19 8.33199E-18 % Am245
0.00000E+00 1.00375E-07 1.79542E-06 3.70503E-06 % lost data
7.04699E-02 7.04821E-02 7.06872E-02 7.09164E-02 % total
];

