
DET1001 = [
    1    1    1    1    1    1    1    1    1    1  4.96561E+18 0.00434 
    2    2    1    1    1    1    1    1    1    1  2.03241E+18 0.00540 
    3    3    1    1    1    1    1    1    1    1  3.45228E+17 0.01076 
];


DET1001E = [
 1.00000E-09  6.25000E-07  3.13000E-07
 6.25000E-07  1.00000E-01  5.00003E-02
 1.00000E-01  2.00000E+01  1.00500E+01
];

DET1002 = [
    1    1    1    1    1    1    1    1    1    1  1.21143E+17 0.00887 
    2    2    1    1    1    1    1    1    1    1  3.60055E+17 0.00517 
    3    3    1    1    1    1    1    1    1    1  2.00551E+17 0.00628 
];


DET1002E = [
 1.00000E-09  6.25000E-07  3.13000E-07
 6.25000E-07  1.00000E-01  5.00003E-02
 1.00000E-01  2.00000E+01  1.00500E+01
];
