
DET1001 = [
    1    1    1    1    1    1    1    1    1    1  4.84444E+18 0.00443 
    2    2    1    1    1    1    1    1    1    1  1.98163E+18 0.00490 
    3    3    1    1    1    1    1    1    1    1  3.34932E+17 0.00975 
];


DET1001E = [
 1.00000E-09  6.25000E-07  3.13000E-07
 6.25000E-07  1.00000E-01  5.00003E-02
 1.00000E-01  2.00000E+01  1.00500E+01
];

DET1002 = [
    1    1    1    1    1    1    1    1    1    1  1.19251E+17 0.00835 
    2    2    1    1    1    1    1    1    1    1  3.50727E+17 0.00517 
    3    3    1    1    1    1    1    1    1    1  1.92014E+17 0.00696 
];


DET1002E = [
 1.00000E-09  6.25000E-07  3.13000E-07
 6.25000E-07  1.00000E-01  5.00003E-02
 1.00000E-01  2.00000E+01  1.00500E+01
];
