
DET1001 = [
    1    1    1    1    1    1    1    1    1    1  5.65088E+18 0.00399 
    2    2    1    1    1    1    1    1    1    1  2.14510E+18 0.00489 
    3    3    1    1    1    1    1    1    1    1  3.53951E+17 0.01012 
];


DET1001E = [
 1.00000E-09  6.25000E-07  3.13000E-07
 6.25000E-07  1.00000E-01  5.00003E-02
 1.00000E-01  2.00000E+01  1.00500E+01
];

DET1002 = [
    1    1    1    1    1    1    1    1    1    1  1.77355E+17 0.00766 
    2    2    1    1    1    1    1    1    1    1  3.78269E+17 0.00500 
    3    3    1    1    1    1    1    1    1    1  1.99232E+17 0.00639 
];


DET1002E = [
 1.00000E-09  6.25000E-07  3.13000E-07
 6.25000E-07  1.00000E-01  5.00003E-02
 1.00000E-01  2.00000E+01  1.00500E+01
];
