
ZAI = [
10030
541350
922350
922380
942380
942390
942400
942410
942420
952410
952440
952450
666
0
];

NAMES = [
'H3              '
'Xe135           '
'U235            '
'U238            '
'Pu238           '
'Pu239           '
'Pu240           '
'Pu241           '
'Pu242           '
'Am241           '
'Am244           '
'Am245           '
'lost            '
'total           '
];

i10030  = 1; iH3               = 1;
i541350 = 2; iXe135            = 2;
i922350 = 3; iU235             = 3;
i922380 = 4; iU238             = 4;
i942380 = 5; iPu238            = 5;
i942390 = 6; iPu239            = 6;
i942400 = 7; iPu240            = 7;
i942410 = 8; iPu241            = 8;
i942420 = 9; iPu242            = 9;
i952410 = 10; iAm241            = 10;
i952440 = 11; iAm244            = 11;
i952450 = 12; iAm245            = 12;
iLOST    = 13;
iTOT     = 14;

MAT_uco_VOLUME = [ 2.41547E+04 2.41547E+04 2.41547E+04 2.41547E+04 ];

MAT_uco_BURNUP = [ 0.00000E+00 4.20035E-01 7.47656E+00 1.53732E+01 ];

MAT_uco_ADENS = [
0.00000E+00 1.06486E-13 1.62176E-12 2.83395E-12 % H3
0.00000E+00 3.58633E-08 3.60123E-08 3.57042E-08 % Xe135
3.74777E-03 3.73424E-03 3.51305E-03 3.27811E-03 % U235
2.12374E-02 2.12343E-02 2.11807E-02 2.11189E-02 % U238
0.00000E+00 1.42258E-13 3.26980E-09 3.12657E-08 % Pu238
0.00000E+00 1.42857E-06 4.49856E-05 8.03146E-05 % Pu239
0.00000E+00 5.39174E-09 3.02463E-06 1.05283E-05 % Pu240
0.00000E+00 2.79843E-11 3.19225E-07 2.25510E-06 % Pu241
0.00000E+00 2.84741E-14 6.57038E-09 1.01004E-07 % Pu242
0.00000E+00 4.11479E-15 9.13248E-10 1.33585E-08 % Am241
0.00000E+00 1.23053E-22 1.29474E-15 4.56189E-14 % Am244
0.00000E+00 3.07857E-26 2.92817E-19 1.04770E-17 % Am245
0.00000E+00 8.87503E-08 1.58940E-06 3.28193E-06 % lost data
7.04339E-02 7.04447E-02 7.06262E-02 7.08289E-02 % total
];

MAT_uco_MDENS = [
0.00000E+00 5.33222E-13 8.12086E-12 1.41908E-11 % H3
0.00000E+00 8.03417E-06 8.06753E-06 7.99851E-06 % Xe135
1.46278E+00 1.45749E+00 1.37116E+00 1.27947E+00 % U235
8.39511E+00 8.39389E+00 8.37270E+00 8.34826E+00 % U238
0.00000E+00 5.62340E-11 1.29254E-06 1.23592E-05 % Pu238
0.00000E+00 5.67088E-04 1.78576E-02 3.18818E-02 % Pu239
0.00000E+00 2.14929E-06 1.20570E-03 4.19687E-03 % Pu240
0.00000E+00 1.12015E-08 1.27778E-04 9.02666E-04 % Pu241
0.00000E+00 1.14453E-11 2.64099E-06 4.05990E-05 % Pu242
0.00000E+00 1.64711E-12 3.65564E-07 5.34728E-06 % Am241
0.00000E+00 4.98717E-20 5.24738E-13 1.84887E-11 % Am244
0.00000E+00 1.25282E-23 1.19162E-16 4.26361E-15 % Am245
0.00000E+00 0.00000E+00 0.00000E+00 0.00000E+00 % lost data
1.10000E+01 1.09999E+01 1.09989E+01 1.09978E+01 % total
];

MAT_uco_A = [
0.00000E+00 4.58569E+06 6.98391E+07 1.22040E+08 % H3
0.00000E+00 1.82486E+16 1.83243E+16 1.81676E+16 % Xe135
2.82438E+09 2.81419E+09 2.64749E+09 2.47044E+09 % U235
2.52181E+09 2.52144E+09 2.51507E+09 2.50773E+09 % U238
0.00000E+00 8.60596E+05 1.97808E+10 1.89144E+11 % Pu238
0.00000E+00 3.14361E+10 9.89919E+11 1.76734E+12 % Pu239
0.00000E+00 4.35996E+08 2.44583E+11 8.51361E+11 % Pu240
0.00000E+00 1.03897E+09 1.18519E+13 8.37254E+13 % Pu241
0.00000E+00 4.02852E+01 9.29577E+06 1.42901E+08 % Pu242
0.00000E+00 5.04643E+03 1.12002E+09 1.63830E+10 % Am241
0.00000E+00 5.66625E+01 5.96189E+08 2.10062E+10 % Am244
0.00000E+00 6.98424E-02 6.64305E+05 2.37689E+07 % Am245
0.00000E+00 0.00000E+00 0.00000E+00 0.00000E+00 % lost data
5.34619E+09 3.32993E+18 3.68662E+18 3.72911E+18 % total
];

MAT_uco_H = [
0.00000E+00 4.18049E-09 6.36680E-08 1.11257E-07 % H3
0.00000E+00 1.64514E+03 1.65197E+03 1.63784E+03 % Xe135
2.08729E-03 2.07976E-03 1.95657E-03 1.82572E-03 % U235
1.72737E-03 1.72712E-03 1.72276E-03 1.71773E-03 % U238
0.00000E+00 7.70566E-07 1.77115E-02 1.69357E-01 % Pu238
0.00000E+00 2.63983E-02 8.31279E-01 1.48412E+00 % Pu239
0.00000E+00 3.66808E-04 2.05770E-01 7.16259E-01 % Pu240
0.00000E+00 8.91422E-07 1.01687E-02 7.18349E-02 % Pu241
0.00000E+00 3.21561E-11 7.41999E-06 1.14065E-04 % Pu242
0.00000E+00 4.52454E-09 1.00419E-03 1.46887E-02 % Am241
0.00000E+00 1.00654E-11 1.05906E-04 3.73149E-03 % Am244
0.00000E+00 3.52378E-15 3.35164E-08 1.19922E-06 % Am245
0.00000E+00 0.00000E+00 0.00000E+00 0.00000E+00 % lost data
3.81467E-03 1.19899E+06 1.22600E+06 1.21497E+06 % total
];

MAT_uco_SF = [
0.00000E+00 0.00000E+00 0.00000E+00 0.00000E+00 % H3
0.00000E+00 0.00000E+00 0.00000E+00 0.00000E+00 % Xe135
2.03356E-01 2.02622E-01 1.90620E-01 1.77872E-01 % U235
1.37691E+05 1.37671E+05 1.37323E+05 1.36922E+05 % U238
0.00000E+00 1.60071E-03 3.67924E+01 3.51807E+02 % Pu238
0.00000E+00 9.74518E-02 3.06875E+00 5.47876E+00 % Pu239
0.00000E+00 2.48518E+01 1.39412E+04 4.85276E+04 % Pu240
0.00000E+00 0.00000E+00 0.00000E+00 0.00000E+00 % Pu241
0.00000E+00 2.21569E-04 5.11268E+01 7.85954E+02 % Pu242
0.00000E+00 2.16997E-08 4.81608E-03 7.04470E-02 % Am241
0.00000E+00 0.00000E+00 0.00000E+00 0.00000E+00 % Am244
0.00000E+00 0.00000E+00 0.00000E+00 0.00000E+00 % Am245
0.00000E+00 0.00000E+00 0.00000E+00 0.00000E+00 % lost data
1.37691E+05 1.37696E+05 1.53699E+05 2.59374E+05 % total
];

MAT_uco_ING_TOX = [
0.00000E+00 1.92599E-04 2.93324E-03 5.12570E-03 % H3
0.00000E+00 3.83220E+09 3.84811E+09 3.81519E+09 % Xe135
1.32746E+02 1.32267E+02 1.24432E+02 1.16111E+02 % U235
1.13481E+02 1.13465E+02 1.13178E+02 1.12848E+02 % U238
0.00000E+00 1.97937E-01 4.54960E+03 4.35030E+04 % Pu238
0.00000E+00 7.85901E+03 2.47480E+05 4.41836E+05 % Pu239
0.00000E+00 1.08999E+02 6.11457E+04 2.12840E+05 % Pu240
0.00000E+00 4.98707E+00 5.68890E+04 4.01882E+05 % Pu241
0.00000E+00 9.66845E-06 2.23099E+00 3.42962E+01 % Pu242
0.00000E+00 1.00929E-03 2.24004E+02 3.27661E+03 % Am241
0.00000E+00 2.60648E-08 2.74247E-01 9.66287E+00 % Am244
0.00000E+00 4.33023E-12 4.11869E-05 1.47367E-03 % Am245
0.00000E+00 0.00000E+00 0.00000E+00 0.00000E+00 % lost data
2.46227E+02 4.49635E+10 6.03922E+10 6.01497E+10 % total
];

MAT_uco_INH_TOX = [
0.00000E+00 1.19228E-03 1.81582E-02 3.17305E-02 % H3
0.00000E+00 2.00734E+09 2.01568E+09 1.99843E+09 % Xe135
2.40073E+04 2.39206E+04 2.25037E+04 2.09988E+04 % U235
2.01744E+04 2.01715E+04 2.01206E+04 2.00619E+04 % U238
0.00000E+00 9.46655E+01 2.17589E+06 2.08058E+07 % Pu238
0.00000E+00 3.77233E+06 1.18790E+08 2.12081E+08 % Pu239
0.00000E+00 5.23195E+04 2.93499E+07 1.02163E+08 % Pu240
0.00000E+00 2.38964E+03 2.72593E+07 1.92568E+08 % Pu241
0.00000E+00 4.43137E-03 1.02254E+03 1.57191E+04 % Pu242
0.00000E+00 4.84457E-01 1.07522E+05 1.57277E+06 % Am241
0.00000E+00 2.09651E-07 2.20590E+00 7.77231E+01 % Am244
0.00000E+00 3.91118E-12 3.72011E-05 1.33106E-03 % Am245
0.00000E+00 0.00000E+00 0.00000E+00 0.00000E+00 % lost data
4.41817E+04 4.39790E+10 5.88938E+10 6.06315E+10 % total
];

TOT_VOLUME = [ 2.41547E+04 2.41547E+04 2.41547E+04 2.41547E+04 ];

TOT_BURNUP = [ 0.00000E+00 4.20035E-01 7.47656E+00 1.53732E+01 ];

TOT_ADENS = [
0.00000E+00 1.06486E-13 1.62176E-12 2.83395E-12 % H3
0.00000E+00 3.58633E-08 3.60123E-08 3.57042E-08 % Xe135
3.74777E-03 3.73424E-03 3.51305E-03 3.27811E-03 % U235
2.12374E-02 2.12343E-02 2.11807E-02 2.11189E-02 % U238
0.00000E+00 1.42258E-13 3.26980E-09 3.12657E-08 % Pu238
0.00000E+00 1.42857E-06 4.49856E-05 8.03146E-05 % Pu239
0.00000E+00 5.39174E-09 3.02463E-06 1.05283E-05 % Pu240
0.00000E+00 2.79843E-11 3.19225E-07 2.25510E-06 % Pu241
0.00000E+00 2.84741E-14 6.57038E-09 1.01004E-07 % Pu242
0.00000E+00 4.11479E-15 9.13248E-10 1.33585E-08 % Am241
0.00000E+00 1.23053E-22 1.29474E-15 4.56189E-14 % Am244
0.00000E+00 3.07857E-26 2.92817E-19 1.04770E-17 % Am245
0.00000E+00 8.87503E-08 1.58940E-06 3.28193E-06 % lost data
7.04339E-02 7.04447E-02 7.06262E-02 7.08289E-02 % total
];

