
DET1001 = [
    1    1    1    1    1    1    1    1    1    1  5.76677E+18 0.00424 
    2    2    1    1    1    1    1    1    1    1  2.16923E+18 0.00525 
    3    3    1    1    1    1    1    1    1    1  3.58982E+17 0.01043 
];


DET1001E = [
 1.00000E-09  6.25000E-07  3.13000E-07
 6.25000E-07  1.00000E-01  5.00003E-02
 1.00000E-01  2.00000E+01  1.00500E+01
];

DET1002 = [
    1    1    1    1    1    1    1    1    1    1  1.77523E+17 0.00729 
    2    2    1    1    1    1    1    1    1    1  3.88463E+17 0.00491 
    3    3    1    1    1    1    1    1    1    1  2.07503E+17 0.00661 
];


DET1002E = [
 1.00000E-09  6.25000E-07  3.13000E-07
 6.25000E-07  1.00000E-01  5.00003E-02
 1.00000E-01  2.00000E+01  1.00500E+01
];
