
DET1001 = [
    1    1    1    1    1    1    1    1    1    1  6.05159E+18 0.00429 
    2    2    1    1    1    1    1    1    1    1  2.29457E+18 0.00495 
    3    3    1    1    1    1    1    1    1    1  3.81094E+17 0.01063 
];


DET1001E = [
 1.00000E-09  6.25000E-07  3.13000E-07
 6.25000E-07  1.00000E-01  5.00003E-02
 1.00000E-01  2.00000E+01  1.00500E+01
];

DET1002 = [
    1    1    1    1    1    1    1    1    1    1  1.81415E+17 0.00744 
    2    2    1    1    1    1    1    1    1    1  4.16171E+17 0.00505 
    3    3    1    1    1    1    1    1    1    1  2.26367E+17 0.00623 
];


DET1002E = [
 1.00000E-09  6.25000E-07  3.13000E-07
 6.25000E-07  1.00000E-01  5.00003E-02
 1.00000E-01  2.00000E+01  1.00500E+01
];
