
ZAI = [
10030
541350
922350
922380
942380
942390
942400
942410
942420
952410
952440
952450
666
0
];

NAMES = [
'H3              '
'Xe135           '
'U235            '
'U238            '
'Pu238           '
'Pu239           '
'Pu240           '
'Pu241           '
'Pu242           '
'Am241           '
'Am244           '
'Am245           '
'lost            '
'total           '
];

i10030  = 1; iH3               = 1;
i541350 = 2; iXe135            = 2;
i922350 = 3; iU235             = 3;
i922380 = 4; iU238             = 4;
i942380 = 5; iPu238            = 5;
i942390 = 6; iPu239            = 6;
i942400 = 7; iPu240            = 7;
i942410 = 8; iPu241            = 8;
i942420 = 9; iPu242            = 9;
i952410 = 10; iAm241            = 10;
i952440 = 11; iAm244            = 11;
i952450 = 12; iAm245            = 12;
iLOST    = 13;
iTOT     = 14;

MAT_uco_VOLUME = [ 4.22705E+04 4.22705E+04 4.22705E+04 4.22705E+04 ];

MAT_uco_BURNUP = [ 0.00000E+00 2.40025E-01 4.27246E+00 8.78496E+00 ];

MAT_uco_ADENS = [
0.00000E+00 8.40548E-14 1.37410E-12 2.57395E-12 % H3
0.00000E+00 3.01160E-08 3.03677E-08 3.04515E-08 % Xe135
4.31104E-03 4.30313E-03 4.17240E-03 4.03059E-03 % U235
2.06805E-02 2.06784E-02 2.06429E-02 2.06024E-02 % U238
0.00000E+00 6.35900E-14 1.03783E-09 9.56832E-09 % Pu238
0.00000E+00 9.58984E-07 3.25933E-05 6.33677E-05 % Pu239
0.00000E+00 1.86645E-09 1.04459E-06 3.94009E-06 % Pu240
0.00000E+00 6.92741E-12 7.79656E-08 6.11858E-07 % Pu241
0.00000E+00 3.29828E-15 7.26186E-10 1.19968E-08 % Pu242
0.00000E+00 1.03823E-15 2.24316E-10 3.67350E-09 % Am241
0.00000E+00 7.69614E-24 7.43580E-17 2.75715E-15 % Am244
0.00000E+00 9.18270E-28 8.10531E-21 3.01218E-19 % Am245
0.00000E+00 5.07413E-08 9.06162E-07 1.86837E-06 % lost data
7.04520E-02 7.04581E-02 7.05618E-02 7.06777E-02 % total
];

MAT_uco_MDENS = [
0.00000E+00 4.20899E-13 6.88070E-12 1.28889E-11 % H3
0.00000E+00 6.74665E-06 6.80303E-06 6.82179E-06 % Xe135
1.68262E+00 1.67954E+00 1.62851E+00 1.57316E+00 % U235
8.17497E+00 8.17415E+00 8.16012E+00 8.14410E+00 % U238
0.00000E+00 2.51369E-11 4.10250E-07 3.78233E-06 % Pu238
0.00000E+00 3.80680E-04 1.29383E-02 2.51546E-02 % Pu239
0.00000E+00 7.44017E-07 4.16401E-04 1.57062E-03 % Pu240
0.00000E+00 2.77288E-09 3.12079E-05 2.44913E-04 % Pu241
0.00000E+00 1.32576E-12 2.91893E-07 4.82215E-06 % Pu242
0.00000E+00 4.15593E-13 8.97918E-08 1.47047E-06 % Am241
0.00000E+00 3.11913E-21 3.01362E-14 1.11743E-12 % Am244
0.00000E+00 3.73689E-25 3.29845E-18 1.22580E-16 % Am245
0.00000E+00 0.00000E+00 0.00000E+00 0.00000E+00 % lost data
1.10000E+01 1.10000E+01 1.09994E+01 1.09987E+01 % total
];

MAT_uco_A = [
0.00000E+00 6.33448E+06 1.03554E+08 1.93976E+08 % H3
0.00000E+00 2.68171E+16 2.70412E+16 2.71158E+16 % Xe135
5.68551E+09 5.67508E+09 5.50266E+09 5.31565E+09 % U235
4.29742E+09 4.29699E+09 4.28961E+09 4.28119E+09 % U238
0.00000E+00 6.73207E+05 1.09871E+10 1.01297E+11 % Pu238
0.00000E+00 3.69295E+10 1.25513E+12 2.44023E+12 % Pu239
0.00000E+00 2.64124E+08 1.47821E+11 5.57566E+11 % Pu240
0.00000E+00 4.50088E+08 5.06559E+12 3.97537E+13 % Pu241
0.00000E+00 8.16618E+00 1.79796E+06 2.97027E+07 % Pu242
0.00000E+00 2.22826E+03 4.81431E+08 7.88411E+09 % Am241
0.00000E+00 6.20172E+00 5.99193E+07 2.22177E+09 % Am244
0.00000E+00 3.64567E-03 3.21793E+04 1.19588E+06 % Am245
0.00000E+00 0.00000E+00 0.00000E+00 0.00000E+00 % lost data
9.98292E+09 3.39224E+18 3.77301E+18 3.83267E+18 % total
];

MAT_uco_H = [
0.00000E+00 5.77476E-09 9.44034E-08 1.76836E-07 % H3
0.00000E+00 2.41761E+03 2.43781E+03 2.44453E+03 % Xe135
4.20174E-03 4.19404E-03 4.06661E-03 3.92841E-03 % U235
2.94362E-03 2.94333E-03 2.93827E-03 2.93251E-03 % U238
0.00000E+00 6.02780E-07 9.83774E-03 9.06997E-02 % Pu238
0.00000E+00 3.10114E-02 1.05399E+00 2.04917E+00 % Pu239
0.00000E+00 2.22210E-04 1.24363E-01 4.69086E-01 % Pu240
0.00000E+00 3.86168E-07 4.34619E-03 3.41080E-02 % Pu241
0.00000E+00 6.51833E-12 1.43515E-06 2.37090E-05 % Pu242
0.00000E+00 1.99782E-09 4.31642E-04 7.06875E-03 % Am241
0.00000E+00 1.10166E-12 1.06439E-05 3.94670E-04 % Am244
0.00000E+00 1.83936E-16 1.62355E-09 6.03361E-08 % Am245
0.00000E+00 0.00000E+00 0.00000E+00 0.00000E+00 % lost data
7.14536E-03 1.20460E+06 1.24220E+06 1.24017E+06 % total
];

MAT_uco_SF = [
0.00000E+00 0.00000E+00 0.00000E+00 0.00000E+00 % H3
0.00000E+00 0.00000E+00 0.00000E+00 0.00000E+00 % Xe135
4.09356E-01 4.08606E-01 3.96192E-01 3.82727E-01 % U235
2.34639E+05 2.34615E+05 2.34213E+05 2.33753E+05 % U238
0.00000E+00 1.25216E-03 2.04361E+01 1.88412E+02 % Pu238
0.00000E+00 1.14482E-01 3.89092E+00 7.56470E+00 % Pu239
0.00000E+00 1.50551E+01 8.42579E+03 3.17813E+04 % Pu240
0.00000E+00 0.00000E+00 0.00000E+00 0.00000E+00 % Pu241
0.00000E+00 4.49140E-05 9.88876E+00 1.63365E+02 % Pu242
0.00000E+00 9.58151E-09 2.07015E-03 3.39017E-02 % Am241
0.00000E+00 0.00000E+00 0.00000E+00 0.00000E+00 % Am244
0.00000E+00 0.00000E+00 0.00000E+00 0.00000E+00 % Am245
0.00000E+00 0.00000E+00 0.00000E+00 0.00000E+00 % lost data
2.34639E+05 2.34631E+05 2.43175E+05 2.82669E+05 % total
];

MAT_uco_ING_TOX = [
0.00000E+00 2.66048E-04 4.34925E-03 8.14700E-03 % H3
0.00000E+00 5.63159E+09 5.67866E+09 5.69432E+09 % Xe135
2.67219E+02 2.66729E+02 2.58625E+02 2.49836E+02 % U235
1.93384E+02 1.93364E+02 1.93033E+02 1.92654E+02 % U238
0.00000E+00 1.54838E-01 2.52704E+03 2.32982E+04 % Pu238
0.00000E+00 9.23238E+03 3.13784E+05 6.10057E+05 % Pu239
0.00000E+00 6.60309E+01 3.69552E+04 1.39392E+05 % Pu240
0.00000E+00 2.16042E+00 2.43148E+04 1.90818E+05 % Pu241
0.00000E+00 1.95988E-06 4.31509E-01 7.12865E+00 % Pu242
0.00000E+00 4.45652E-04 9.62862E+01 1.57682E+03 % Am241
0.00000E+00 2.85279E-09 2.75629E-02 1.02202E+00 % Am244
0.00000E+00 2.26032E-13 1.99512E-06 7.41446E-05 % Am245
0.00000E+00 0.00000E+00 0.00000E+00 0.00000E+00 % lost data
4.60603E+02 4.68258E+10 6.25266E+10 6.25975E+10 % total
];

MAT_uco_INH_TOX = [
0.00000E+00 1.64697E-03 2.69239E-02 5.04338E-02 % H3
0.00000E+00 2.94988E+09 2.97454E+09 2.98274E+09 % Xe135
4.83268E+04 4.82382E+04 4.67726E+04 4.51830E+04 % U235
3.43793E+04 3.43759E+04 3.43169E+04 3.42495E+04 % U238
0.00000E+00 7.40527E+01 1.20859E+06 1.11426E+07 % Pu238
0.00000E+00 4.43154E+06 1.50616E+08 2.92827E+08 % Pu239
0.00000E+00 3.16948E+04 1.77385E+07 6.69080E+07 % Pu240
0.00000E+00 1.03520E+03 1.16508E+07 9.14335E+07 % Pu241
0.00000E+00 8.98280E-04 1.97775E+02 3.26730E+03 % Pu242
0.00000E+00 2.13913E-01 4.62174E+04 7.56874E+05 % Am241
0.00000E+00 2.29464E-08 2.21702E-01 8.22056E+00 % Am244
0.00000E+00 2.04157E-13 1.80204E-06 6.69693E-05 % Am245
0.00000E+00 0.00000E+00 0.00000E+00 0.00000E+00 % lost data
8.27061E+04 4.50091E+10 6.00926E+10 6.19967E+10 % total
];

TOT_VOLUME = [ 4.22705E+04 4.22705E+04 4.22705E+04 4.22705E+04 ];

TOT_BURNUP = [ 0.00000E+00 2.40025E-01 4.27246E+00 8.78496E+00 ];

TOT_ADENS = [
0.00000E+00 8.40548E-14 1.37410E-12 2.57395E-12 % H3
0.00000E+00 3.01160E-08 3.03677E-08 3.04515E-08 % Xe135
4.31104E-03 4.30313E-03 4.17240E-03 4.03059E-03 % U235
2.06805E-02 2.06784E-02 2.06429E-02 2.06024E-02 % U238
0.00000E+00 6.35900E-14 1.03783E-09 9.56832E-09 % Pu238
0.00000E+00 9.58984E-07 3.25933E-05 6.33677E-05 % Pu239
0.00000E+00 1.86645E-09 1.04459E-06 3.94009E-06 % Pu240
0.00000E+00 6.92741E-12 7.79656E-08 6.11858E-07 % Pu241
0.00000E+00 3.29828E-15 7.26186E-10 1.19968E-08 % Pu242
0.00000E+00 1.03823E-15 2.24316E-10 3.67350E-09 % Am241
0.00000E+00 7.69614E-24 7.43580E-17 2.75715E-15 % Am244
0.00000E+00 9.18270E-28 8.10531E-21 3.01218E-19 % Am245
0.00000E+00 5.07413E-08 9.06162E-07 1.86837E-06 % lost data
7.04520E-02 7.04581E-02 7.05618E-02 7.06777E-02 % total
];

