
DET1001 = [
    1    1    1    1    1    1    1    1    1    1  3.86346E+18 0.00522 
    2    2    1    1    1    1    1    1    1    1  1.77752E+18 0.00579 
    3    3    1    1    1    1    1    1    1    1  1.62581E+17 0.01121 
];


DET1001E = [
 1.00000E-09  6.25000E-07  3.13000E-07
 6.25000E-07  1.00000E-01  5.00003E-02
 1.00000E-01  2.00000E+01  1.00500E+01
];

DET1002 = [
    1    1    1    1    1    1    1    1    1    1  7.56917E+16 0.00986 
    2    2    1    1    1    1    1    1    1    1  3.45867E+17 0.00514 
    3    3    1    1    1    1    1    1    1    1  1.67127E+17 0.00656 
];


DET1002E = [
 1.00000E-09  6.25000E-07  3.13000E-07
 6.25000E-07  1.00000E-01  5.00003E-02
 1.00000E-01  2.00000E+01  1.00500E+01
];
