
DET1001 = [
    1    1    1    1    1    1    1    1    1    1  3.85157E+18 0.00521 
    2    2    1    1    1    1    1    1    1    1  1.78414E+18 0.00610 
    3    3    1    1    1    1    1    1    1    1  1.62326E+17 0.01130 
];


DET1001E = [
 1.00000E-09  6.25000E-07  3.13000E-07
 6.25000E-07  1.00000E-01  5.00003E-02
 1.00000E-01  2.00000E+01  1.00500E+01
];

DET1002 = [
    1    1    1    1    1    1    1    1    1    1  7.42859E+16 0.00986 
    2    2    1    1    1    1    1    1    1    1  3.54198E+17 0.00502 
    3    3    1    1    1    1    1    1    1    1  1.72133E+17 0.00637 
];


DET1002E = [
 1.00000E-09  6.25000E-07  3.13000E-07
 6.25000E-07  1.00000E-01  5.00003E-02
 1.00000E-01  2.00000E+01  1.00500E+01
];
