
DET1001 = [
    1    1    1    1    1    1    1    1    1    1  3.75976E+18 0.00492 
    2    2    1    1    1    1    1    1    1    1  1.73104E+18 0.00621 
    3    3    1    1    1    1    1    1    1    1  1.57466E+17 0.01140 
];


DET1001E = [
 1.00000E-09  6.25000E-07  3.13000E-07
 6.25000E-07  1.00000E-01  5.00003E-02
 1.00000E-01  2.00000E+01  1.00500E+01
];

DET1002 = [
    1    1    1    1    1    1    1    1    1    1  7.62317E+16 0.00945 
    2    2    1    1    1    1    1    1    1    1  3.38307E+17 0.00496 
    3    3    1    1    1    1    1    1    1    1  1.64169E+17 0.00655 
];


DET1002E = [
 1.00000E-09  6.25000E-07  3.13000E-07
 6.25000E-07  1.00000E-01  5.00003E-02
 1.00000E-01  2.00000E+01  1.00500E+01
];
