
DET1001 = [
    1    1    1    1    1    1    1    1    1    1  3.72935E+18 0.00503 
    2    2    1    1    1    1    1    1    1    1  1.69830E+18 0.00602 
    3    3    1    1    1    1    1    1    1    1  1.57903E+17 0.01192 
];


DET1001E = [
 1.00000E-09  6.25000E-07  3.13000E-07
 6.25000E-07  1.00000E-01  5.00003E-02
 1.00000E-01  2.00000E+01  1.00500E+01
];

DET1002 = [
    1    1    1    1    1    1    1    1    1    1  7.59796E+16 0.00950 
    2    2    1    1    1    1    1    1    1    1  3.33483E+17 0.00491 
    3    3    1    1    1    1    1    1    1    1  1.62161E+17 0.00669 
];


DET1002E = [
 1.00000E-09  6.25000E-07  3.13000E-07
 6.25000E-07  1.00000E-01  5.00003E-02
 1.00000E-01  2.00000E+01  1.00500E+01
];
