
ZAI = [
10030
541350
922350
922380
942380
942390
942400
942410
942420
952410
952440
952450
666
0
];

NAMES = [
'H3              '
'Xe135           '
'U235            '
'U238            '
'Pu238           '
'Pu239           '
'Pu240           '
'Pu241           '
'Pu242           '
'Am241           '
'Am244           '
'Am245           '
'lost            '
'total           '
];

i10030  = 1; iH3               = 1;
i541350 = 2; iXe135            = 2;
i922350 = 3; iU235             = 3;
i922380 = 4; iU238             = 4;
i942380 = 5; iPu238            = 5;
i942390 = 6; iPu239            = 6;
i942400 = 7; iPu240            = 7;
i942410 = 8; iPu241            = 8;
i942420 = 9; iPu242            = 9;
i952410 = 10; iAm241            = 10;
i952440 = 11; iAm244            = 11;
i952450 = 12; iAm245            = 12;
iLOST    = 13;
iTOT     = 14;

MAT_uco_VOLUME = [ 1.67860E+04 1.67860E+04 1.67860E+04 1.67860E+04 ];

MAT_uco_BURNUP = [ 0.00000E+00 6.04429E-01 1.07588E+01 2.21221E+01 ];

MAT_uco_ADENS = [
0.00000E+00 1.18841E-13 1.74169E-12 2.94115E-12 % H3
0.00000E+00 4.51819E-08 4.50833E-08 4.41740E-08 % Xe135
4.31104E-03 4.29158E-03 3.97441E-03 3.63938E-03 % U235
2.06805E-02 2.06764E-02 2.06050E-02 2.05221E-02 % U238
0.00000E+00 1.99767E-13 6.20944E-09 6.09093E-08 % Pu238
0.00000E+00 1.90178E-06 5.77149E-05 9.94471E-05 % Pu239
0.00000E+00 8.76283E-09 4.75764E-06 1.59451E-05 % Pu240
0.00000E+00 5.40598E-11 5.88339E-07 4.01411E-06 % Pu241
0.00000E+00 6.56056E-14 1.46172E-08 2.20294E-07 % Pu242
0.00000E+00 7.94532E-15 1.68202E-09 2.36322E-08 % Am241
0.00000E+00 3.76905E-22 3.95395E-15 1.38036E-13 % Am244
0.00000E+00 1.10123E-25 1.04846E-18 3.75211E-17 % Am245
0.00000E+00 1.27703E-07 2.28900E-06 4.72754E-06 % lost data
7.04520E-02 7.04675E-02 7.07287E-02 7.10203E-02 % total
];

MAT_uco_MDENS = [
0.00000E+00 5.95087E-13 8.72143E-12 1.47276E-11 % H3
0.00000E+00 1.01217E-05 1.00996E-05 9.89594E-06 % Xe135
1.68262E+00 1.67503E+00 1.55124E+00 1.42047E+00 % U235
8.17497E+00 8.17335E+00 8.14513E+00 8.11235E+00 % U238
0.00000E+00 7.89673E-11 2.45457E-06 2.40773E-05 % Pu238
0.00000E+00 7.54932E-04 2.29106E-02 3.94767E-02 % Pu239
0.00000E+00 3.49309E-06 1.89652E-03 6.35613E-03 % Pu240
0.00000E+00 2.16389E-08 2.35499E-04 1.60676E-03 % Pu241
0.00000E+00 2.63704E-11 5.87544E-06 8.85479E-05 % Pu242
0.00000E+00 3.18044E-12 6.73297E-07 9.45973E-06 % Am241
0.00000E+00 1.52754E-19 1.60248E-12 5.59441E-11 % Am244
0.00000E+00 4.48144E-23 4.26670E-16 1.52692E-14 % Am245
0.00000E+00 0.00000E+00 0.00000E+00 0.00000E+00 % lost data
1.10000E+01 1.09999E+01 1.09984E+01 1.09968E+01 % total
];

MAT_uco_A = [
0.00000E+00 3.55649E+06 5.21229E+07 8.80186E+07 % H3
0.00000E+00 1.59767E+16 1.59418E+16 1.56203E+16 % Xe135
2.25776E+09 2.24757E+09 2.08146E+09 1.90600E+09 % U235
1.70654E+09 1.70620E+09 1.70031E+09 1.69347E+09 % U238
0.00000E+00 8.39831E+05 2.61048E+10 2.56066E+11 % Pu238
0.00000E+00 2.90824E+10 8.82590E+11 1.52077E+12 % Pu239
0.00000E+00 4.92428E+08 2.67356E+11 8.96037E+11 % Pu240
0.00000E+00 1.39479E+09 1.51797E+13 1.03568E+14 % Pu241
0.00000E+00 6.45032E+01 1.43716E+07 2.16592E+08 % Pu242
0.00000E+00 6.77162E+03 1.43355E+09 2.01412E+10 % Am241
0.00000E+00 1.20609E+02 1.26526E+09 4.41714E+10 % Am244
0.00000E+00 1.73617E-01 1.65298E+06 5.91549E+07 % Am245
0.00000E+00 0.00000E+00 0.00000E+00 0.00000E+00 % lost data
3.96430E+09 3.30412E+18 3.64344E+18 3.67955E+18 % total
];

MAT_uco_H = [
0.00000E+00 3.24223E-09 4.75173E-08 8.02411E-08 % H3
0.00000E+00 1.44033E+03 1.43718E+03 1.40820E+03 % Xe135
1.66854E-03 1.66101E-03 1.53825E-03 1.40858E-03 % U235
1.16893E-03 1.16870E-03 1.16467E-03 1.15998E-03 % U238
0.00000E+00 7.51974E-07 2.33739E-02 2.29278E-01 % Pu238
0.00000E+00 2.44218E-02 7.41150E-01 1.27706E+00 % Pu239
0.00000E+00 4.14285E-04 2.24929E-01 7.53845E-01 % Pu240
0.00000E+00 1.19671E-06 1.30239E-02 8.88593E-02 % Pu241
0.00000E+00 5.14871E-11 1.14715E-05 1.72886E-04 % Pu242
0.00000E+00 6.07131E-09 1.28529E-03 1.80582E-02 % Am241
0.00000E+00 2.14247E-11 2.24757E-04 7.84649E-03 % Am244
0.00000E+00 8.75957E-15 8.33982E-08 2.98456E-06 % Am245
0.00000E+00 0.00000E+00 0.00000E+00 0.00000E+00 % lost data
2.83748E-03 1.19653E+06 1.21727E+06 1.20290E+06 % total
];

MAT_uco_SF = [
0.00000E+00 0.00000E+00 0.00000E+00 0.00000E+00 % H3
0.00000E+00 0.00000E+00 0.00000E+00 0.00000E+00 % Xe135
1.62559E-01 1.61825E-01 1.49865E-01 1.37232E-01 % U235
9.31770E+04 9.31584E+04 9.28369E+04 9.24633E+04 % U238
0.00000E+00 1.56209E-03 4.85550E+01 4.76283E+02 % Pu238
0.00000E+00 9.01554E-02 2.73603E+00 4.71438E+00 % Pu239
0.00000E+00 2.80684E+01 1.52393E+04 5.10741E+04 % Pu240
0.00000E+00 0.00000E+00 0.00000E+00 0.00000E+00 % Pu241
0.00000E+00 3.54767E-04 7.90436E+01 1.19125E+03 % Pu242
0.00000E+00 2.91180E-08 6.16426E-03 8.66071E-02 % Am241
0.00000E+00 0.00000E+00 0.00000E+00 0.00000E+00 % Am244
0.00000E+00 0.00000E+00 0.00000E+00 0.00000E+00 % Am245
0.00000E+00 0.00000E+00 0.00000E+00 0.00000E+00 % lost data
9.31771E+04 9.31868E+04 1.11809E+05 2.54888E+05 % total
];

MAT_uco_ING_TOX = [
0.00000E+00 1.49373E-04 2.18916E-03 3.69678E-03 % H3
0.00000E+00 3.35511E+09 3.34779E+09 3.28026E+09 % Xe135
1.06115E+02 1.05636E+02 9.78287E+01 8.95820E+01 % U235
7.67942E+01 7.67789E+01 7.65139E+01 7.62060E+01 % U238
0.00000E+00 1.93161E-01 6.00411E+03 5.88952E+04 % Pu238
0.00000E+00 7.27059E+03 2.20648E+05 3.80192E+05 % Pu239
0.00000E+00 1.23107E+02 6.68389E+04 2.24009E+05 % Pu240
0.00000E+00 6.69500E+00 7.28625E+04 4.97125E+05 % Pu241
0.00000E+00 1.54808E-05 3.44918E+00 5.19820E+01 % Pu242
0.00000E+00 1.35432E-03 2.86710E+02 4.02824E+03 % Am241
0.00000E+00 5.54801E-08 5.82018E-01 2.03188E+01 % Am244
0.00000E+00 1.07643E-11 1.02485E-04 3.66760E-03 % Am245
0.00000E+00 0.00000E+00 0.00000E+00 0.00000E+00 % lost data
1.82909E+02 4.44572E+10 5.96469E+10 5.92339E+10 % total
];

MAT_uco_INH_TOX = [
0.00000E+00 9.24688E-04 1.35520E-02 2.28848E-02 % H3
0.00000E+00 1.75744E+09 1.75360E+09 1.71823E+09 % Xe135
1.91909E+04 1.91043E+04 1.76924E+04 1.62010E+04 % U235
1.36523E+04 1.36496E+04 1.36025E+04 1.35477E+04 % U238
0.00000E+00 9.23814E+01 2.87153E+06 2.81672E+07 % Pu238
0.00000E+00 3.48989E+06 1.05911E+08 1.82492E+08 % Pu239
0.00000E+00 5.90913E+04 3.20827E+07 1.07524E+08 % Pu240
0.00000E+00 3.20802E+03 3.49133E+07 2.38206E+08 % Pu241
0.00000E+00 7.09535E-03 1.58087E+03 2.38251E+04 % Pu242
0.00000E+00 6.50076E-01 1.37621E+05 1.93355E+06 % Am241
0.00000E+00 4.46253E-07 4.68145E+00 1.63434E+02 % Am244
0.00000E+00 9.72257E-12 9.25667E-05 3.31267E-03 % Am245
0.00000E+00 0.00000E+00 0.00000E+00 0.00000E+00 % lost data
3.28433E+04 4.36882E+10 5.84005E+10 6.00302E+10 % total
];

TOT_VOLUME = [ 1.67860E+04 1.67860E+04 1.67860E+04 1.67860E+04 ];

TOT_BURNUP = [ 0.00000E+00 6.04429E-01 1.07588E+01 2.21221E+01 ];

TOT_ADENS = [
0.00000E+00 1.18841E-13 1.74169E-12 2.94115E-12 % H3
0.00000E+00 4.51819E-08 4.50833E-08 4.41740E-08 % Xe135
4.31104E-03 4.29158E-03 3.97441E-03 3.63938E-03 % U235
2.06805E-02 2.06764E-02 2.06050E-02 2.05221E-02 % U238
0.00000E+00 1.99767E-13 6.20944E-09 6.09093E-08 % Pu238
0.00000E+00 1.90178E-06 5.77149E-05 9.94471E-05 % Pu239
0.00000E+00 8.76283E-09 4.75764E-06 1.59451E-05 % Pu240
0.00000E+00 5.40598E-11 5.88339E-07 4.01411E-06 % Pu241
0.00000E+00 6.56056E-14 1.46172E-08 2.20294E-07 % Pu242
0.00000E+00 7.94532E-15 1.68202E-09 2.36322E-08 % Am241
0.00000E+00 3.76905E-22 3.95395E-15 1.38036E-13 % Am244
0.00000E+00 1.10123E-25 1.04846E-18 3.75211E-17 % Am245
0.00000E+00 1.27703E-07 2.28900E-06 4.72754E-06 % lost data
7.04520E-02 7.04675E-02 7.07287E-02 7.10203E-02 % total
];

