
DET1001 = [
    1    1    1    1    1    1    1    1    1    1  4.80810E+18 0.00442 
    2    2    1    1    1    1    1    1    1    1  1.73972E+18 0.00610 
    3    3    1    1    1    1    1    1    1    1  1.57568E+17 0.01253 
];


DET1001E = [
 1.00000E-09  6.25000E-07  3.13000E-07
 6.25000E-07  1.00000E-01  5.00003E-02
 1.00000E-01  2.00000E+01  1.00500E+01
];

DET1002 = [
    1    1    1    1    1    1    1    1    1    1  1.85046E+17 0.00743 
    2    2    1    1    1    1    1    1    1    1  4.03355E+17 0.00486 
    3    3    1    1    1    1    1    1    1    1  1.86055E+17 0.00658 
];


DET1002E = [
 1.00000E-09  6.25000E-07  3.13000E-07
 6.25000E-07  1.00000E-01  5.00003E-02
 1.00000E-01  2.00000E+01  1.00500E+01
];
