
DET1001 = [
    1    1    1    1    1    1    1    1    1    1  4.67534E+18 0.00447 
    2    2    1    1    1    1    1    1    1    1  1.71126E+18 0.00667 
    3    3    1    1    1    1    1    1    1    1  1.58581E+17 0.01172 
];


DET1001E = [
 1.00000E-09  6.25000E-07  3.13000E-07
 6.25000E-07  1.00000E-01  5.00003E-02
 1.00000E-01  2.00000E+01  1.00500E+01
];

DET1002 = [
    1    1    1    1    1    1    1    1    1    1  1.82411E+17 0.00687 
    2    2    1    1    1    1    1    1    1    1  3.88457E+17 0.00481 
    3    3    1    1    1    1    1    1    1    1  1.78280E+17 0.00594 
];


DET1002E = [
 1.00000E-09  6.25000E-07  3.13000E-07
 6.25000E-07  1.00000E-01  5.00003E-02
 1.00000E-01  2.00000E+01  1.00500E+01
];
