
DET1001 = [
    1    1    1    1    1    1    1    1    1    1  4.64160E+18 0.00479 
    2    2    1    1    1    1    1    1    1    1  1.66533E+18 0.00594 
    3    3    1    1    1    1    1    1    1    1  1.52197E+17 0.01141 
];


DET1001E = [
 1.00000E-09  6.25000E-07  3.13000E-07
 6.25000E-07  1.00000E-01  5.00003E-02
 1.00000E-01  2.00000E+01  1.00500E+01
];

DET1002 = [
    1    1    1    1    1    1    1    1    1    1  1.82919E+17 0.00731 
    2    2    1    1    1    1    1    1    1    1  3.74640E+17 0.00499 
    3    3    1    1    1    1    1    1    1    1  1.75664E+17 0.00639 
];


DET1002E = [
 1.00000E-09  6.25000E-07  3.13000E-07
 6.25000E-07  1.00000E-01  5.00003E-02
 1.00000E-01  2.00000E+01  1.00500E+01
];
