
DET1001 = [
    1    1    1    1    1    1    1    1    1    1  4.92543E+18 0.00459 
    2    2    1    1    1    1    1    1    1    1  1.79530E+18 0.00627 
    3    3    1    1    1    1    1    1    1    1  1.66727E+17 0.01244 
];


DET1001E = [
 1.00000E-09  6.25000E-07  3.13000E-07
 6.25000E-07  1.00000E-01  5.00003E-02
 1.00000E-01  2.00000E+01  1.00500E+01
];

DET1002 = [
    1    1    1    1    1    1    1    1    1    1  1.90386E+17 0.00694 
    2    2    1    1    1    1    1    1    1    1  4.24155E+17 0.00514 
    3    3    1    1    1    1    1    1    1    1  1.97838E+17 0.00610 
];


DET1002E = [
 1.00000E-09  6.25000E-07  3.13000E-07
 6.25000E-07  1.00000E-01  5.00003E-02
 1.00000E-01  2.00000E+01  1.00500E+01
];
