
DET1001 = [
    1    1    1    1    1    1    1    1    1    1  4.73524E+18 0.00465 
    2    2    1    1    1    1    1    1    1    1  2.06659E+18 0.00537 
    3    3    1    1    1    1    1    1    1    1  3.52470E+17 0.00974 
];


DET1001E = [
 1.00000E-09  6.25000E-07  3.13000E-07
 6.25000E-07  1.00000E-01  5.00003E-02
 1.00000E-01  2.00000E+01  1.00500E+01
];

DET1002 = [
    1    1    1    1    1    1    1    1    1    1  1.00719E+17 0.00941 
    2    2    1    1    1    1    1    1    1    1  3.51823E+17 0.00523 
    3    3    1    1    1    1    1    1    1    1  1.97566E+17 0.00626 
];


DET1002E = [
 1.00000E-09  6.25000E-07  3.13000E-07
 6.25000E-07  1.00000E-01  5.00003E-02
 1.00000E-01  2.00000E+01  1.00500E+01
];
