
DET1001 = [
    1    1    1    1    1    1    1    1    1    1  4.67824E+18 0.00448 
    2    2    1    1    1    1    1    1    1    1  1.99704E+18 0.00530 
    3    3    1    1    1    1    1    1    1    1  3.36228E+17 0.01009 
];


DET1001E = [
 1.00000E-09  6.25000E-07  3.13000E-07
 6.25000E-07  1.00000E-01  5.00003E-02
 1.00000E-01  2.00000E+01  1.00500E+01
];

DET1002 = [
    1    1    1    1    1    1    1    1    1    1  1.01090E+17 0.00900 
    2    2    1    1    1    1    1    1    1    1  3.40840E+17 0.00546 
    3    3    1    1    1    1    1    1    1    1  1.91738E+17 0.00640 
];


DET1002E = [
 1.00000E-09  6.25000E-07  3.13000E-07
 6.25000E-07  1.00000E-01  5.00003E-02
 1.00000E-01  2.00000E+01  1.00500E+01
];
