
DET1001 = [
    1    1    1    1    1    1    1    1    1    1  4.54864E+18 0.00464 
    2    2    1    1    1    1    1    1    1    1  1.96036E+18 0.00516 
    3    3    1    1    1    1    1    1    1    1  3.29946E+17 0.01002 
];


DET1001E = [
 1.00000E-09  6.25000E-07  3.13000E-07
 6.25000E-07  1.00000E-01  5.00003E-02
 1.00000E-01  2.00000E+01  1.00500E+01
];

DET1002 = [
    1    1    1    1    1    1    1    1    1    1  1.00954E+17 0.00930 
    2    2    1    1    1    1    1    1    1    1  3.34219E+17 0.00506 
    3    3    1    1    1    1    1    1    1    1  1.89516E+17 0.00605 
];


DET1002E = [
 1.00000E-09  6.25000E-07  3.13000E-07
 6.25000E-07  1.00000E-01  5.00003E-02
 1.00000E-01  2.00000E+01  1.00500E+01
];
