
ZAI = [
10030
541350
922350
922380
942380
942390
942400
942410
942420
952410
952440
952450
666
0
];

NAMES = [
'H3              '
'Xe135           '
'U235            '
'U238            '
'Pu238           '
'Pu239           '
'Pu240           '
'Pu241           '
'Pu242           '
'Am241           '
'Am244           '
'Am245           '
'lost            '
'total           '
];

i10030  = 1; iH3               = 1;
i541350 = 2; iXe135            = 2;
i922350 = 3; iU235             = 3;
i922380 = 4; iU238             = 4;
i942380 = 5; iPu238            = 5;
i942390 = 6; iPu239            = 6;
i942400 = 7; iPu240            = 7;
i942410 = 8; iPu241            = 8;
i942420 = 9; iPu242            = 9;
i952410 = 10; iAm241            = 10;
i952440 = 11; iAm244            = 11;
i952450 = 12; iAm245            = 12;
iLOST    = 13;
iTOT     = 14;

MAT_uco_VOLUME = [ 2.80295E+04 2.80295E+04 2.80295E+04 2.80295E+04 ];

MAT_uco_BURNUP = [ 0.00000E+00 3.61977E-01 6.44318E+00 1.32483E+01 ];

MAT_uco_ADENS = [
0.00000E+00 1.14907E-13 1.81882E-12 3.26608E-12 % H3
0.00000E+00 3.75291E-08 3.78209E-08 3.77644E-08 % Xe135
4.31104E-03 4.29922E-03 4.10503E-03 3.89683E-03 % U235
2.06805E-02 2.06776E-02 2.06283E-02 2.05715E-02 % U238
0.00000E+00 1.28253E-13 2.66558E-09 2.50689E-08 % Pu238
0.00000E+00 1.32131E-06 4.31992E-05 8.06420E-05 % Pu239
0.00000E+00 3.87572E-09 2.13531E-06 7.64591E-06 % Pu240
0.00000E+00 1.93764E-11 2.13785E-07 1.57685E-06 % Pu241
0.00000E+00 1.47301E-14 3.22930E-09 5.09096E-08 % Pu242
0.00000E+00 2.88084E-15 6.13604E-10 9.41077E-09 % Am241
0.00000E+00 6.15607E-23 6.09310E-16 2.18546E-14 % Am244
0.00000E+00 1.17894E-26 1.06035E-19 3.84280E-18 % Am245
0.00000E+00 7.65135E-08 1.36848E-06 2.82403E-06 % lost data
7.04520E-02 7.04613E-02 7.06176E-02 7.07923E-02 % total
];

MAT_uco_MDENS = [
0.00000E+00 5.75391E-13 9.10761E-12 1.63547E-11 % H3
0.00000E+00 8.40733E-06 8.47272E-06 8.46006E-06 % Xe135
1.68262E+00 1.67801E+00 1.60222E+00 1.52096E+00 % U235
8.17497E+00 8.17384E+00 8.15435E+00 8.13188E+00 % U238
0.00000E+00 5.06981E-11 1.05370E-06 9.90966E-06 % Pu238
0.00000E+00 5.24510E-04 1.71485E-02 3.20118E-02 % Pu239
0.00000E+00 1.54496E-06 8.51191E-04 3.04786E-03 % Pu240
0.00000E+00 7.75595E-09 8.55733E-05 6.31178E-04 % Pu241
0.00000E+00 5.92081E-12 1.29803E-06 2.04633E-05 % Pu242
0.00000E+00 1.15317E-12 2.45620E-07 3.76704E-06 % Am241
0.00000E+00 2.49497E-20 2.46944E-13 8.85735E-12 % Am244
0.00000E+00 4.79767E-24 4.31508E-17 1.56382E-15 % Am245
0.00000E+00 0.00000E+00 0.00000E+00 0.00000E+00 % lost data
1.10000E+01 1.09999E+01 1.09991E+01 1.09981E+01 % total
];

MAT_uco_A = [
0.00000E+00 5.74213E+06 9.08897E+07 1.63212E+08 % H3
0.00000E+00 2.21595E+16 2.23318E+16 2.22985E+16 % Xe135
3.77005E+09 3.75972E+09 3.58989E+09 3.40782E+09 % U235
2.84961E+09 2.84921E+09 2.84242E+09 2.83459E+09 % U238
0.00000E+00 9.00338E+05 1.87124E+10 1.75984E+11 % Pu238
0.00000E+00 3.37400E+10 1.10310E+12 2.05921E+12 % Pu239
0.00000E+00 3.63680E+08 2.00368E+11 7.17458E+11 % Pu240
0.00000E+00 8.34792E+08 9.21047E+12 6.79353E+13 % Pu241
0.00000E+00 2.41832E+01 5.30173E+06 8.35812E+07 % Pu242
0.00000E+00 4.09987E+03 8.73251E+08 1.33929E+10 % Am241
0.00000E+00 3.28943E+01 3.25578E+08 1.16778E+10 % Am244
0.00000E+00 3.10367E-02 2.79147E+05 1.01165E+07 % Am245
0.00000E+00 0.00000E+00 0.00000E+00 0.00000E+00 % lost data
6.61965E+09 3.35674E+18 3.72561E+18 3.77898E+18 % total
];

MAT_uco_H = [
0.00000E+00 5.23475E-09 8.28585E-08 1.48791E-07 % H3
0.00000E+00 1.99771E+03 2.01325E+03 2.01024E+03 % Xe135
2.78616E-03 2.77853E-03 2.65302E-03 2.51847E-03 % U235
1.95191E-03 1.95164E-03 1.94698E-03 1.94162E-03 % U238
0.00000E+00 8.06151E-07 1.67548E-02 1.57573E-01 % Pu238
0.00000E+00 2.83330E-02 9.26325E-01 1.72921E+00 % Pu239
0.00000E+00 3.05968E-04 1.68572E-01 6.03605E-01 % Pu240
0.00000E+00 7.16237E-07 7.90243E-03 5.82873E-02 % Pu241
0.00000E+00 1.93033E-11 4.23190E-06 6.67154E-05 % Pu242
0.00000E+00 3.67587E-09 7.82940E-04 1.20079E-02 % Am241
0.00000E+00 5.84325E-12 5.78348E-05 2.07441E-03 % Am244
0.00000E+00 1.56590E-15 1.40839E-08 5.10413E-07 % Am245
0.00000E+00 0.00000E+00 0.00000E+00 0.00000E+00 % lost data
4.73807E-03 1.20157E+06 1.23387E+06 1.22743E+06 % total
];

MAT_uco_SF = [
0.00000E+00 0.00000E+00 0.00000E+00 0.00000E+00 % H3
0.00000E+00 0.00000E+00 0.00000E+00 0.00000E+00 % Xe135
2.71443E-01 2.70700E-01 2.58472E-01 2.45363E-01 % U235
1.55589E+05 1.55567E+05 1.55196E+05 1.54769E+05 % U238
0.00000E+00 1.67463E-03 3.48051E+01 3.27330E+02 % Pu238
0.00000E+00 1.04594E-01 3.41962E+00 6.38356E+00 % Pu239
0.00000E+00 2.07298E+01 1.14210E+04 4.08951E+04 % Pu240
0.00000E+00 0.00000E+00 0.00000E+00 0.00000E+00 % Pu241
0.00000E+00 1.33008E-04 2.91595E+01 4.59696E+02 % Pu242
0.00000E+00 1.76294E-08 3.75498E-03 5.75896E-02 % Am241
0.00000E+00 0.00000E+00 0.00000E+00 0.00000E+00 % Am244
0.00000E+00 0.00000E+00 0.00000E+00 0.00000E+00 % Am245
0.00000E+00 0.00000E+00 0.00000E+00 0.00000E+00 % lost data
1.55589E+05 1.55588E+05 1.68109E+05 2.41933E+05 % total
];

MAT_uco_ING_TOX = [
0.00000E+00 2.41170E-04 3.81737E-03 6.85492E-03 % H3
0.00000E+00 4.65349E+09 4.68968E+09 4.68268E+09 % Xe135
1.77192E+02 1.76707E+02 1.68725E+02 1.60167E+02 % U235
1.28232E+02 1.28215E+02 1.27909E+02 1.27556E+02 % U238
0.00000E+00 2.07078E-01 4.30385E+03 4.04762E+04 % Pu238
0.00000E+00 8.43500E+03 2.75776E+05 5.14803E+05 % Pu239
0.00000E+00 9.09201E+01 5.00921E+04 1.79364E+05 % Pu240
0.00000E+00 4.00700E+00 4.42103E+04 3.26089E+05 % Pu241
0.00000E+00 5.80397E-06 1.27242E+00 2.00595E+01 % Pu242
0.00000E+00 8.19973E-04 1.74650E+02 2.67859E+03 % Am241
0.00000E+00 1.51314E-08 1.49766E-01 5.37177E+00 % Am244
0.00000E+00 1.92427E-12 1.73071E-05 6.27225E-04 % Am245
0.00000E+00 0.00000E+00 0.00000E+00 0.00000E+00 % lost data
3.05424E+02 4.58211E+10 6.14022E+10 6.13340E+10 % total
];

MAT_uco_INH_TOX = [
0.00000E+00 1.49296E-03 2.36313E-02 4.24352E-02 % H3
0.00000E+00 2.43754E+09 2.45650E+09 2.45283E+09 % Xe135
3.20454E+04 3.19576E+04 3.05141E+04 2.89665E+04 % U235
2.27969E+04 2.27937E+04 2.27393E+04 2.26767E+04 % U238
0.00000E+00 9.90372E+01 2.05836E+06 1.93582E+07 % Pu238
0.00000E+00 4.04880E+06 1.32372E+08 2.47105E+08 % Pu239
0.00000E+00 4.36416E+04 2.40442E+07 8.60949E+07 % Pu240
0.00000E+00 1.92002E+03 2.11841E+07 1.56251E+08 % Pu241
0.00000E+00 2.66015E-03 5.83190E+02 9.19393E+03 % Pu242
0.00000E+00 3.93587E-01 8.38321E+04 1.28572E+06 % Am241
0.00000E+00 1.21709E-07 1.20464E+00 4.32077E+01 % Am244
0.00000E+00 1.73805E-12 1.56322E-05 5.66526E-04 % Am245
0.00000E+00 0.00000E+00 0.00000E+00 0.00000E+00 % lost data
5.48422E+04 4.44625E+10 5.94802E+10 6.13366E+10 % total
];

TOT_VOLUME = [ 2.80295E+04 2.80295E+04 2.80295E+04 2.80295E+04 ];

TOT_BURNUP = [ 0.00000E+00 3.61977E-01 6.44318E+00 1.32483E+01 ];

TOT_ADENS = [
0.00000E+00 1.14907E-13 1.81882E-12 3.26608E-12 % H3
0.00000E+00 3.75291E-08 3.78209E-08 3.77644E-08 % Xe135
4.31104E-03 4.29922E-03 4.10503E-03 3.89683E-03 % U235
2.06805E-02 2.06776E-02 2.06283E-02 2.05715E-02 % U238
0.00000E+00 1.28253E-13 2.66558E-09 2.50689E-08 % Pu238
0.00000E+00 1.32131E-06 4.31992E-05 8.06420E-05 % Pu239
0.00000E+00 3.87572E-09 2.13531E-06 7.64591E-06 % Pu240
0.00000E+00 1.93764E-11 2.13785E-07 1.57685E-06 % Pu241
0.00000E+00 1.47301E-14 3.22930E-09 5.09096E-08 % Pu242
0.00000E+00 2.88084E-15 6.13604E-10 9.41077E-09 % Am241
0.00000E+00 6.15607E-23 6.09310E-16 2.18546E-14 % Am244
0.00000E+00 1.17894E-26 1.06035E-19 3.84280E-18 % Am245
0.00000E+00 7.65135E-08 1.36848E-06 2.82403E-06 % lost data
7.04520E-02 7.04613E-02 7.06176E-02 7.07923E-02 % total
];

