
ZAI = [
10030
541350
922350
922380
942380
942390
942400
942410
942420
952410
952440
952450
666
0
];

NAMES = [
'H3              '
'Xe135           '
'U235            '
'U238            '
'Pu238           '
'Pu239           '
'Pu240           '
'Pu241           '
'Pu242           '
'Am241           '
'Am244           '
'Am245           '
'lost            '
'total           '
];

i10030  = 1; iH3               = 1;
i541350 = 2; iXe135            = 2;
i922350 = 3; iU235             = 3;
i922380 = 4; iU238             = 4;
i942380 = 5; iPu238            = 5;
i942390 = 6; iPu239            = 6;
i942400 = 7; iPu240            = 7;
i942410 = 8; iPu241            = 8;
i942420 = 9; iPu242            = 9;
i952410 = 10; iAm241            = 10;
i952440 = 11; iAm244            = 11;
i952450 = 12; iAm245            = 12;
iLOST    = 13;
iTOT     = 14;

MAT_uco_VOLUME = [ 2.71122E+04 2.71122E+04 2.71122E+04 2.71122E+04 ];

MAT_uco_BURNUP = [ 0.00000E+00 3.74224E-01 6.66113E+00 1.36965E+01 ];

MAT_uco_ADENS = [
0.00000E+00 1.15806E-13 1.83557E-12 3.30496E-12 % H3
0.00000E+00 3.80391E-08 3.83008E-08 3.81922E-08 % Xe135
4.31104E-03 4.29884E-03 4.09835E-03 3.88333E-03 % U235
2.06805E-02 2.06776E-02 2.06283E-02 2.05716E-02 % U238
0.00000E+00 1.38608E-13 2.82946E-09 2.65621E-08 % Pu238
0.00000E+00 1.31944E-06 4.29712E-05 7.97379E-05 % Pu239
0.00000E+00 3.99172E-09 2.19796E-06 7.84500E-06 % Pu240
0.00000E+00 2.02548E-11 2.25038E-07 1.63929E-06 % Pu241
0.00000E+00 1.59750E-14 3.52152E-09 5.49245E-08 % Pu242
0.00000E+00 3.00843E-15 6.45854E-10 9.79090E-09 % Am241
0.00000E+00 6.87854E-23 6.87588E-16 2.47393E-14 % Am244
0.00000E+00 1.36246E-26 1.23496E-19 4.48204E-18 % Am245
0.00000E+00 7.91002E-08 1.41463E-06 2.91935E-06 % lost data
7.04520E-02 7.04616E-02 7.06232E-02 7.08038E-02 % total
];

MAT_uco_MDENS = [
0.00000E+00 5.79890E-13 9.19150E-12 1.65494E-11 % H3
0.00000E+00 8.52159E-06 8.58022E-06 8.55590E-06 % Xe135
1.68262E+00 1.67786E+00 1.59961E+00 1.51569E+00 % U235
8.17497E+00 8.17384E+00 8.15436E+00 8.13195E+00 % U238
0.00000E+00 5.47915E-11 1.11848E-06 1.04999E-05 % Pu238
0.00000E+00 5.23768E-04 1.70579E-02 3.16529E-02 % Pu239
0.00000E+00 1.59120E-06 8.76165E-04 3.12722E-03 % Pu240
0.00000E+00 8.10754E-09 9.00778E-05 6.56170E-04 % Pu241
0.00000E+00 6.42122E-12 1.41549E-06 2.20771E-05 % Pu242
0.00000E+00 1.20425E-12 2.58529E-07 3.91921E-06 % Am241
0.00000E+00 2.78777E-20 2.78670E-13 1.00265E-11 % Am244
0.00000E+00 5.54452E-24 5.02566E-17 1.82396E-15 % Am245
0.00000E+00 0.00000E+00 0.00000E+00 0.00000E+00 % lost data
1.10000E+01 1.09999E+01 1.09990E+01 1.09980E+01 % total
];

MAT_uco_A = [
0.00000E+00 5.59764E+06 8.87251E+07 1.59750E+08 % H3
0.00000E+00 2.17256E+16 2.18751E+16 2.18131E+16 % Xe135
3.64667E+09 3.63635E+09 3.46676E+09 3.28488E+09 % U235
2.75635E+09 2.75597E+09 2.74940E+09 2.74185E+09 % U238
0.00000E+00 9.41188E+05 1.92128E+10 1.80363E+11 % Pu238
0.00000E+00 3.25896E+10 1.06137E+12 1.96949E+12 % Pu239
0.00000E+00 3.62307E+08 1.99497E+11 7.12049E+11 % Pu240
0.00000E+00 8.44076E+08 9.37800E+12 6.83139E+13 % Pu241
0.00000E+00 2.53688E+01 5.59228E+06 8.72217E+07 % Pu242
0.00000E+00 4.14133E+03 8.89066E+08 1.34779E+10 % Am241
0.00000E+00 3.55519E+01 3.55381E+08 1.27865E+10 % Am244
0.00000E+00 3.46943E-02 3.14476E+05 1.14133E+07 % Am245
0.00000E+00 0.00000E+00 0.00000E+00 0.00000E+00 % lost data
6.40302E+09 3.34519E+18 3.70980E+18 3.76167E+18 % total
];

MAT_uco_H = [
0.00000E+00 5.10303E-09 8.08852E-08 1.45634E-07 % H3
0.00000E+00 1.95860E+03 1.97207E+03 1.96648E+03 % Xe135
2.69498E-03 2.68736E-03 2.56203E-03 2.42761E-03 % U235
1.88803E-03 1.88777E-03 1.88327E-03 1.87809E-03 % U238
0.00000E+00 8.42727E-07 1.72029E-02 1.61495E-01 % Pu238
0.00000E+00 2.73670E-02 8.91280E-01 1.65387E+00 % Pu239
0.00000E+00 3.04813E-04 1.67839E-01 5.99054E-01 % Pu240
0.00000E+00 7.24203E-07 8.04617E-03 5.86122E-02 % Pu241
0.00000E+00 2.02496E-11 4.46382E-06 6.96213E-05 % Pu242
0.00000E+00 3.71304E-09 7.97121E-04 1.20841E-02 % Am241
0.00000E+00 6.31534E-12 6.31290E-05 2.27137E-03 % Am244
0.00000E+00 1.75044E-15 1.58663E-08 5.75836E-07 % Am245
0.00000E+00 0.00000E+00 0.00000E+00 0.00000E+00 % lost data
4.58301E-03 1.20068E+06 1.23186E+06 1.22524E+06 % total
];

MAT_uco_SF = [
0.00000E+00 0.00000E+00 0.00000E+00 0.00000E+00 % H3
0.00000E+00 0.00000E+00 0.00000E+00 0.00000E+00 % Xe135
2.62560E-01 2.61817E-01 2.49607E-01 2.36511E-01 % U235
1.50497E+05 1.50476E+05 1.50117E+05 1.49705E+05 % U238
0.00000E+00 1.75061E-03 3.57358E+01 3.35476E+02 % Pu238
0.00000E+00 1.01028E-01 3.29025E+00 6.10542E+00 % Pu239
0.00000E+00 2.06515E+01 1.13714E+04 4.05868E+04 % Pu240
0.00000E+00 0.00000E+00 0.00000E+00 0.00000E+00 % Pu241
0.00000E+00 1.39528E-04 3.07575E+01 4.79720E+02 % Pu242
0.00000E+00 1.78077E-08 3.82299E-03 5.79550E-02 % Am241
0.00000E+00 0.00000E+00 0.00000E+00 0.00000E+00 % Am244
0.00000E+00 0.00000E+00 0.00000E+00 0.00000E+00 % Am245
0.00000E+00 0.00000E+00 0.00000E+00 0.00000E+00 % lost data
1.50497E+05 1.50497E+05 1.63054E+05 2.38497E+05 % total
];

MAT_uco_ING_TOX = [
0.00000E+00 2.35101E-04 3.72645E-03 6.70951E-03 % H3
0.00000E+00 4.56237E+09 4.59377E+09 4.58074E+09 % Xe135
1.71393E+02 1.70908E+02 1.62938E+02 1.54389E+02 % U235
1.24036E+02 1.24019E+02 1.23723E+02 1.23383E+02 % U238
0.00000E+00 2.16473E-01 4.41894E+03 4.14836E+04 % Pu238
0.00000E+00 8.14741E+03 2.65343E+05 4.92373E+05 % Pu239
0.00000E+00 9.05769E+01 4.98744E+04 1.78012E+05 % Pu240
0.00000E+00 4.05157E+00 4.50144E+04 3.27907E+05 % Pu241
0.00000E+00 6.08851E-06 1.34215E+00 2.09332E+01 % Pu242
0.00000E+00 8.28266E-04 1.77813E+02 2.69558E+03 % Am241
0.00000E+00 1.63539E-08 1.63475E-01 5.88181E+00 % Am244
0.00000E+00 2.15105E-12 1.94975E-05 7.07622E-04 % Am245
0.00000E+00 0.00000E+00 0.00000E+00 0.00000E+00 % lost data
2.95429E+02 4.57227E+10 6.12507E+10 6.11667E+10 % total
];

MAT_uco_INH_TOX = [
0.00000E+00 1.45539E-03 2.30685E-02 4.15351E-02 % H3
0.00000E+00 2.38982E+09 2.40626E+09 2.39944E+09 % Xe135
3.09967E+04 3.09090E+04 2.94675E+04 2.79214E+04 % U235
2.20508E+04 2.20478E+04 2.19952E+04 2.19348E+04 % U238
0.00000E+00 1.03531E+02 2.11341E+06 1.98400E+07 % Pu238
0.00000E+00 3.91076E+06 1.27364E+08 2.36339E+08 % Pu239
0.00000E+00 4.34769E+04 2.39397E+07 8.54459E+07 % Pu240
0.00000E+00 1.94138E+03 2.15694E+07 1.57122E+08 % Pu241
0.00000E+00 2.79057E-03 6.15151E+02 9.59439E+03 % Pu242
0.00000E+00 3.97568E-01 8.53504E+04 1.29388E+06 % Am241
0.00000E+00 1.31542E-07 1.31491E+00 4.73102E+01 % Am244
0.00000E+00 1.94288E-12 1.76106E-05 6.39142E-04 % Am245
0.00000E+00 0.00000E+00 0.00000E+00 0.00000E+00 % lost data
5.30475E+04 4.44047E+10 5.93676E+10 6.12044E+10 % total
];

TOT_VOLUME = [ 2.71122E+04 2.71122E+04 2.71122E+04 2.71122E+04 ];

TOT_BURNUP = [ 0.00000E+00 3.74224E-01 6.66113E+00 1.36965E+01 ];

TOT_ADENS = [
0.00000E+00 1.15806E-13 1.83557E-12 3.30496E-12 % H3
0.00000E+00 3.80391E-08 3.83008E-08 3.81922E-08 % Xe135
4.31104E-03 4.29884E-03 4.09835E-03 3.88333E-03 % U235
2.06805E-02 2.06776E-02 2.06283E-02 2.05716E-02 % U238
0.00000E+00 1.38608E-13 2.82946E-09 2.65621E-08 % Pu238
0.00000E+00 1.31944E-06 4.29712E-05 7.97379E-05 % Pu239
0.00000E+00 3.99172E-09 2.19796E-06 7.84500E-06 % Pu240
0.00000E+00 2.02548E-11 2.25038E-07 1.63929E-06 % Pu241
0.00000E+00 1.59750E-14 3.52152E-09 5.49245E-08 % Pu242
0.00000E+00 3.00843E-15 6.45854E-10 9.79090E-09 % Am241
0.00000E+00 6.87854E-23 6.87588E-16 2.47393E-14 % Am244
0.00000E+00 1.36246E-26 1.23496E-19 4.48204E-18 % Am245
0.00000E+00 7.91002E-08 1.41463E-06 2.91935E-06 % lost data
7.04520E-02 7.04616E-02 7.06232E-02 7.08038E-02 % total
];

