
DET1001 = [
    1    1    1    1    1    1    1    1    1    1  4.70948E+18 0.00454 
    2    2    1    1    1    1    1    1    1    1  1.99937E+18 0.00531 
    3    3    1    1    1    1    1    1    1    1  3.31852E+17 0.01060 
];


DET1001E = [
 1.00000E-09  6.25000E-07  3.13000E-07
 6.25000E-07  1.00000E-01  5.00003E-02
 1.00000E-01  2.00000E+01  1.00500E+01
];

DET1002 = [
    1    1    1    1    1    1    1    1    1    1  1.05282E+17 0.00930 
    2    2    1    1    1    1    1    1    1    1  3.39746E+17 0.00536 
    3    3    1    1    1    1    1    1    1    1  1.91239E+17 0.00676 
];


DET1002E = [
 1.00000E-09  6.25000E-07  3.13000E-07
 6.25000E-07  1.00000E-01  5.00003E-02
 1.00000E-01  2.00000E+01  1.00500E+01
];
