
DET1001 = [
    1    1    1    1    1    1    1    1    1    1  4.62772E+18 0.00451 
    2    2    1    1    1    1    1    1    1    1  1.94793E+18 0.00500 
    3    3    1    1    1    1    1    1    1    1  3.31337E+17 0.01006 
];


DET1001E = [
 1.00000E-09  6.25000E-07  3.13000E-07
 6.25000E-07  1.00000E-01  5.00003E-02
 1.00000E-01  2.00000E+01  1.00500E+01
];

DET1002 = [
    1    1    1    1    1    1    1    1    1    1  1.05810E+17 0.00880 
    2    2    1    1    1    1    1    1    1    1  3.30131E+17 0.00526 
    3    3    1    1    1    1    1    1    1    1  1.86799E+17 0.00645 
];


DET1002E = [
 1.00000E-09  6.25000E-07  3.13000E-07
 6.25000E-07  1.00000E-01  5.00003E-02
 1.00000E-01  2.00000E+01  1.00500E+01
];
