
DET1001 = [
    1    1    1    1    1    1    1    1    1    1  4.84972E+18 0.00441 
    2    2    1    1    1    1    1    1    1    1  2.07868E+18 0.00552 
    3    3    1    1    1    1    1    1    1    1  3.46161E+17 0.01066 
];


DET1001E = [
 1.00000E-09  6.25000E-07  3.13000E-07
 6.25000E-07  1.00000E-01  5.00003E-02
 1.00000E-01  2.00000E+01  1.00500E+01
];

DET1002 = [
    1    1    1    1    1    1    1    1    1    1  1.03663E+17 0.00933 
    2    2    1    1    1    1    1    1    1    1  3.63981E+17 0.00509 
    3    3    1    1    1    1    1    1    1    1  2.06801E+17 0.00651 
];


DET1002E = [
 1.00000E-09  6.25000E-07  3.13000E-07
 6.25000E-07  1.00000E-01  5.00003E-02
 1.00000E-01  2.00000E+01  1.00500E+01
];
