
ZAI = [
10030
541350
922350
922380
942380
942390
942400
942410
942420
952410
952440
952450
666
0
];

NAMES = [
'H3              '
'Xe135           '
'U235            '
'U238            '
'Pu238           '
'Pu239           '
'Pu240           '
'Pu241           '
'Pu242           '
'Am241           '
'Am244           '
'Am245           '
'lost            '
'total           '
];

i10030  = 1; iH3               = 1;
i541350 = 2; iXe135            = 2;
i922350 = 3; iU235             = 3;
i922380 = 4; iU238             = 4;
i942380 = 5; iPu238            = 5;
i942390 = 6; iPu239            = 6;
i942400 = 7; iPu240            = 7;
i942410 = 8; iPu241            = 8;
i942420 = 9; iPu242            = 9;
i952410 = 10; iAm241            = 10;
i952440 = 11; iAm244            = 11;
i952450 = 12; iAm245            = 12;
iLOST    = 13;
iTOT     = 14;

MAT_uco_VOLUME = [ 2.61710E+04 2.61710E+04 2.61710E+04 2.61710E+04 ];

MAT_uco_BURNUP = [ 0.00000E+00 3.87666E-01 6.90048E+00 1.41887E+01 ];

MAT_uco_ADENS = [
0.00000E+00 9.50370E-14 1.47018E-12 2.56241E-12 % H3
0.00000E+00 3.48561E-08 3.51699E-08 3.50612E-08 % Xe135
3.74777E-03 3.73525E-03 3.53057E-03 3.31318E-03 % U235
2.12374E-02 2.12342E-02 2.11804E-02 2.11183E-02 % U238
0.00000E+00 1.17969E-13 2.69456E-09 2.56217E-08 % Pu238
0.00000E+00 1.44588E-06 4.59928E-05 8.35173E-05 % Pu239
0.00000E+00 4.99110E-09 2.80633E-06 9.89126E-06 % Pu240
0.00000E+00 2.46301E-11 2.80839E-07 2.01836E-06 % Pu241
0.00000E+00 2.23266E-14 5.11596E-09 7.91478E-08 % Pu242
0.00000E+00 3.63024E-15 8.04497E-10 1.20129E-08 % Am241
0.00000E+00 8.44049E-23 8.86509E-16 3.12614E-14 % Am244
0.00000E+00 1.86157E-26 1.77814E-19 6.28096E-18 % Am245
0.00000E+00 8.19105E-08 1.46698E-06 3.02920E-06 % lost data
7.04339E-02 7.04439E-02 7.06114E-02 7.07985E-02 % total
];

MAT_uco_MDENS = [
0.00000E+00 4.75892E-13 7.36184E-12 1.28311E-11 % H3
0.00000E+00 7.80853E-06 7.87883E-06 7.85447E-06 % Xe135
1.46278E+00 1.45789E+00 1.37800E+00 1.29315E+00 % U235
8.39511E+00 8.39388E+00 8.37260E+00 8.34805E+00 % U238
0.00000E+00 4.66330E-11 1.06515E-06 1.01282E-05 % Pu238
0.00000E+00 5.73958E-04 1.82574E-02 3.31532E-02 % Pu239
0.00000E+00 1.98958E-06 1.11868E-03 3.94291E-03 % Pu240
0.00000E+00 9.85888E-09 1.12413E-04 8.07903E-04 % Pu241
0.00000E+00 8.97427E-12 2.05638E-06 3.18138E-05 % Pu242
0.00000E+00 1.45315E-12 3.22033E-07 4.80866E-06 % Am241
0.00000E+00 3.42081E-20 3.59289E-13 1.26698E-11 % Am244
0.00000E+00 7.57563E-24 7.23614E-17 2.55603E-15 % Am245
0.00000E+00 0.00000E+00 0.00000E+00 0.00000E+00 % lost data
1.10000E+01 1.09999E+01 1.09990E+01 1.09980E+01 % total
];

MAT_uco_A = [
0.00000E+00 4.43428E+06 6.85964E+07 1.19558E+08 % H3
0.00000E+00 1.92166E+16 1.93896E+16 1.93296E+16 % Xe135
3.06014E+09 3.04992E+09 2.88280E+09 2.70529E+09 % U235
2.73231E+09 2.73191E+09 2.72498E+09 2.71699E+09 % U238
0.00000E+00 7.73235E+05 1.76616E+10 1.67938E+11 % Pu238
0.00000E+00 3.44727E+10 1.09656E+12 1.99123E+12 % Pu239
0.00000E+00 4.37289E+08 2.45873E+11 8.66609E+11 % Pu240
0.00000E+00 9.90776E+08 1.12971E+13 8.11909E+13 % Pu241
0.00000E+00 3.42244E+01 7.84225E+06 1.21326E+08 % Pu242
0.00000E+00 4.82382E+03 1.06900E+09 1.59626E+10 % Am241
0.00000E+00 4.21103E+01 4.42287E+08 1.55966E+10 % Am244
0.00000E+00 4.57580E-02 4.37075E+05 1.54388E+07 % Am245
0.00000E+00 0.00000E+00 0.00000E+00 0.00000E+00 % lost data
5.79245E+09 3.36007E+18 3.72861E+18 3.77480E+18 % total
];

MAT_uco_H = [
0.00000E+00 4.04246E-09 6.25351E-08 1.08994E-07 % H3
0.00000E+00 1.73240E+03 1.74800E+03 1.74260E+03 % Xe135
2.26153E-03 2.25397E-03 2.13046E-03 1.99928E-03 % U235
1.87156E-03 1.87129E-03 1.86654E-03 1.86107E-03 % U238
0.00000E+00 6.92344E-07 1.58139E-02 1.50369E-01 % Pu238
0.00000E+00 2.89483E-02 9.20834E-01 1.67212E+00 % Pu239
0.00000E+00 3.67896E-04 2.06855E-01 7.29087E-01 % Pu240
0.00000E+00 8.50069E-07 9.69270E-03 6.96604E-02 % Pu241
0.00000E+00 2.73183E-11 6.25977E-06 9.68433E-05 % Pu242
0.00000E+00 4.32494E-09 9.58450E-04 1.43118E-02 % Am241
0.00000E+00 7.48037E-12 7.85668E-05 2.77054E-03 % Am244
0.00000E+00 2.30864E-15 2.20519E-08 7.78940E-07 % Am245
0.00000E+00 0.00000E+00 0.00000E+00 0.00000E+00 % lost data
4.13309E-03 1.20123E+06 1.23189E+06 1.22176E+06 % total
];

MAT_uco_SF = [
0.00000E+00 0.00000E+00 0.00000E+00 0.00000E+00 % H3
0.00000E+00 0.00000E+00 0.00000E+00 0.00000E+00 % Xe135
2.20330E-01 2.19594E-01 2.07561E-01 1.94781E-01 % U235
1.49184E+05 1.49162E+05 1.48784E+05 1.48348E+05 % U238
0.00000E+00 1.43822E-03 3.28505E+01 3.12365E+02 % Pu238
0.00000E+00 1.06865E-01 3.39935E+00 6.17281E+00 % Pu239
0.00000E+00 2.49255E+01 1.40148E+04 4.93967E+04 % Pu240
0.00000E+00 0.00000E+00 0.00000E+00 0.00000E+00 % Pu241
0.00000E+00 1.88234E-04 4.31324E+01 6.67290E+02 % Pu242
0.00000E+00 2.07424E-08 4.59672E-03 6.86391E-02 % Am241
0.00000E+00 0.00000E+00 0.00000E+00 0.00000E+00 % Am244
0.00000E+00 0.00000E+00 0.00000E+00 0.00000E+00 % Am245
0.00000E+00 0.00000E+00 0.00000E+00 0.00000E+00 % lost data
1.49184E+05 1.49187E+05 1.64875E+05 2.61222E+05 % total
];

MAT_uco_ING_TOX = [
0.00000E+00 1.86240E-04 2.88105E-03 5.02144E-03 % H3
0.00000E+00 4.03548E+09 4.07181E+09 4.05922E+09 % Xe135
1.43827E+02 1.43346E+02 1.35492E+02 1.27149E+02 % U235
1.22954E+02 1.22936E+02 1.22624E+02 1.22265E+02 % U238
0.00000E+00 1.77844E-01 4.06216E+03 3.86258E+04 % Pu238
0.00000E+00 8.61818E+03 2.74141E+05 4.97807E+05 % Pu239
0.00000E+00 1.09322E+02 6.14682E+04 2.16652E+05 % Pu240
0.00000E+00 4.75573E+00 5.42259E+04 3.89716E+05 % Pu241
0.00000E+00 8.21387E-06 1.88214E+00 2.91181E+01 % Pu242
0.00000E+00 9.64763E-04 2.13801E+02 3.19252E+03 % Am241
0.00000E+00 1.93708E-08 2.03452E-01 7.17444E+00 % Am244
0.00000E+00 2.83700E-12 2.70986E-05 9.57208E-04 % Am245
0.00000E+00 0.00000E+00 0.00000E+00 0.00000E+00 % lost data
2.66781E+02 4.51803E+10 6.07905E+10 6.06214E+10 % total
];

MAT_uco_INH_TOX = [
0.00000E+00 1.15291E-03 1.78351E-02 3.10851E-02 % H3
0.00000E+00 2.11382E+09 2.13285E+09 2.12626E+09 % Xe135
2.60112E+04 2.59243E+04 2.45038E+04 2.29950E+04 % U235
2.18585E+04 2.18553E+04 2.17999E+04 2.17359E+04 % U238
0.00000E+00 8.50558E+01 1.94277E+06 1.84732E+07 % Pu238
0.00000E+00 4.13673E+06 1.31588E+08 2.38947E+08 % Pu239
0.00000E+00 5.24746E+04 2.95047E+07 1.03993E+08 % Pu240
0.00000E+00 2.27879E+03 2.59833E+07 1.86739E+08 % Pu241
0.00000E+00 3.76469E-03 8.62648E+02 1.33458E+04 % Pu242
0.00000E+00 4.63086E-01 1.02624E+05 1.53241E+06 % Am241
0.00000E+00 1.55808E-07 1.63646E+00 5.77074E+01 % Am244
0.00000E+00 2.56245E-12 2.44762E-05 8.64575E-04 % Am245
0.00000E+00 0.00000E+00 0.00000E+00 0.00000E+00 % lost data
4.78697E+04 4.41010E+10 5.91961E+10 6.10082E+10 % total
];

TOT_VOLUME = [ 2.61710E+04 2.61710E+04 2.61710E+04 2.61710E+04 ];

TOT_BURNUP = [ 0.00000E+00 3.87666E-01 6.90048E+00 1.41887E+01 ];

TOT_ADENS = [
0.00000E+00 9.50370E-14 1.47018E-12 2.56241E-12 % H3
0.00000E+00 3.48561E-08 3.51699E-08 3.50612E-08 % Xe135
3.74777E-03 3.73525E-03 3.53057E-03 3.31318E-03 % U235
2.12374E-02 2.12342E-02 2.11804E-02 2.11183E-02 % U238
0.00000E+00 1.17969E-13 2.69456E-09 2.56217E-08 % Pu238
0.00000E+00 1.44588E-06 4.59928E-05 8.35173E-05 % Pu239
0.00000E+00 4.99110E-09 2.80633E-06 9.89126E-06 % Pu240
0.00000E+00 2.46301E-11 2.80839E-07 2.01836E-06 % Pu241
0.00000E+00 2.23266E-14 5.11596E-09 7.91478E-08 % Pu242
0.00000E+00 3.63024E-15 8.04497E-10 1.20129E-08 % Am241
0.00000E+00 8.44049E-23 8.86509E-16 3.12614E-14 % Am244
0.00000E+00 1.86157E-26 1.77814E-19 6.28096E-18 % Am245
0.00000E+00 8.19105E-08 1.46698E-06 3.02920E-06 % lost data
7.04339E-02 7.04439E-02 7.06114E-02 7.07985E-02 % total
];

