
DET1001 = [
    1    1    1    1    1    1    1    1    1    1  5.12848E+18 0.00451 
    2    2    1    1    1    1    1    1    1    1  1.94494E+18 0.00584 
    3    3    1    1    1    1    1    1    1    1  2.02206E+17 0.01078 
];


DET1001E = [
 1.00000E-09  6.25000E-07  3.13000E-07
 6.25000E-07  1.00000E-01  5.00003E-02
 1.00000E-01  2.00000E+01  1.00500E+01
];

DET1002 = [
    1    1    1    1    1    1    1    1    1    1  1.56417E+17 0.00756 
    2    2    1    1    1    1    1    1    1    1  3.83870E+17 0.00486 
    3    3    1    1    1    1    1    1    1    1  1.83703E+17 0.00647 
];


DET1002E = [
 1.00000E-09  6.25000E-07  3.13000E-07
 6.25000E-07  1.00000E-01  5.00003E-02
 1.00000E-01  2.00000E+01  1.00500E+01
];
