
DET1001 = [
    1    1    1    1    1    1    1    1    1    1  5.18336E+18 0.00437 
    2    2    1    1    1    1    1    1    1    1  1.99346E+18 0.00543 
    3    3    1    1    1    1    1    1    1    1  2.04299E+17 0.01156 
];


DET1001E = [
 1.00000E-09  6.25000E-07  3.13000E-07
 6.25000E-07  1.00000E-01  5.00003E-02
 1.00000E-01  2.00000E+01  1.00500E+01
];

DET1002 = [
    1    1    1    1    1    1    1    1    1    1  1.57252E+17 0.00756 
    2    2    1    1    1    1    1    1    1    1  3.98862E+17 0.00506 
    3    3    1    1    1    1    1    1    1    1  1.90227E+17 0.00625 
];


DET1002E = [
 1.00000E-09  6.25000E-07  3.13000E-07
 6.25000E-07  1.00000E-01  5.00003E-02
 1.00000E-01  2.00000E+01  1.00500E+01
];
