
DET1001 = [
    1    1    1    1    1    1    1    1    1    1  5.27876E+18 0.00449 
    2    2    1    1    1    1    1    1    1    1  2.02174E+18 0.00597 
    3    3    1    1    1    1    1    1    1    1  2.11147E+17 0.01114 
];


DET1001E = [
 1.00000E-09  6.25000E-07  3.13000E-07
 6.25000E-07  1.00000E-01  5.00003E-02
 1.00000E-01  2.00000E+01  1.00500E+01
];

DET1002 = [
    1    1    1    1    1    1    1    1    1    1  1.59890E+17 0.00705 
    2    2    1    1    1    1    1    1    1    1  4.12151E+17 0.00495 
    3    3    1    1    1    1    1    1    1    1  1.98025E+17 0.00640 
];


DET1002E = [
 1.00000E-09  6.25000E-07  3.13000E-07
 6.25000E-07  1.00000E-01  5.00003E-02
 1.00000E-01  2.00000E+01  1.00500E+01
];
