
ZAI = [
10030
541350
922350
922380
942380
942390
942400
942410
942420
952410
952440
952450
666
0
];

NAMES = [
'H3              '
'Xe135           '
'U235            '
'U238            '
'Pu238           '
'Pu239           '
'Pu240           '
'Pu241           '
'Pu242           '
'Am241           '
'Am244           '
'Am245           '
'lost            '
'total           '
];

i10030  = 1; iH3               = 1;
i541350 = 2; iXe135            = 2;
i922350 = 3; iU235             = 3;
i922380 = 4; iU238             = 4;
i942380 = 5; iPu238            = 5;
i942390 = 6; iPu239            = 6;
i942400 = 7; iPu240            = 7;
i942410 = 8; iPu241            = 8;
i942420 = 9; iPu242            = 9;
i952410 = 10; iAm241            = 10;
i952440 = 11; iAm244            = 11;
i952450 = 12; iAm245            = 12;
iLOST    = 13;
iTOT     = 14;

MAT_uco_VOLUME = [ 1.77016E+04 1.77016E+04 1.77016E+04 1.77016E+04 ];

MAT_uco_BURNUP = [ 0.00000E+00 5.73149E-01 1.02023E+01 2.09777E+01 ];

MAT_uco_ADENS = [
0.00000E+00 9.84950E-14 1.43831E-12 2.39834E-12 % H3
0.00000E+00 4.29909E-08 4.26906E-08 4.17578E-08 % Xe135
4.31104E-03 4.29268E-03 3.99261E-03 3.67359E-03 % U235
2.06805E-02 2.06769E-02 2.06157E-02 2.05447E-02 % U238
0.00000E+00 1.44853E-13 4.34308E-09 4.27332E-08 % Pu238
0.00000E+00 1.63257E-06 4.98406E-05 8.61792E-05 % Pu239
0.00000E+00 7.14227E-09 4.04347E-06 1.39251E-05 % Pu240
0.00000E+00 3.73204E-11 4.29505E-07 2.94374E-06 % Pu241
0.00000E+00 4.48646E-14 1.06540E-08 1.61890E-07 % Pu242
0.00000E+00 5.45497E-15 1.22602E-09 1.73052E-08 % Am241
0.00000E+00 1.87466E-22 2.05145E-15 7.35004E-14 % Am244
0.00000E+00 5.46607E-26 5.44573E-19 2.00641E-17 % Am245
0.00000E+00 1.21083E-07 2.16805E-06 4.47551E-06 % lost data
7.04520E-02 7.04667E-02 7.07143E-02 7.09907E-02 % total
];

MAT_uco_MDENS = [
0.00000E+00 4.93207E-13 7.20225E-12 1.20095E-11 % H3
0.00000E+00 9.63089E-06 9.56362E-06 9.35466E-06 % Xe135
1.68262E+00 1.67546E+00 1.55834E+00 1.43382E+00 % U235
8.17497E+00 8.17358E+00 8.14938E+00 8.12130E+00 % U238
0.00000E+00 5.72598E-11 1.71681E-06 1.68923E-05 % Pu238
0.00000E+00 6.48068E-04 1.97848E-02 3.42099E-02 % Pu239
0.00000E+00 2.84709E-06 1.61183E-03 5.55091E-03 % Pu240
0.00000E+00 1.49385E-08 1.71921E-04 1.17831E-03 % Pu241
0.00000E+00 1.80335E-11 4.28243E-06 6.50725E-05 % Pu242
0.00000E+00 2.18357E-12 4.90765E-07 6.92710E-06 % Am241
0.00000E+00 7.59773E-20 8.31422E-13 2.97886E-11 % Am244
0.00000E+00 2.22441E-23 2.21613E-16 8.16506E-15 % Am245
0.00000E+00 0.00000E+00 0.00000E+00 0.00000E+00 % lost data
1.10000E+01 1.09999E+01 1.09985E+01 1.09969E+01 % total
];

MAT_uco_A = [
0.00000E+00 3.10841E+06 4.53917E+07 7.56893E+07 % H3
0.00000E+00 1.60312E+16 1.59192E+16 1.55714E+16 % Xe135
2.38092E+09 2.37078E+09 2.20506E+09 2.02887E+09 % U235
1.79963E+09 1.79932E+09 1.79399E+09 1.78781E+09 % U238
0.00000E+00 6.42186E+05 1.92545E+10 1.89452E+11 % Pu238
0.00000E+00 2.63275E+10 8.03750E+11 1.38976E+12 % Pu239
0.00000E+00 4.23254E+08 2.39618E+11 8.25210E+11 % Pu240
0.00000E+00 1.01543E+09 1.16861E+13 8.00944E+13 % Pu241
0.00000E+00 4.65169E+01 1.10464E+07 1.67853E+08 % Pu242
0.00000E+00 4.90276E+03 1.10191E+09 1.55534E+10 % Am241
0.00000E+00 6.32612E+01 6.92270E+08 2.48030E+10 % Am244
0.00000E+00 9.08776E-02 9.05395E+05 3.33581E+07 % Am245
0.00000E+00 0.00000E+00 0.00000E+00 0.00000E+00 % lost data
4.18055E+09 3.27726E+18 3.60612E+18 3.64270E+18 % total
];

MAT_uco_H = [
0.00000E+00 2.83374E-09 4.13808E-08 6.90013E-08 % H3
0.00000E+00 1.44524E+03 1.43514E+03 1.40379E+03 % Xe135
1.75956E-03 1.75207E-03 1.62960E-03 1.49939E-03 % U235
1.23270E-03 1.23249E-03 1.22884E-03 1.22461E-03 % U238
0.00000E+00 5.75005E-07 1.72402E-02 1.69633E-01 % Pu238
0.00000E+00 2.21084E-02 6.74945E-01 1.16704E+00 % Pu239
0.00000E+00 3.56088E-04 2.01593E-01 6.94258E-01 % Pu240
0.00000E+00 8.71219E-07 1.00265E-02 6.87197E-02 % Pu241
0.00000E+00 3.71303E-11 8.81735E-06 1.33982E-04 % Pu242
0.00000E+00 4.39572E-09 9.87954E-04 1.39449E-02 % Am241
0.00000E+00 1.12376E-11 1.22973E-04 4.40594E-03 % Am244
0.00000E+00 4.58508E-15 4.56802E-08 1.68303E-06 % Am245
0.00000E+00 0.00000E+00 0.00000E+00 0.00000E+00 % lost data
2.99226E-03 1.19450E+06 1.21357E+06 1.20063E+06 % total
];

MAT_uco_SF = [
0.00000E+00 0.00000E+00 0.00000E+00 0.00000E+00 % H3
0.00000E+00 0.00000E+00 0.00000E+00 0.00000E+00 % Xe135
1.71426E-01 1.70696E-01 1.58764E-01 1.46078E-01 % U235
9.82597E+04 9.82430E+04 9.79521E+04 9.76146E+04 % U238
0.00000E+00 1.19447E-03 3.58134E+01 3.52382E+02 % Pu238
0.00000E+00 8.16152E-02 2.49163E+00 4.30826E+00 % Pu239
0.00000E+00 2.41255E+01 1.36582E+04 4.70370E+04 % Pu240
0.00000E+00 0.00000E+00 0.00000E+00 0.00000E+00 % Pu241
0.00000E+00 2.55843E-04 6.07552E+01 9.23189E+02 % Pu242
0.00000E+00 2.10819E-08 4.73822E-03 6.68794E-02 % Am241
0.00000E+00 0.00000E+00 0.00000E+00 0.00000E+00 % Am244
0.00000E+00 0.00000E+00 0.00000E+00 0.00000E+00 % Am245
0.00000E+00 0.00000E+00 0.00000E+00 0.00000E+00 % lost data
9.82599E+04 9.82674E+04 1.14387E+05 2.27723E+05 % total
];

MAT_uco_ING_TOX = [
0.00000E+00 1.30553E-04 1.90645E-03 3.17895E-03 % H3
0.00000E+00 3.36655E+09 3.34303E+09 3.26999E+09 % Xe135
1.11903E+02 1.11427E+02 1.03638E+02 9.53567E+01 % U235
8.09833E+01 8.09695E+01 8.07298E+01 8.04516E+01 % U238
0.00000E+00 1.47703E-01 4.42854E+03 4.35741E+04 % Pu238
0.00000E+00 6.58187E+03 2.00938E+05 3.47440E+05 % Pu239
0.00000E+00 1.05814E+02 5.99045E+04 2.06302E+05 % Pu240
0.00000E+00 4.87405E+00 5.60933E+04 3.84453E+05 % Pu241
0.00000E+00 1.11640E-05 2.65113E+00 4.02846E+01 % Pu242
0.00000E+00 9.80552E-04 2.20382E+02 3.11067E+03 % Am241
0.00000E+00 2.91001E-08 3.18444E-01 1.14094E+01 % Am244
0.00000E+00 5.63441E-12 5.61345E-05 2.06820E-03 % Am245
0.00000E+00 0.00000E+00 0.00000E+00 0.00000E+00 % lost data
1.92886E+02 4.44505E+10 5.94874E+10 5.90868E+10 % total
];

MAT_uco_INH_TOX = [
0.00000E+00 8.08186E-04 1.18018E-02 1.96792E-02 % H3
0.00000E+00 1.76343E+09 1.75111E+09 1.71285E+09 % Xe135
2.02378E+04 2.01516E+04 1.87430E+04 1.72454E+04 % U235
1.43970E+04 1.43946E+04 1.43520E+04 1.43025E+04 % U238
0.00000E+00 7.06405E+01 2.11800E+06 2.08398E+07 % Pu238
0.00000E+00 3.15930E+06 9.64500E+07 1.66771E+08 % Pu239
0.00000E+00 5.07905E+04 2.87542E+07 9.90252E+07 % Pu240
0.00000E+00 2.33548E+03 2.68781E+07 1.84217E+08 % Pu241
0.00000E+00 5.11685E-03 1.21510E+03 1.84638E+04 % Pu242
0.00000E+00 4.70665E-01 1.05784E+05 1.49312E+06 % Am241
0.00000E+00 2.34066E-07 2.56140E+00 9.17711E+01 % Am244
0.00000E+00 5.08915E-12 5.07021E-05 1.86805E-03 % Am245
0.00000E+00 0.00000E+00 0.00000E+00 0.00000E+00 % lost data
3.46348E+04 4.36668E+10 5.81880E+10 5.97490E+10 % total
];

TOT_VOLUME = [ 1.77016E+04 1.77016E+04 1.77016E+04 1.77016E+04 ];

TOT_BURNUP = [ 0.00000E+00 5.73149E-01 1.02023E+01 2.09777E+01 ];

TOT_ADENS = [
0.00000E+00 9.84950E-14 1.43831E-12 2.39834E-12 % H3
0.00000E+00 4.29909E-08 4.26906E-08 4.17578E-08 % Xe135
4.31104E-03 4.29268E-03 3.99261E-03 3.67359E-03 % U235
2.06805E-02 2.06769E-02 2.06157E-02 2.05447E-02 % U238
0.00000E+00 1.44853E-13 4.34308E-09 4.27332E-08 % Pu238
0.00000E+00 1.63257E-06 4.98406E-05 8.61792E-05 % Pu239
0.00000E+00 7.14227E-09 4.04347E-06 1.39251E-05 % Pu240
0.00000E+00 3.73204E-11 4.29505E-07 2.94374E-06 % Pu241
0.00000E+00 4.48646E-14 1.06540E-08 1.61890E-07 % Pu242
0.00000E+00 5.45497E-15 1.22602E-09 1.73052E-08 % Am241
0.00000E+00 1.87466E-22 2.05145E-15 7.35004E-14 % Am244
0.00000E+00 5.46607E-26 5.44573E-19 2.00641E-17 % Am245
0.00000E+00 1.21083E-07 2.16805E-06 4.47551E-06 % lost data
7.04520E-02 7.04667E-02 7.07143E-02 7.09907E-02 % total
];

