
DET1001 = [
    1    1    1    1    1    1    1    1    1    1  7.00955E+18 0.00434 
    2    2    1    1    1    1    1    1    1    1  2.38789E+18 0.00510 
    3    3    1    1    1    1    1    1    1    1  3.93654E+17 0.01040 
];


DET1001E = [
 1.00000E-09  6.25000E-07  3.13000E-07
 6.25000E-07  1.00000E-01  5.00003E-02
 1.00000E-01  2.00000E+01  1.00500E+01
];

DET1002 = [
    1    1    1    1    1    1    1    1    1    1  2.62435E+17 0.00640 
    2    2    1    1    1    1    1    1    1    1  4.45071E+17 0.00454 
    3    3    1    1    1    1    1    1    1    1  2.29653E+17 0.00604 
];


DET1002E = [
 1.00000E-09  6.25000E-07  3.13000E-07
 6.25000E-07  1.00000E-01  5.00003E-02
 1.00000E-01  2.00000E+01  1.00500E+01
];
