
DET1001 = [
    1    1    1    1    1    1    1    1    1    1  6.77655E+18 0.00419 
    2    2    1    1    1    1    1    1    1    1  2.29923E+18 0.00528 
    3    3    1    1    1    1    1    1    1    1  3.74013E+17 0.00955 
];


DET1001E = [
 1.00000E-09  6.25000E-07  3.13000E-07
 6.25000E-07  1.00000E-01  5.00003E-02
 1.00000E-01  2.00000E+01  1.00500E+01
];

DET1002 = [
    1    1    1    1    1    1    1    1    1    1  2.57501E+17 0.00600 
    2    2    1    1    1    1    1    1    1    1  4.23818E+17 0.00493 
    3    3    1    1    1    1    1    1    1    1  2.19820E+17 0.00616 
];


DET1002E = [
 1.00000E-09  6.25000E-07  3.13000E-07
 6.25000E-07  1.00000E-01  5.00003E-02
 1.00000E-01  2.00000E+01  1.00500E+01
];
