
DET1001 = [
    1    1    1    1    1    1    1    1    1    1  7.16520E+18 0.00442 
    2    2    1    1    1    1    1    1    1    1  2.40867E+18 0.00523 
    3    3    1    1    1    1    1    1    1    1  3.92149E+17 0.01031 
];


DET1001E = [
 1.00000E-09  6.25000E-07  3.13000E-07
 6.25000E-07  1.00000E-01  5.00003E-02
 1.00000E-01  2.00000E+01  1.00500E+01
];

DET1002 = [
    1    1    1    1    1    1    1    1    1    1  2.75597E+17 0.00619 
    2    2    1    1    1    1    1    1    1    1  4.53397E+17 0.00466 
    3    3    1    1    1    1    1    1    1    1  2.35812E+17 0.00641 
];


DET1002E = [
 1.00000E-09  6.25000E-07  3.13000E-07
 6.25000E-07  1.00000E-01  5.00003E-02
 1.00000E-01  2.00000E+01  1.00500E+01
];
