
ZAI = [
10030
541350
922350
922380
942380
942390
942400
942410
942420
952410
952440
952450
666
0
];

NAMES = [
'H3              '
'Xe135           '
'U235            '
'U238            '
'Pu238           '
'Pu239           '
'Pu240           '
'Pu241           '
'Pu242           '
'Am241           '
'Am244           '
'Am245           '
'lost            '
'total           '
];

i10030  = 1; iH3               = 1;
i541350 = 2; iXe135            = 2;
i922350 = 3; iU235             = 3;
i922380 = 4; iU238             = 4;
i942380 = 5; iPu238            = 5;
i942390 = 6; iPu239            = 6;
i942400 = 7; iPu240            = 7;
i942410 = 8; iPu241            = 8;
i942420 = 9; iPu242            = 9;
i952410 = 10; iAm241            = 10;
i952440 = 11; iAm244            = 11;
i952450 = 12; iAm245            = 12;
iLOST    = 13;
iTOT     = 14;

MAT_uco_VOLUME = [ 2.71122E+04 2.71122E+04 2.71122E+04 2.71122E+04 ];

MAT_uco_BURNUP = [ 0.00000E+00 3.74211E-01 6.66098E+00 1.36962E+01 ];

MAT_uco_ADENS = [
0.00000E+00 1.12896E-13 1.73402E-12 3.03450E-12 % H3
0.00000E+00 3.50817E-08 3.54005E-08 3.53036E-08 % Xe135
3.74777E-03 3.73563E-03 3.53696E-03 3.32570E-03 % U235
2.12374E-02 2.12343E-02 2.11815E-02 2.11207E-02 % U238
0.00000E+00 1.42935E-13 3.01161E-09 2.84900E-08 % Pu238
0.00000E+00 1.41518E-06 4.53266E-05 8.26791E-05 % Pu239
0.00000E+00 4.78523E-09 2.63505E-06 9.26059E-06 % Pu240
0.00000E+00 2.52743E-11 2.78670E-07 1.99680E-06 % Pu241
0.00000E+00 2.20621E-14 4.85118E-09 7.48089E-08 % Pu242
0.00000E+00 3.74239E-15 7.99053E-10 1.19111E-08 % Am241
0.00000E+00 1.00801E-22 9.81955E-16 3.50010E-14 % Am244
0.00000E+00 2.16481E-26 1.91039E-19 6.83497E-18 % Am245
0.00000E+00 7.90795E-08 1.41602E-06 2.92375E-06 % lost data
7.04339E-02 7.04436E-02 7.06053E-02 7.07859E-02 % total
];

MAT_uco_MDENS = [
0.00000E+00 5.65322E-13 8.68302E-12 1.51951E-11 % H3
0.00000E+00 7.85907E-06 7.93048E-06 7.90878E-06 % Xe135
1.46278E+00 1.45804E+00 1.38050E+00 1.29804E+00 % U235
8.39511E+00 8.39390E+00 8.37301E+00 8.34898E+00 % U238
0.00000E+00 5.65017E-11 1.19048E-06 1.12620E-05 % Pu238
0.00000E+00 5.61772E-04 1.79929E-02 3.28204E-02 % Pu239
0.00000E+00 1.90752E-06 1.05040E-03 3.69151E-03 % Pu240
0.00000E+00 1.01167E-08 1.11545E-04 7.99273E-04 % Pu241
0.00000E+00 8.86795E-12 1.94995E-06 3.00697E-05 % Pu242
0.00000E+00 1.49805E-12 3.19853E-07 4.76790E-06 % Am241
0.00000E+00 4.08532E-20 3.97972E-13 1.41854E-11 % Am244
0.00000E+00 8.80965E-24 7.77432E-17 2.78148E-15 % Am245
0.00000E+00 0.00000E+00 0.00000E+00 0.00000E+00 % lost data
1.10000E+01 1.09999E+01 1.09990E+01 1.09980E+01 % total
];

MAT_uco_A = [
0.00000E+00 5.45702E+06 8.38167E+07 1.46677E+08 % H3
0.00000E+00 2.00365E+16 2.02186E+16 2.01632E+16 % Xe135
3.17020E+09 3.15993E+09 2.99188E+09 2.81318E+09 % U235
2.83058E+09 2.83017E+09 2.82312E+09 2.81502E+09 % U238
0.00000E+00 9.70566E+05 2.04496E+10 1.93455E+11 % Pu238
0.00000E+00 3.49543E+10 1.11955E+12 2.04214E+12 % Pu239
0.00000E+00 4.34330E+08 2.39169E+11 8.40535E+11 % Pu240
0.00000E+00 1.05325E+09 1.16130E+13 8.32124E+13 % Pu241
0.00000E+00 3.50353E+01 7.70381E+06 1.18799E+08 % Pu242
0.00000E+00 5.15169E+03 1.09996E+09 1.63965E+10 % Am241
0.00000E+00 5.20992E+01 5.07525E+08 1.80904E+10 % Am244
0.00000E+00 5.51255E-02 4.86470E+05 1.74048E+07 % Am245
0.00000E+00 0.00000E+00 0.00000E+00 0.00000E+00 % lost data
6.00078E+09 3.36606E+18 3.73702E+18 3.78353E+18 % total
];

MAT_uco_H = [
0.00000E+00 4.97483E-09 7.64105E-08 1.33717E-07 % H3
0.00000E+00 1.80632E+03 1.82274E+03 1.81775E+03 % Xe135
2.34286E-03 2.33527E-03 2.21108E-03 2.07901E-03 % U235
1.93887E-03 1.93859E-03 1.93377E-03 1.92822E-03 % U238
0.00000E+00 8.69031E-07 1.83103E-02 1.73217E-01 % Pu238
0.00000E+00 2.93527E-02 9.40134E-01 1.71487E+00 % Pu239
0.00000E+00 3.65406E-04 2.01216E-01 7.07151E-01 % Pu240
0.00000E+00 9.03675E-07 9.96377E-03 7.13948E-02 % Pu241
0.00000E+00 2.79655E-11 6.14927E-06 9.48265E-05 % Pu242
0.00000E+00 4.61891E-09 9.86201E-04 1.47008E-02 % Am241
0.00000E+00 9.25477E-12 9.01555E-05 3.21352E-03 % Am244
0.00000E+00 2.78126E-15 2.45440E-08 8.78132E-07 % Am245
0.00000E+00 0.00000E+00 0.00000E+00 0.00000E+00 % lost data
4.28173E-03 1.20197E+06 1.23332E+06 1.22370E+06 % total
];

MAT_uco_SF = [
0.00000E+00 0.00000E+00 0.00000E+00 0.00000E+00 % H3
0.00000E+00 0.00000E+00 0.00000E+00 0.00000E+00 % Xe135
2.28254E-01 2.27515E-01 2.15416E-01 2.02549E-01 % U235
1.54549E+05 1.54527E+05 1.54143E+05 1.53700E+05 % U238
0.00000E+00 1.80525E-03 3.80363E+01 3.59826E+02 % Pu238
0.00000E+00 1.08358E-01 3.47060E+00 6.33063E+00 % Pu239
0.00000E+00 2.47568E+01 1.36327E+04 4.79105E+04 % Pu240
0.00000E+00 0.00000E+00 0.00000E+00 0.00000E+00 % Pu241
0.00000E+00 1.92694E-04 4.23710E+01 6.53393E+02 % Pu242
0.00000E+00 2.21523E-08 4.72981E-03 7.05051E-02 % Am241
0.00000E+00 0.00000E+00 0.00000E+00 0.00000E+00 % Am244
0.00000E+00 0.00000E+00 0.00000E+00 0.00000E+00 % Am245
0.00000E+00 0.00000E+00 0.00000E+00 0.00000E+00 % lost data
1.54550E+05 1.54552E+05 1.69876E+05 2.65854E+05 % total
];

MAT_uco_ING_TOX = [
0.00000E+00 2.29195E-04 3.52030E-03 6.16044E-03 % H3
0.00000E+00 4.20767E+09 4.24590E+09 4.23428E+09 % Xe135
1.48999E+02 1.48517E+02 1.40619E+02 1.32219E+02 % U235
1.27376E+02 1.27358E+02 1.27041E+02 1.26676E+02 % U238
0.00000E+00 2.23230E-01 4.70342E+03 4.44946E+04 % Pu238
0.00000E+00 8.73858E+03 2.79887E+05 5.10534E+05 % Pu239
0.00000E+00 1.08582E+02 5.97924E+04 2.10134E+05 % Pu240
0.00000E+00 5.05562E+00 5.57424E+04 3.99419E+05 % Pu241
0.00000E+00 8.40846E-06 1.84892E+00 2.85117E+01 % Pu242
0.00000E+00 1.03034E-03 2.19991E+02 3.27931E+03 % Am241
0.00000E+00 2.39656E-08 2.33462E-01 8.32156E+00 % Am244
0.00000E+00 3.41778E-12 3.01611E-05 1.07910E-03 % Am245
0.00000E+00 0.00000E+00 0.00000E+00 0.00000E+00 % lost data
2.76375E+02 4.53679E+10 6.09943E+10 6.08430E+10 % total
];

MAT_uco_INH_TOX = [
0.00000E+00 1.41883E-03 2.17923E-02 3.81361E-02 % H3
0.00000E+00 2.20402E+09 2.22404E+09 2.21796E+09 % Xe135
2.69467E+04 2.68594E+04 2.54310E+04 2.39120E+04 % U235
2.26446E+04 2.26413E+04 2.25850E+04 2.25202E+04 % U238
0.00000E+00 1.06762E+02 2.24946E+06 2.12800E+07 % Pu238
0.00000E+00 4.19452E+06 1.34346E+08 2.45056E+08 % Pu239
0.00000E+00 5.21196E+04 2.87003E+07 1.00864E+08 % Pu240
0.00000E+00 2.42249E+03 2.67099E+07 1.91388E+08 % Pu241
0.00000E+00 3.85388E-03 8.47419E+02 1.30679E+04 % Pu242
0.00000E+00 4.94562E-01 1.05596E+05 1.57407E+06 % Am241
0.00000E+00 1.92767E-07 1.87784E+00 6.69343E+01 % Am244
0.00000E+00 3.08703E-12 2.72423E-05 9.74672E-04 % Am245
0.00000E+00 0.00000E+00 0.00000E+00 0.00000E+00 % lost data
4.95913E+04 4.42179E+10 5.93257E+10 6.11595E+10 % total
];

TOT_VOLUME = [ 2.71122E+04 2.71122E+04 2.71122E+04 2.71122E+04 ];

TOT_BURNUP = [ 0.00000E+00 3.74211E-01 6.66098E+00 1.36962E+01 ];

TOT_ADENS = [
0.00000E+00 1.12896E-13 1.73402E-12 3.03450E-12 % H3
0.00000E+00 3.50817E-08 3.54005E-08 3.53036E-08 % Xe135
3.74777E-03 3.73563E-03 3.53696E-03 3.32570E-03 % U235
2.12374E-02 2.12343E-02 2.11815E-02 2.11207E-02 % U238
0.00000E+00 1.42935E-13 3.01161E-09 2.84900E-08 % Pu238
0.00000E+00 1.41518E-06 4.53266E-05 8.26791E-05 % Pu239
0.00000E+00 4.78523E-09 2.63505E-06 9.26059E-06 % Pu240
0.00000E+00 2.52743E-11 2.78670E-07 1.99680E-06 % Pu241
0.00000E+00 2.20621E-14 4.85118E-09 7.48089E-08 % Pu242
0.00000E+00 3.74239E-15 7.99053E-10 1.19111E-08 % Am241
0.00000E+00 1.00801E-22 9.81955E-16 3.50010E-14 % Am244
0.00000E+00 2.16481E-26 1.91039E-19 6.83497E-18 % Am245
0.00000E+00 7.90795E-08 1.41602E-06 2.92375E-06 % lost data
7.04339E-02 7.04436E-02 7.06053E-02 7.07859E-02 % total
];

