
DET1001 = [
    1    1    1    1    1    1    1    1    1    1  4.65005E+18 0.00479 
    2    2    1    1    1    1    1    1    1    1  1.88241E+18 0.00588 
    3    3    1    1    1    1    1    1    1    1  1.96652E+17 0.01163 
];


DET1001E = [
 1.00000E-09  6.25000E-07  3.13000E-07
 6.25000E-07  1.00000E-01  5.00003E-02
 1.00000E-01  2.00000E+01  1.00500E+01
];

DET1002 = [
    1    1    1    1    1    1    1    1    1    1  1.21173E+17 0.00858 
    2    2    1    1    1    1    1    1    1    1  3.69397E+17 0.00538 
    3    3    1    1    1    1    1    1    1    1  1.81061E+17 0.00635 
];


DET1002E = [
 1.00000E-09  6.25000E-07  3.13000E-07
 6.25000E-07  1.00000E-01  5.00003E-02
 1.00000E-01  2.00000E+01  1.00500E+01
];
