
DET1001 = [
    1    1    1    1    1    1    1    1    1    1  4.48105E+18 0.00468 
    2    2    1    1    1    1    1    1    1    1  1.78725E+18 0.00560 
    3    3    1    1    1    1    1    1    1    1  1.82562E+17 0.01168 
];


DET1001E = [
 1.00000E-09  6.25000E-07  3.13000E-07
 6.25000E-07  1.00000E-01  5.00003E-02
 1.00000E-01  2.00000E+01  1.00500E+01
];

DET1002 = [
    1    1    1    1    1    1    1    1    1    1  1.22989E+17 0.00824 
    2    2    1    1    1    1    1    1    1    1  3.46278E+17 0.00521 
    3    3    1    1    1    1    1    1    1    1  1.71946E+17 0.00676 
];


DET1002E = [
 1.00000E-09  6.25000E-07  3.13000E-07
 6.25000E-07  1.00000E-01  5.00003E-02
 1.00000E-01  2.00000E+01  1.00500E+01
];
