
DET1001 = [
    1    1    1    1    1    1    1    1    1    1  4.68987E+18 0.00473 
    2    2    1    1    1    1    1    1    1    1  1.90794E+18 0.00584 
    3    3    1    1    1    1    1    1    1    1  2.02351E+17 0.01185 
];


DET1001E = [
 1.00000E-09  6.25000E-07  3.13000E-07
 6.25000E-07  1.00000E-01  5.00003E-02
 1.00000E-01  2.00000E+01  1.00500E+01
];

DET1002 = [
    1    1    1    1    1    1    1    1    1    1  1.22084E+17 0.00857 
    2    2    1    1    1    1    1    1    1    1  3.83306E+17 0.00515 
    3    3    1    1    1    1    1    1    1    1  1.90507E+17 0.00675 
];


DET1002E = [
 1.00000E-09  6.25000E-07  3.13000E-07
 6.25000E-07  1.00000E-01  5.00003E-02
 1.00000E-01  2.00000E+01  1.00500E+01
];
