
ZAI = [
10030
541350
922350
922380
942380
942390
942400
942410
942420
952410
952440
952450
666
0
];

NAMES = [
'H3              '
'Xe135           '
'U235            '
'U238            '
'Pu238           '
'Pu239           '
'Pu240           '
'Pu241           '
'Pu242           '
'Am241           '
'Am244           '
'Am245           '
'lost            '
'total           '
];

i10030  = 1; iH3               = 1;
i541350 = 2; iXe135            = 2;
i922350 = 3; iU235             = 3;
i922380 = 4; iU238             = 4;
i942380 = 5; iPu238            = 5;
i942390 = 6; iPu239            = 6;
i942400 = 7; iPu240            = 7;
i942410 = 8; iPu241            = 8;
i942420 = 9; iPu242            = 9;
i952410 = 10; iAm241            = 10;
i952440 = 11; iAm244            = 11;
i952450 = 12; iAm245            = 12;
iLOST    = 13;
iTOT     = 14;

MAT_uco_VOLUME = [ 2.43398E+04 2.43398E+04 2.43398E+04 2.43398E+04 ];

MAT_uco_BURNUP = [ 0.00000E+00 4.16853E-01 7.42003E+00 1.52570E+01 ];

MAT_uco_ADENS = [
0.00000E+00 8.60324E-14 1.36099E-12 2.43447E-12 % H3
0.00000E+00 4.13280E-08 4.13788E-08 4.11544E-08 % Xe135
4.87458E-03 4.86108E-03 4.63865E-03 4.39898E-03 % U235
2.01233E-02 2.01205E-02 2.00726E-02 2.00174E-02 % U238
0.00000E+00 9.01508E-14 2.21751E-09 2.14200E-08 % Pu238
0.00000E+00 1.29018E-06 4.20330E-05 7.78251E-05 % Pu239
0.00000E+00 3.76252E-09 2.16751E-06 7.90258E-06 % Pu240
0.00000E+00 1.63202E-11 1.91247E-07 1.42597E-06 % Pu241
0.00000E+00 1.26928E-14 2.97784E-09 4.79832E-08 % Pu242
0.00000E+00 2.40767E-15 5.48053E-10 8.47653E-09 % Am241
0.00000E+00 3.82813E-23 4.21165E-16 1.50302E-14 % Am244
0.00000E+00 7.37559E-27 7.38352E-20 2.66252E-18 % Am245
0.00000E+00 8.80889E-08 1.57433E-06 3.24749E-06 % lost data
7.04699E-02 7.04806E-02 7.06606E-02 7.08618E-02 % total
];

MAT_uco_MDENS = [
0.00000E+00 4.30802E-13 6.81508E-12 1.21905E-11 % H3
0.00000E+00 9.25837E-06 9.26974E-06 9.21949E-06 % Xe135
1.90258E+00 1.89731E+00 1.81049E+00 1.71695E+00 % U235
7.95473E+00 7.95363E+00 7.93467E+00 7.91288E+00 % U238
0.00000E+00 3.56363E-11 8.76574E-07 8.46726E-06 % Pu238
0.00000E+00 5.12153E-04 1.66855E-02 3.08936E-02 % Pu239
0.00000E+00 1.49984E-06 8.64025E-04 3.15017E-03 % Pu240
0.00000E+00 6.53259E-09 7.65518E-05 5.70783E-04 % Pu241
0.00000E+00 5.10193E-12 1.19695E-06 1.92870E-05 % Pu242
0.00000E+00 9.63768E-13 2.19381E-07 3.39308E-06 % Am241
0.00000E+00 1.55149E-20 1.70692E-13 6.09153E-12 % Am244
0.00000E+00 3.00149E-24 3.00471E-17 1.08351E-15 % Am245
0.00000E+00 0.00000E+00 0.00000E+00 0.00000E+00 % lost data
1.10000E+01 1.09999E+01 1.09989E+01 1.09978E+01 % total
];

MAT_uco_A = [
0.00000E+00 3.73327E+06 5.90585E+07 1.05641E+08 % H3
0.00000E+00 2.11903E+16 2.12163E+16 2.11013E+16 % Xe135
3.70172E+09 3.69147E+09 3.52256E+09 3.34055E+09 % U235
2.40783E+09 2.40749E+09 2.40176E+09 2.39516E+09 % U238
0.00000E+00 5.49551E+05 1.35177E+10 1.30574E+11 % Pu238
0.00000E+00 2.86083E+10 9.32033E+11 1.72568E+12 % Pu239
0.00000E+00 3.06582E+08 1.76616E+11 6.43928E+11 % Pu240
0.00000E+00 6.10562E+08 7.15484E+12 5.33477E+13 % Pu241
0.00000E+00 1.80954E+01 4.24533E+06 6.84068E+07 % Pu242
0.00000E+00 2.97542E+03 6.77289E+08 1.04754E+10 % Am241
0.00000E+00 1.77625E+01 1.95420E+08 6.97402E+09 % Am244
0.00000E+00 1.68609E-02 1.68791E+05 6.08666E+06 % Am245
0.00000E+00 0.00000E+00 0.00000E+00 0.00000E+00 % lost data
6.10955E+09 3.30539E+18 3.65779E+18 3.70922E+18 % total
];

MAT_uco_H = [
0.00000E+00 3.40339E-09 5.38400E-08 9.63062E-08 % H3
0.00000E+00 1.91034E+03 1.91269E+03 1.90232E+03 % Xe135
2.73567E-03 2.72809E-03 2.60326E-03 2.46875E-03 % U235
1.64930E-03 1.64907E-03 1.64514E-03 1.64062E-03 % U238
0.00000E+00 4.92060E-07 1.21036E-02 1.16914E-01 % Pu238
0.00000E+00 2.40236E-02 7.82670E-01 1.44913E+00 % Pu239
0.00000E+00 2.57931E-04 1.48589E-01 5.41744E-01 % Pu240
0.00000E+00 5.23852E-07 6.13873E-03 4.57714E-02 % Pu241
0.00000E+00 1.44440E-11 3.38867E-06 5.46030E-05 % Pu242
0.00000E+00 2.66771E-09 6.07245E-04 9.39203E-03 % Am241
0.00000E+00 3.15529E-12 3.47140E-05 1.23885E-03 % Am244
0.00000E+00 8.50690E-16 8.51605E-09 3.07092E-07 % Am245
0.00000E+00 0.00000E+00 0.00000E+00 0.00000E+00 % lost data
4.38497E-03 1.19735E+06 1.22654E+06 1.22080E+06 % total
];

MAT_uco_SF = [
0.00000E+00 0.00000E+00 0.00000E+00 0.00000E+00 % H3
0.00000E+00 0.00000E+00 0.00000E+00 0.00000E+00 % Xe135
2.66524E-01 2.65786E-01 2.53624E-01 2.40519E-01 % U235
1.31467E+05 1.31449E+05 1.31136E+05 1.30776E+05 % U238
0.00000E+00 1.02216E-03 2.51429E+01 2.42868E+02 % Pu238
0.00000E+00 8.86857E-02 2.88930E+00 5.34961E+00 % Pu239
0.00000E+00 1.74752E+01 1.00671E+04 3.67039E+04 % Pu240
0.00000E+00 0.00000E+00 0.00000E+00 0.00000E+00 % Pu241
0.00000E+00 9.95248E-05 2.33493E+01 3.76237E+02 % Pu242
0.00000E+00 1.27943E-08 2.91234E-03 4.50441E-02 % Am241
0.00000E+00 0.00000E+00 0.00000E+00 0.00000E+00 % Am244
0.00000E+00 0.00000E+00 0.00000E+00 0.00000E+00 % Am245
0.00000E+00 0.00000E+00 0.00000E+00 0.00000E+00 % lost data
1.31468E+05 1.31467E+05 1.42345E+05 2.03429E+05 % total
];

MAT_uco_ING_TOX = [
0.00000E+00 1.56797E-04 2.48046E-03 4.43691E-03 % H3
0.00000E+00 4.44996E+09 4.45543E+09 4.43128E+09 % Xe135
1.73981E+02 1.73499E+02 1.65560E+02 1.57006E+02 % U235
1.08352E+02 1.08337E+02 1.08079E+02 1.07782E+02 % U238
0.00000E+00 1.26397E-01 3.10907E+03 3.00321E+04 % Pu238
0.00000E+00 7.15207E+03 2.33008E+05 4.31420E+05 % Pu239
0.00000E+00 7.66456E+01 4.41539E+04 1.60982E+05 % Pu240
0.00000E+00 2.93070E+00 3.43432E+04 2.56069E+05 % Pu241
0.00000E+00 4.34290E-06 1.01888E+00 1.64176E+01 % Pu242
0.00000E+00 5.95085E-04 1.35458E+02 2.09508E+03 % Am241
0.00000E+00 8.17077E-09 8.98934E-02 3.20805E+00 % Am244
0.00000E+00 1.04538E-12 1.04650E-05 3.77373E-04 % Am245
0.00000E+00 0.00000E+00 0.00000E+00 0.00000E+00 % lost data
2.82333E+02 4.55718E+10 6.09446E+10 6.08478E+10 % total
];

MAT_uco_INH_TOX = [
0.00000E+00 9.70650E-04 1.53552E-02 2.74666E-02 % H3
0.00000E+00 2.33093E+09 2.33380E+09 2.32115E+09 % Xe135
3.14646E+04 3.13775E+04 2.99417E+04 2.83947E+04 % U235
1.92626E+04 1.92599E+04 1.92140E+04 1.91613E+04 % U238
0.00000E+00 6.04506E+01 1.48695E+06 1.43632E+07 % Pu238
0.00000E+00 3.43299E+06 1.11844E+08 2.07082E+08 % Pu239
0.00000E+00 3.67899E+04 2.11939E+07 7.72714E+07 % Pu240
0.00000E+00 1.40429E+03 1.64561E+07 1.22700E+08 % Pu241
0.00000E+00 1.99050E-03 4.66986E+02 7.52475E+03 % Pu242
0.00000E+00 2.85641E-01 6.50198E+04 1.00564E+06 % Am241
0.00000E+00 6.57214E-08 7.23056E-01 2.58039E+01 % Am244
0.00000E+00 9.44213E-13 9.45228E-06 3.40853E-04 % Am245
0.00000E+00 0.00000E+00 0.00000E+00 0.00000E+00 % lost data
5.07272E+04 4.42824E+10 5.90603E+10 6.08226E+10 % total
];

TOT_VOLUME = [ 2.43398E+04 2.43398E+04 2.43398E+04 2.43398E+04 ];

TOT_BURNUP = [ 0.00000E+00 4.16853E-01 7.42003E+00 1.52570E+01 ];

TOT_ADENS = [
0.00000E+00 8.60324E-14 1.36099E-12 2.43447E-12 % H3
0.00000E+00 4.13280E-08 4.13788E-08 4.11544E-08 % Xe135
4.87458E-03 4.86108E-03 4.63865E-03 4.39898E-03 % U235
2.01233E-02 2.01205E-02 2.00726E-02 2.00174E-02 % U238
0.00000E+00 9.01508E-14 2.21751E-09 2.14200E-08 % Pu238
0.00000E+00 1.29018E-06 4.20330E-05 7.78251E-05 % Pu239
0.00000E+00 3.76252E-09 2.16751E-06 7.90258E-06 % Pu240
0.00000E+00 1.63202E-11 1.91247E-07 1.42597E-06 % Pu241
0.00000E+00 1.26928E-14 2.97784E-09 4.79832E-08 % Pu242
0.00000E+00 2.40767E-15 5.48053E-10 8.47653E-09 % Am241
0.00000E+00 3.82813E-23 4.21165E-16 1.50302E-14 % Am244
0.00000E+00 7.37559E-27 7.38352E-20 2.66252E-18 % Am245
0.00000E+00 8.80889E-08 1.57433E-06 3.24749E-06 % lost data
7.04699E-02 7.04806E-02 7.06606E-02 7.08618E-02 % total
];

