
DET1001 = [
    1    1    1    1    1    1    1    1    1    1  5.64437E+18 0.00468 
    2    2    1    1    1    1    1    1    1    1  2.23785E+18 0.00526 
    3    3    1    1    1    1    1    1    1    1  3.69217E+17 0.00974 
];


DET1001E = [
 1.00000E-09  6.25000E-07  3.13000E-07
 6.25000E-07  1.00000E-01  5.00003E-02
 1.00000E-01  2.00000E+01  1.00500E+01
];

DET1002 = [
    1    1    1    1    1    1    1    1    1    1  1.56066E+17 0.00776 
    2    2    1    1    1    1    1    1    1    1  3.86368E+17 0.00516 
    3    3    1    1    1    1    1    1    1    1  2.06599E+17 0.00648 
];


DET1002E = [
 1.00000E-09  6.25000E-07  3.13000E-07
 6.25000E-07  1.00000E-01  5.00003E-02
 1.00000E-01  2.00000E+01  1.00500E+01
];
