
DET1001 = [
    1    1    1    1    1    1    1    1    1    1  5.69070E+18 0.00450 
    2    2    1    1    1    1    1    1    1    1  2.24836E+18 0.00528 
    3    3    1    1    1    1    1    1    1    1  3.79693E+17 0.00899 
];


DET1001E = [
 1.00000E-09  6.25000E-07  3.13000E-07
 6.25000E-07  1.00000E-01  5.00003E-02
 1.00000E-01  2.00000E+01  1.00500E+01
];

DET1002 = [
    1    1    1    1    1    1    1    1    1    1  1.55876E+17 0.00749 
    2    2    1    1    1    1    1    1    1    1  3.99191E+17 0.00514 
    3    3    1    1    1    1    1    1    1    1  2.10090E+17 0.00617 
];


DET1002E = [
 1.00000E-09  6.25000E-07  3.13000E-07
 6.25000E-07  1.00000E-01  5.00003E-02
 1.00000E-01  2.00000E+01  1.00500E+01
];
