
DET1001 = [
    1    1    1    1    1    1    1    1    1    1  5.03405E+18 0.00424 
    2    2    1    1    1    1    1    1    1    1  1.97806E+18 0.00512 
    3    3    1    1    1    1    1    1    1    1  3.35221E+17 0.00995 
];


DET1001E = [
 1.00000E-09  6.25000E-07  3.13000E-07
 6.25000E-07  1.00000E-01  5.00003E-02
 1.00000E-01  2.00000E+01  1.00500E+01
];

DET1002 = [
    1    1    1    1    1    1    1    1    1    1  1.33143E+17 0.00845 
    2    2    1    1    1    1    1    1    1    1  3.60053E+17 0.00495 
    3    3    1    1    1    1    1    1    1    1  1.98223E+17 0.00663 
];


DET1002E = [
 1.00000E-09  6.25000E-07  3.13000E-07
 6.25000E-07  1.00000E-01  5.00003E-02
 1.00000E-01  2.00000E+01  1.00500E+01
];
