
DET1001 = [
    1    1    1    1    1    1    1    1    1    1  5.25059E+18 0.00461 
    2    2    1    1    1    1    1    1    1    1  2.11075E+18 0.00543 
    3    3    1    1    1    1    1    1    1    1  3.59220E+17 0.00963 
];


DET1001E = [
 1.00000E-09  6.25000E-07  3.13000E-07
 6.25000E-07  1.00000E-01  5.00003E-02
 1.00000E-01  2.00000E+01  1.00500E+01
];

DET1002 = [
    1    1    1    1    1    1    1    1    1    1  1.37266E+17 0.00797 
    2    2    1    1    1    1    1    1    1    1  3.87939E+17 0.00525 
    3    3    1    1    1    1    1    1    1    1  2.14404E+17 0.00624 
];


DET1002E = [
 1.00000E-09  6.25000E-07  3.13000E-07
 6.25000E-07  1.00000E-01  5.00003E-02
 1.00000E-01  2.00000E+01  1.00500E+01
];
