
ZAI = [
10030
541350
922350
922380
942380
942390
942400
942410
942420
952410
952440
952450
666
0
];

NAMES = [
'H3              '
'Xe135           '
'U235            '
'U238            '
'Pu238           '
'Pu239           '
'Pu240           '
'Pu241           '
'Pu242           '
'Am241           '
'Am244           '
'Am245           '
'lost            '
'total           '
];

i10030  = 1; iH3               = 1;
i541350 = 2; iXe135            = 2;
i922350 = 3; iU235             = 3;
i922380 = 4; iU238             = 4;
i942380 = 5; iPu238            = 5;
i942390 = 6; iPu239            = 6;
i942400 = 7; iPu240            = 7;
i942410 = 8; iPu241            = 8;
i942420 = 9; iPu242            = 9;
i952410 = 10; iAm241            = 10;
i952440 = 11; iAm244            = 11;
i952450 = 12; iAm245            = 12;
iLOST    = 13;
iTOT     = 14;

MAT_uco_VOLUME = [ 2.20231E+04 2.20231E+04 2.20231E+04 2.20231E+04 ];

MAT_uco_BURNUP = [ 0.00000E+00 4.60700E-01 8.20026E+00 1.68613E+01 ];

MAT_uco_ADENS = [
0.00000E+00 1.20696E-13 1.86751E-12 3.22767E-12 % H3
0.00000E+00 4.12603E-08 4.14565E-08 4.11117E-08 % Xe135
4.31104E-03 4.29611E-03 4.05157E-03 3.79105E-03 % U235
2.06805E-02 2.06772E-02 2.06197E-02 2.05531E-02 % U238
0.00000E+00 1.67651E-13 3.97418E-09 3.82026E-08 % Pu238
0.00000E+00 1.53553E-06 4.86396E-05 8.77516E-05 % Pu239
0.00000E+00 5.60918E-09 3.08743E-06 1.07414E-05 % Pu240
0.00000E+00 3.12963E-11 3.45417E-07 2.45194E-06 % Pu241
0.00000E+00 3.03105E-14 6.73685E-09 1.03874E-07 % Pu242
0.00000E+00 4.62368E-15 9.89465E-10 1.45437E-08 % Am241
0.00000E+00 1.52904E-22 1.52768E-15 5.46930E-14 % Am244
0.00000E+00 3.67315E-26 3.32898E-19 1.21070E-17 % Am245
0.00000E+00 9.73616E-08 1.74280E-06 3.59783E-06 % lost data
7.04520E-02 7.04638E-02 7.06628E-02 7.08851E-02 % total
];

MAT_uco_MDENS = [
0.00000E+00 6.04376E-13 9.35142E-12 1.61624E-11 % H3
0.00000E+00 9.24321E-06 9.28716E-06 9.20991E-06 % Xe135
1.68262E+00 1.67680E+00 1.58135E+00 1.47967E+00 % U235
8.17497E+00 8.17366E+00 8.15093E+00 8.12461E+00 % U238
0.00000E+00 6.62720E-11 1.57098E-06 1.51014E-05 % Pu238
0.00000E+00 6.09547E-04 1.93081E-02 3.48340E-02 % Pu239
0.00000E+00 2.23596E-06 1.23073E-03 4.28181E-03 % Pu240
0.00000E+00 1.25272E-08 1.38263E-04 9.81457E-04 % Pu241
0.00000E+00 1.21834E-11 2.70790E-06 4.17526E-05 % Pu242
0.00000E+00 1.85082E-12 3.96074E-07 5.82171E-06 % Am241
0.00000E+00 6.19696E-20 6.19145E-13 2.21663E-11 % Am244
0.00000E+00 1.49479E-23 1.35473E-16 4.92694E-15 % Am245
0.00000E+00 0.00000E+00 0.00000E+00 0.00000E+00 % lost data
1.10000E+01 1.09999E+01 1.09988E+01 1.09976E+01 % total
];

MAT_uco_A = [
0.00000E+00 4.73894E+06 7.33249E+07 1.26730E+08 % H3
0.00000E+00 1.91420E+16 1.92331E+16 1.90731E+16 % Xe135
2.96217E+09 2.95192E+09 2.78389E+09 2.60488E+09 % U235
2.23897E+09 2.23861E+09 2.23239E+09 2.22518E+09 % U238
0.00000E+00 9.24714E+05 2.19204E+10 2.10714E+11 % Pu238
0.00000E+00 3.08079E+10 9.75874E+11 1.76059E+12 % Pu239
0.00000E+00 4.13552E+08 2.27629E+11 7.91942E+11 % Pu240
0.00000E+00 1.05940E+09 1.16926E+13 8.30000E+13 % Pu241
0.00000E+00 3.90990E+01 8.69020E+06 1.33992E+08 % Pu242
0.00000E+00 5.17014E+03 1.10641E+09 1.62626E+10 % Am241
0.00000E+00 6.41946E+01 6.41374E+08 2.29621E+10 % Am244
0.00000E+00 7.59778E-02 6.88587E+05 2.50430E+07 % Am245
0.00000E+00 0.00000E+00 0.00000E+00 0.00000E+00 % lost data
5.20114E+09 3.32490E+18 3.67939E+18 3.72604E+18 % total
];

MAT_uco_H = [
0.00000E+00 4.32020E-09 6.68458E-08 1.15532E-07 % H3
0.00000E+00 1.72568E+03 1.73389E+03 1.71947E+03 % Xe135
2.18912E-03 2.18154E-03 2.05737E-03 1.92507E-03 % U235
1.53364E-03 1.53339E-03 1.52913E-03 1.52419E-03 % U238
0.00000E+00 8.27976E-07 1.96272E-02 1.88671E-01 % Pu238
0.00000E+00 2.58708E-02 8.19485E-01 1.47845E+00 % Pu239
0.00000E+00 3.47926E-04 1.91507E-01 6.66269E-01 % Pu240
0.00000E+00 9.08950E-07 1.00321E-02 7.12126E-02 % Pu241
0.00000E+00 3.12093E-11 6.93661E-06 1.06954E-04 % Pu242
0.00000E+00 4.63545E-09 9.91984E-04 1.45807E-02 % Am241
0.00000E+00 1.14034E-11 1.13932E-04 4.07894E-03 % Am244
0.00000E+00 3.83333E-15 3.47415E-08 1.26350E-06 % Am245
0.00000E+00 0.00000E+00 0.00000E+00 0.00000E+00 % lost data
3.72276E-03 1.19875E+06 1.22583E+06 1.21619E+06 % total
];

MAT_uco_SF = [
0.00000E+00 0.00000E+00 0.00000E+00 0.00000E+00 % H3
0.00000E+00 0.00000E+00 0.00000E+00 0.00000E+00 % Xe135
2.13276E-01 2.12538E-01 2.00440E-01 1.87551E-01 % U235
1.22248E+05 1.22228E+05 1.21888E+05 1.21495E+05 % U238
0.00000E+00 1.71997E-03 4.07720E+01 3.91929E+02 % Pu238
0.00000E+00 9.55044E-02 3.02521E+00 5.45783E+00 % Pu239
0.00000E+00 2.35725E+01 1.29749E+04 4.51407E+04 % Pu240
0.00000E+00 0.00000E+00 0.00000E+00 0.00000E+00 % Pu241
0.00000E+00 2.15045E-04 4.77961E+01 7.36958E+02 % Pu242
0.00000E+00 2.22316E-08 4.75755E-03 6.99291E-02 % Am241
0.00000E+00 0.00000E+00 0.00000E+00 0.00000E+00 % Am244
0.00000E+00 0.00000E+00 0.00000E+00 0.00000E+00 % Am245
0.00000E+00 0.00000E+00 0.00000E+00 0.00000E+00 % lost data
1.22248E+05 1.22252E+05 1.37210E+05 2.38214E+05 % total
];

MAT_uco_ING_TOX = [
0.00000E+00 1.99036E-04 3.07965E-03 5.32266E-03 % H3
0.00000E+00 4.01983E+09 4.03894E+09 4.00534E+09 % Xe135
1.39222E+02 1.38740E+02 1.30843E+02 1.22429E+02 % U235
1.00754E+02 1.00738E+02 1.00457E+02 1.00133E+02 % U238
0.00000E+00 2.12684E-01 5.04169E+03 4.84643E+04 % Pu238
0.00000E+00 7.70197E+03 2.43968E+05 4.40148E+05 % Pu239
0.00000E+00 1.03388E+02 5.69073E+04 1.97986E+05 % Pu240
0.00000E+00 5.08514E+00 5.61246E+04 3.98400E+05 % Pu241
0.00000E+00 9.38376E-06 2.08565E+00 3.21582E+01 % Pu242
0.00000E+00 1.03403E-03 2.21281E+02 3.25251E+03 % Am241
0.00000E+00 2.95295E-08 2.95032E-01 1.05626E+01 % Am244
0.00000E+00 4.71062E-12 4.26924E-05 1.55266E-03 % Am245
0.00000E+00 0.00000E+00 0.00000E+00 0.00000E+00 % lost data
2.39976E+02 4.51556E+10 6.05586E+10 6.03517E+10 % total
];

MAT_uco_INH_TOX = [
0.00000E+00 1.23213E-03 1.90645E-02 3.29498E-02 % H3
0.00000E+00 2.10562E+09 2.11564E+09 2.09804E+09 % Xe135
2.51785E+04 2.50913E+04 2.36631E+04 2.21415E+04 % U235
1.79118E+04 1.79089E+04 1.78591E+04 1.78014E+04 % U238
0.00000E+00 1.01719E+02 2.41124E+06 2.31786E+07 % Pu238
0.00000E+00 3.69695E+06 1.17105E+08 2.11271E+08 % Pu239
0.00000E+00 4.96263E+04 2.73155E+07 9.50331E+07 % Pu240
0.00000E+00 2.43663E+03 2.68930E+07 1.90900E+08 % Pu241
0.00000E+00 4.30089E-03 9.55922E+02 1.47392E+04 % Pu242
0.00000E+00 4.96334E-01 1.06215E+05 1.56121E+06 % Am241
0.00000E+00 2.37520E-07 2.37309E+00 8.49599E+01 % Am244
0.00000E+00 4.25476E-12 3.85609E-05 1.40241E-03 % Am245
0.00000E+00 0.00000E+00 0.00000E+00 0.00000E+00 % lost data
4.30902E+04 4.40846E+10 5.89550E+10 6.07189E+10 % total
];

TOT_VOLUME = [ 2.20231E+04 2.20231E+04 2.20231E+04 2.20231E+04 ];

TOT_BURNUP = [ 0.00000E+00 4.60700E-01 8.20026E+00 1.68613E+01 ];

TOT_ADENS = [
0.00000E+00 1.20696E-13 1.86751E-12 3.22767E-12 % H3
0.00000E+00 4.12603E-08 4.14565E-08 4.11117E-08 % Xe135
4.31104E-03 4.29611E-03 4.05157E-03 3.79105E-03 % U235
2.06805E-02 2.06772E-02 2.06197E-02 2.05531E-02 % U238
0.00000E+00 1.67651E-13 3.97418E-09 3.82026E-08 % Pu238
0.00000E+00 1.53553E-06 4.86396E-05 8.77516E-05 % Pu239
0.00000E+00 5.60918E-09 3.08743E-06 1.07414E-05 % Pu240
0.00000E+00 3.12963E-11 3.45417E-07 2.45194E-06 % Pu241
0.00000E+00 3.03105E-14 6.73685E-09 1.03874E-07 % Pu242
0.00000E+00 4.62368E-15 9.89465E-10 1.45437E-08 % Am241
0.00000E+00 1.52904E-22 1.52768E-15 5.46930E-14 % Am244
0.00000E+00 3.67315E-26 3.32898E-19 1.21070E-17 % Am245
0.00000E+00 9.73616E-08 1.74280E-06 3.59783E-06 % lost data
7.04520E-02 7.04638E-02 7.06628E-02 7.08851E-02 % total
];

