
DET1001 = [
    1    1    1    1    1    1    1    1    1    1  5.17485E+18 0.00426 
    2    2    1    1    1    1    1    1    1    1  2.07823E+18 0.00514 
    3    3    1    1    1    1    1    1    1    1  3.45705E+17 0.00984 
];


DET1001E = [
 1.00000E-09  6.25000E-07  3.13000E-07
 6.25000E-07  1.00000E-01  5.00003E-02
 1.00000E-01  2.00000E+01  1.00500E+01
];

DET1002 = [
    1    1    1    1    1    1    1    1    1    1  1.32863E+17 0.00858 
    2    2    1    1    1    1    1    1    1    1  3.68693E+17 0.00492 
    3    3    1    1    1    1    1    1    1    1  2.05345E+17 0.00614 
];


DET1002E = [
 1.00000E-09  6.25000E-07  3.13000E-07
 6.25000E-07  1.00000E-01  5.00003E-02
 1.00000E-01  2.00000E+01  1.00500E+01
];
