
DET1001 = [
    1    1    1    1    1    1    1    1    1    1  4.95656E+18 0.00432 
    2    2    1    1    1    1    1    1    1    1  1.96351E+18 0.00549 
    3    3    1    1    1    1    1    1    1    1  3.31559E+17 0.00998 
];


DET1001E = [
 1.00000E-09  6.25000E-07  3.13000E-07
 6.25000E-07  1.00000E-01  5.00003E-02
 1.00000E-01  2.00000E+01  1.00500E+01
];

DET1002 = [
    1    1    1    1    1    1    1    1    1    1  1.35582E+17 0.00803 
    2    2    1    1    1    1    1    1    1    1  3.46285E+17 0.00494 
    3    3    1    1    1    1    1    1    1    1  1.93163E+17 0.00631 
];


DET1002E = [
 1.00000E-09  6.25000E-07  3.13000E-07
 6.25000E-07  1.00000E-01  5.00003E-02
 1.00000E-01  2.00000E+01  1.00500E+01
];
