
DET1001 = [
    1    1    1    1    1    1    1    1    1    1  4.79152E+18 0.00469 
    2    2    1    1    1    1    1    1    1    1  1.91064E+18 0.00563 
    3    3    1    1    1    1    1    1    1    1  1.94086E+17 0.01141 
];


DET1001E = [
 1.00000E-09  6.25000E-07  3.13000E-07
 6.25000E-07  1.00000E-01  5.00003E-02
 1.00000E-01  2.00000E+01  1.00500E+01
];

DET1002 = [
    1    1    1    1    1    1    1    1    1    1  1.31442E+17 0.00869 
    2    2    1    1    1    1    1    1    1    1  3.69213E+17 0.00491 
    3    3    1    1    1    1    1    1    1    1  1.74296E+17 0.00641 
];


DET1002E = [
 1.00000E-09  6.25000E-07  3.13000E-07
 6.25000E-07  1.00000E-01  5.00003E-02
 1.00000E-01  2.00000E+01  1.00500E+01
];
