
ZAI = [
10030
541350
922350
922380
942380
942390
942400
942410
942420
952410
952440
952450
666
0
];

NAMES = [
'H3              '
'Xe135           '
'U235            '
'U238            '
'Pu238           '
'Pu239           '
'Pu240           '
'Pu241           '
'Pu242           '
'Am241           '
'Am244           '
'Am245           '
'lost            '
'total           '
];

i10030  = 1; iH3               = 1;
i541350 = 2; iXe135            = 2;
i922350 = 3; iU235             = 3;
i922380 = 4; iU238             = 4;
i942380 = 5; iPu238            = 5;
i942390 = 6; iPu239            = 6;
i942400 = 7; iPu240            = 7;
i942410 = 8; iPu241            = 8;
i942420 = 9; iPu242            = 9;
i952410 = 10; iAm241            = 10;
i952440 = 11; iAm244            = 11;
i952450 = 12; iAm245            = 12;
iLOST    = 13;
iTOT     = 14;

MAT_uco_VOLUME = [ 3.19338E+04 3.19338E+04 3.19338E+04 3.19338E+04 ];

MAT_uco_BURNUP = [ 0.00000E+00 3.17718E-01 5.65536E+00 1.16286E+01 ];

MAT_uco_ADENS = [
0.00000E+00 7.89005E-14 1.24887E-12 2.27711E-12 % H3
0.00000E+00 3.42205E-08 3.44150E-08 3.44297E-08 % Xe135
4.31104E-03 4.30071E-03 4.13048E-03 3.94691E-03 % U235
2.06805E-02 2.06781E-02 2.06364E-02 2.05887E-02 % U238
0.00000E+00 7.19459E-14 1.43255E-09 1.36957E-08 % Pu238
0.00000E+00 1.12308E-06 3.72463E-05 7.02893E-05 % Pu239
0.00000E+00 2.81050E-09 1.62305E-06 6.01647E-06 % Pu240
0.00000E+00 1.11278E-11 1.30214E-07 9.97341E-07 % Pu241
0.00000E+00 7.18732E-15 1.66592E-09 2.71730E-08 % Pu242
0.00000E+00 1.64814E-15 3.73622E-10 5.95157E-09 % Am241
0.00000E+00 1.86568E-23 1.86633E-16 6.99539E-15 % Am244
0.00000E+00 2.97595E-27 2.68537E-20 1.00998E-18 % Am245
0.00000E+00 6.71405E-08 1.19975E-06 2.47490E-06 % lost data
7.04520E-02 7.04601E-02 7.05973E-02 7.07507E-02 % total
];

MAT_uco_MDENS = [
0.00000E+00 3.95089E-13 6.25365E-12 1.14025E-11 % H3
0.00000E+00 7.66614E-06 7.70972E-06 7.71301E-06 % Xe135
1.68262E+00 1.67859E+00 1.61215E+00 1.54050E+00 % U235
8.17497E+00 8.17401E+00 8.15755E+00 8.13871E+00 % U238
0.00000E+00 2.84400E-11 5.66281E-07 5.41386E-06 % Pu238
0.00000E+00 4.45820E-04 1.47854E-02 2.79022E-02 % Pu239
0.00000E+00 1.12034E-06 6.46989E-04 2.39832E-03 % Pu240
0.00000E+00 4.45420E-09 5.21219E-05 3.99213E-04 % Pu241
0.00000E+00 2.88897E-12 6.69624E-07 1.09223E-05 % Pu242
0.00000E+00 6.59734E-13 1.49557E-07 2.38236E-06 % Am241
0.00000E+00 7.56131E-21 7.56398E-14 2.83513E-12 % Am244
0.00000E+00 1.21106E-24 1.09281E-17 4.11009E-16 % Am245
0.00000E+00 0.00000E+00 0.00000E+00 0.00000E+00 % lost data
1.10000E+01 1.10000E+01 1.09992E+01 1.09983E+01 % total
];

MAT_uco_A = [
0.00000E+00 4.49201E+06 7.11015E+07 1.29642E+08 % H3
0.00000E+00 2.30204E+16 2.31513E+16 2.31612E+16 % Xe135
4.29518E+09 4.28490E+09 4.11529E+09 3.93240E+09 % U235
3.24654E+09 3.24616E+09 3.23962E+09 3.23213E+09 % U238
0.00000E+00 5.75411E+05 1.14573E+10 1.09536E+11 % Pu238
0.00000E+00 3.26728E+10 1.08357E+12 2.04486E+12 % Pu239
0.00000E+00 3.00460E+08 1.73514E+11 6.43197E+11 % Pu240
0.00000E+00 5.46196E+08 6.39144E+12 4.89534E+13 % Pu241
0.00000E+00 1.34435E+01 3.11601E+06 5.08255E+07 % Pu242
0.00000E+00 2.67226E+03 6.05785E+08 9.64977E+09 % Am241
0.00000E+00 1.13576E+01 1.13616E+08 4.25857E+09 % Am244
0.00000E+00 8.92575E-03 8.05421E+04 3.02922E+06 % Am245
0.00000E+00 0.00000E+00 0.00000E+00 0.00000E+00 % lost data
7.54172E+09 3.34667E+18 3.71460E+18 3.76911E+18 % total
];

MAT_uco_H = [
0.00000E+00 4.09509E-09 6.48189E-08 1.18187E-07 % H3
0.00000E+00 2.07533E+03 2.08713E+03 2.08802E+03 % Xe135
3.17425E-03 3.16665E-03 3.04131E-03 2.90615E-03 % U235
2.22379E-03 2.22353E-03 2.21906E-03 2.21393E-03 % U238
0.00000E+00 5.15215E-07 1.02587E-02 9.80768E-02 % Pu238
0.00000E+00 2.74368E-02 9.09924E-01 1.71716E+00 % Pu239
0.00000E+00 2.52780E-04 1.45979E-01 5.41129E-01 % Pu240
0.00000E+00 4.68627E-07 5.48375E-03 4.20012E-02 % Pu241
0.00000E+00 1.07307E-11 2.48723E-06 4.05695E-05 % Pu242
0.00000E+00 2.39590E-09 5.43135E-04 8.65181E-03 % Am241
0.00000E+00 2.01754E-12 2.01825E-05 7.56481E-04 % Am244
0.00000E+00 4.50334E-16 4.06362E-09 1.52834E-07 % Am245
0.00000E+00 0.00000E+00 0.00000E+00 0.00000E+00 % lost data
5.39805E-03 1.20064E+06 1.23416E+06 1.22971E+06 % total
];

MAT_uco_SF = [
0.00000E+00 0.00000E+00 0.00000E+00 0.00000E+00 % H3
0.00000E+00 0.00000E+00 0.00000E+00 0.00000E+00 % Xe135
3.09253E-01 3.08513E-01 2.96301E-01 2.83133E-01 % U235
1.77261E+05 1.77240E+05 1.76883E+05 1.76475E+05 % U238
0.00000E+00 1.07026E-03 2.13105E+01 2.03736E+02 % Pu238
0.00000E+00 1.01286E-01 3.35907E+00 6.33908E+00 % Pu239
0.00000E+00 1.71262E+01 9.89028E+03 3.66622E+04 % Pu240
0.00000E+00 0.00000E+00 0.00000E+00 0.00000E+00 % Pu241
0.00000E+00 7.39391E-05 1.71380E+01 2.79541E+02 % Pu242
0.00000E+00 1.14907E-08 2.60487E-03 4.14940E-02 % Am241
0.00000E+00 0.00000E+00 0.00000E+00 0.00000E+00 % Am244
0.00000E+00 0.00000E+00 0.00000E+00 0.00000E+00 % Am245
0.00000E+00 0.00000E+00 0.00000E+00 0.00000E+00 % lost data
1.77261E+05 1.77258E+05 1.87631E+05 2.40487E+05 % total
];

MAT_uco_ING_TOX = [
0.00000E+00 1.88664E-04 2.98626E-03 5.44496E-03 % H3
0.00000E+00 4.83429E+09 4.86177E+09 4.86384E+09 % Xe135
2.01874E+02 2.01390E+02 1.93419E+02 1.84823E+02 % U235
1.46094E+02 1.46077E+02 1.45783E+02 1.45446E+02 % U238
0.00000E+00 1.32345E-01 2.63517E+03 2.51932E+04 % Pu238
0.00000E+00 8.16819E+03 2.70893E+05 5.11216E+05 % Pu239
0.00000E+00 7.51149E+01 4.33784E+04 1.60799E+05 % Pu240
0.00000E+00 2.62174E+00 3.06789E+04 2.34976E+05 % Pu241
0.00000E+00 3.22643E-06 7.47842E-01 1.21981E+01 % Pu242
0.00000E+00 5.34453E-04 1.21157E+02 1.92995E+03 % Am241
0.00000E+00 5.22451E-09 5.22636E-02 1.95894E+00 % Am244
0.00000E+00 5.53397E-13 4.99361E-06 1.87812E-04 % Am245
0.00000E+00 0.00000E+00 0.00000E+00 0.00000E+00 % lost data
3.47968E+02 4.59827E+10 6.15513E+10 6.15443E+10 % total
];

MAT_uco_INH_TOX = [
0.00000E+00 1.16792E-03 1.84864E-02 3.37069E-02 % H3
0.00000E+00 2.53225E+09 2.54664E+09 2.54773E+09 % Xe135
3.65091E+04 3.64216E+04 3.49800E+04 3.34254E+04 % U235
2.59723E+04 2.59692E+04 2.59169E+04 2.58571E+04 % U238
0.00000E+00 6.32952E+01 1.26030E+06 1.20489E+07 % Pu238
0.00000E+00 3.92073E+06 1.30029E+08 2.45384E+08 % Pu239
0.00000E+00 3.60551E+04 2.08216E+07 7.71837E+07 % Pu240
0.00000E+00 1.25625E+03 1.47003E+07 1.12593E+08 % Pu241
0.00000E+00 1.47878E-03 3.42761E+02 5.59081E+03 % Pu242
0.00000E+00 2.56537E-01 5.81553E+04 9.26378E+05 % Am241
0.00000E+00 4.20232E-08 4.20381E-01 1.57567E+01 % Am244
0.00000E+00 4.99842E-13 4.51036E-06 1.69636E-04 % Am245
0.00000E+00 0.00000E+00 0.00000E+00 0.00000E+00 % lost data
6.24813E+04 4.45208E+10 5.94926E+10 6.13403E+10 % total
];

TOT_VOLUME = [ 3.19338E+04 3.19338E+04 3.19338E+04 3.19338E+04 ];

TOT_BURNUP = [ 0.00000E+00 3.17718E-01 5.65536E+00 1.16286E+01 ];

TOT_ADENS = [
0.00000E+00 7.89005E-14 1.24887E-12 2.27711E-12 % H3
0.00000E+00 3.42205E-08 3.44150E-08 3.44297E-08 % Xe135
4.31104E-03 4.30071E-03 4.13048E-03 3.94691E-03 % U235
2.06805E-02 2.06781E-02 2.06364E-02 2.05887E-02 % U238
0.00000E+00 7.19459E-14 1.43255E-09 1.36957E-08 % Pu238
0.00000E+00 1.12308E-06 3.72463E-05 7.02893E-05 % Pu239
0.00000E+00 2.81050E-09 1.62305E-06 6.01647E-06 % Pu240
0.00000E+00 1.11278E-11 1.30214E-07 9.97341E-07 % Pu241
0.00000E+00 7.18732E-15 1.66592E-09 2.71730E-08 % Pu242
0.00000E+00 1.64814E-15 3.73622E-10 5.95157E-09 % Am241
0.00000E+00 1.86568E-23 1.86633E-16 6.99539E-15 % Am244
0.00000E+00 2.97595E-27 2.68537E-20 1.00998E-18 % Am245
0.00000E+00 6.71405E-08 1.19975E-06 2.47490E-06 % lost data
7.04520E-02 7.04601E-02 7.05973E-02 7.07507E-02 % total
];

