
DET1001 = [
    1    1    1    1    1    1    1    1    1    1  4.94165E+18 0.00450 
    2    2    1    1    1    1    1    1    1    1  2.03174E+18 0.00560 
    3    3    1    1    1    1    1    1    1    1  2.10399E+17 0.01091 
];


DET1001E = [
 1.00000E-09  6.25000E-07  3.13000E-07
 6.25000E-07  1.00000E-01  5.00003E-02
 1.00000E-01  2.00000E+01  1.00500E+01
];

DET1002 = [
    1    1    1    1    1    1    1    1    1    1  1.31379E+17 0.00786 
    2    2    1    1    1    1    1    1    1    1  3.96618E+17 0.00471 
    3    3    1    1    1    1    1    1    1    1  1.88381E+17 0.00665 
];


DET1002E = [
 1.00000E-09  6.25000E-07  3.13000E-07
 6.25000E-07  1.00000E-01  5.00003E-02
 1.00000E-01  2.00000E+01  1.00500E+01
];
