
DET1001 = [
    1    1    1    1    1    1    1    1    1    1  4.88851E+18 0.00477 
    2    2    1    1    1    1    1    1    1    1  1.98032E+18 0.00618 
    3    3    1    1    1    1    1    1    1    1  2.00631E+17 0.01110 
];


DET1001E = [
 1.00000E-09  6.25000E-07  3.13000E-07
 6.25000E-07  1.00000E-01  5.00003E-02
 1.00000E-01  2.00000E+01  1.00500E+01
];

DET1002 = [
    1    1    1    1    1    1    1    1    1    1  1.30346E+17 0.00870 
    2    2    1    1    1    1    1    1    1    1  3.85528E+17 0.00504 
    3    3    1    1    1    1    1    1    1    1  1.82162E+17 0.00597 
];


DET1002E = [
 1.00000E-09  6.25000E-07  3.13000E-07
 6.25000E-07  1.00000E-01  5.00003E-02
 1.00000E-01  2.00000E+01  1.00500E+01
];
