
DET1001 = [
    1    1    1    1    1    1    1    1    1    1  4.82384E+18 0.00452 
    2    2    1    1    1    1    1    1    1    1  1.93858E+18 0.00542 
    3    3    1    1    1    1    1    1    1    1  1.93640E+17 0.01101 
];


DET1001E = [
 1.00000E-09  6.25000E-07  3.13000E-07
 6.25000E-07  1.00000E-01  5.00003E-02
 1.00000E-01  2.00000E+01  1.00500E+01
];

DET1002 = [
    1    1    1    1    1    1    1    1    1    1  1.33103E+17 0.00803 
    2    2    1    1    1    1    1    1    1    1  3.77890E+17 0.00492 
    3    3    1    1    1    1    1    1    1    1  1.79208E+17 0.00667 
];


DET1002E = [
 1.00000E-09  6.25000E-07  3.13000E-07
 6.25000E-07  1.00000E-01  5.00003E-02
 1.00000E-01  2.00000E+01  1.00500E+01
];
