
DET1001 = [
    1    1    1    1    1    1    1    1    1    1  5.12358E+18 0.00451 
    2    2    1    1    1    1    1    1    1    1  1.82268E+18 0.00608 
    3    3    1    1    1    1    1    1    1    1  1.65498E+17 0.01215 
];


DET1001E = [
 1.00000E-09  6.25000E-07  3.13000E-07
 6.25000E-07  1.00000E-01  5.00003E-02
 1.00000E-01  2.00000E+01  1.00500E+01
];

DET1002 = [
    1    1    1    1    1    1    1    1    1    1  2.09737E+17 0.00634 
    2    2    1    1    1    1    1    1    1    1  4.03384E+17 0.00461 
    3    3    1    1    1    1    1    1    1    1  1.81640E+17 0.00629 
];


DET1002E = [
 1.00000E-09  6.25000E-07  3.13000E-07
 6.25000E-07  1.00000E-01  5.00003E-02
 1.00000E-01  2.00000E+01  1.00500E+01
];
