
DET1001 = [
    1    1    1    1    1    1    1    1    1    1  5.27499E+18 0.00446 
    2    2    1    1    1    1    1    1    1    1  1.89566E+18 0.00578 
    3    3    1    1    1    1    1    1    1    1  1.72047E+17 0.01198 
];


DET1001E = [
 1.00000E-09  6.25000E-07  3.13000E-07
 6.25000E-07  1.00000E-01  5.00003E-02
 1.00000E-01  2.00000E+01  1.00500E+01
];

DET1002 = [
    1    1    1    1    1    1    1    1    1    1  2.09341E+17 0.00641 
    2    2    1    1    1    1    1    1    1    1  4.31021E+17 0.00444 
    3    3    1    1    1    1    1    1    1    1  1.95640E+17 0.00647 
];


DET1002E = [
 1.00000E-09  6.25000E-07  3.13000E-07
 6.25000E-07  1.00000E-01  5.00003E-02
 1.00000E-01  2.00000E+01  1.00500E+01
];
