
DET1001 = [
    1    1    1    1    1    1    1    1    1    1  5.17639E+18 0.00448 
    2    2    1    1    1    1    1    1    1    1  1.86545E+18 0.00591 
    3    3    1    1    1    1    1    1    1    1  1.69058E+17 0.01154 
];


DET1001E = [
 1.00000E-09  6.25000E-07  3.13000E-07
 6.25000E-07  1.00000E-01  5.00003E-02
 1.00000E-01  2.00000E+01  1.00500E+01
];

DET1002 = [
    1    1    1    1    1    1    1    1    1    1  2.11691E+17 0.00624 
    2    2    1    1    1    1    1    1    1    1  4.14276E+17 0.00482 
    3    3    1    1    1    1    1    1    1    1  1.84342E+17 0.00662 
];


DET1002E = [
 1.00000E-09  6.25000E-07  3.13000E-07
 6.25000E-07  1.00000E-01  5.00003E-02
 1.00000E-01  2.00000E+01  1.00500E+01
];
