
ZAI = [
10030
541350
922350
922380
942380
942390
942400
942410
942420
952410
952440
952450
666
0
];

NAMES = [
'H3              '
'Xe135           '
'U235            '
'U238            '
'Pu238           '
'Pu239           '
'Pu240           '
'Pu241           '
'Pu242           '
'Am241           '
'Am244           '
'Am245           '
'lost            '
'total           '
];

i10030  = 1; iH3               = 1;
i541350 = 2; iXe135            = 2;
i922350 = 3; iU235             = 3;
i922380 = 4; iU238             = 4;
i942380 = 5; iPu238            = 5;
i942390 = 6; iPu239            = 6;
i942400 = 7; iPu240            = 7;
i942410 = 8; iPu241            = 8;
i942420 = 9; iPu242            = 9;
i952410 = 10; iAm241            = 10;
i952440 = 11; iAm244            = 11;
i952450 = 12; iAm245            = 12;
iLOST    = 13;
iTOT     = 14;

MAT_uco_VOLUME = [ 2.43398E+04 2.43398E+04 2.43398E+04 2.43398E+04 ];

MAT_uco_BURNUP = [ 0.00000E+00 4.16834E-01 7.41966E+00 1.52562E+01 ];

MAT_uco_ADENS = [
0.00000E+00 8.57331E-14 1.30168E-12 2.25312E-12 % H3
0.00000E+00 3.52982E-08 3.54937E-08 3.52108E-08 % Xe135
3.74777E-03 3.73437E-03 3.51540E-03 3.28289E-03 % U235
2.12374E-02 2.12342E-02 2.11799E-02 2.11173E-02 % U238
0.00000E+00 1.05528E-13 2.61583E-09 2.52265E-08 % Pu238
0.00000E+00 1.46152E-06 4.59527E-05 8.22978E-05 % Pu239
0.00000E+00 5.31233E-09 3.03490E-06 1.06923E-05 % Pu240
0.00000E+00 2.50439E-11 2.87720E-07 2.07848E-06 % Pu241
0.00000E+00 2.41275E-14 5.59750E-09 8.76120E-08 % Pu242
0.00000E+00 3.67590E-15 8.23206E-10 1.23149E-08 % Am241
0.00000E+00 8.20661E-23 8.75319E-16 3.13404E-14 % Am244
0.00000E+00 1.89868E-26 1.83360E-19 6.61517E-18 % Am245
0.00000E+00 8.80611E-08 1.57695E-06 3.25638E-06 % lost data
7.04339E-02 7.04447E-02 7.06247E-02 7.08259E-02 % total
];

MAT_uco_MDENS = [
0.00000E+00 4.29303E-13 6.51809E-12 1.12824E-11 % H3
0.00000E+00 7.90757E-06 7.95137E-06 7.88798E-06 % Xe135
1.46278E+00 1.45755E+00 1.37208E+00 1.28133E+00 % U235
8.39511E+00 8.39387E+00 8.37240E+00 8.34766E+00 % U238
0.00000E+00 4.17149E-11 1.03403E-06 9.97194E-06 % Pu238
0.00000E+00 5.80167E-04 1.82415E-02 3.26691E-02 % Pu239
0.00000E+00 2.11763E-06 1.20979E-03 4.26224E-03 % Pu240
0.00000E+00 1.00245E-08 1.15168E-04 8.31969E-04 % Pu241
0.00000E+00 9.69813E-12 2.24994E-06 3.52160E-05 % Pu242
0.00000E+00 1.47143E-12 3.29522E-07 4.92955E-06 % Am241
0.00000E+00 3.32602E-20 3.54754E-13 1.27018E-11 % Am244
0.00000E+00 7.72666E-24 7.46180E-17 2.69204E-15 % Am245
0.00000E+00 0.00000E+00 0.00000E+00 0.00000E+00 % lost data
1.10000E+01 1.09999E+01 1.09989E+01 1.09978E+01 % total
];

MAT_uco_A = [
0.00000E+00 3.72028E+06 5.64848E+07 9.77714E+07 % H3
0.00000E+00 1.80986E+16 1.81989E+16 1.80538E+16 % Xe135
2.84602E+09 2.83585E+09 2.66957E+09 2.49300E+09 % U235
2.54113E+09 2.54075E+09 2.53425E+09 2.52677E+09 % U238
0.00000E+00 6.43289E+05 1.59459E+10 1.53778E+11 % Pu238
0.00000E+00 3.24074E+10 1.01895E+12 1.82486E+12 % Pu239
0.00000E+00 4.32866E+08 2.47293E+11 8.71247E+11 % Pu240
0.00000E+00 9.36929E+08 1.07641E+13 7.77592E+13 % Pu241
0.00000E+00 3.43971E+01 7.98002E+06 1.24903E+08 % Pu242
0.00000E+00 4.54271E+03 1.01733E+09 1.52189E+10 % Am241
0.00000E+00 3.80787E+01 4.06148E+08 1.45420E+10 % Am244
0.00000E+00 4.34048E-02 4.19169E+05 1.51226E+07 % Am245
0.00000E+00 0.00000E+00 0.00000E+00 0.00000E+00 % lost data
5.38715E+09 3.33861E+18 3.69746E+18 3.74016E+18 % total
];

MAT_uco_H = [
0.00000E+00 3.39155E-09 5.14937E-08 8.91322E-08 % H3
0.00000E+00 1.63162E+03 1.64066E+03 1.62758E+03 % Xe135
2.10329E-03 2.09577E-03 1.97288E-03 1.84239E-03 % U235
1.74061E-03 1.74035E-03 1.73590E-03 1.73077E-03 % U238
0.00000E+00 5.75993E-07 1.42777E-02 1.37691E-01 % Pu238
0.00000E+00 2.72140E-02 8.55656E-01 1.53241E+00 % Pu239
0.00000E+00 3.64175E-04 2.08050E-01 7.32989E-01 % Pu240
0.00000E+00 8.03869E-07 9.23538E-03 6.67161E-02 % Pu241
0.00000E+00 2.74561E-11 6.36974E-06 9.96991E-05 % Pu242
0.00000E+00 4.07291E-09 9.12116E-04 1.36450E-02 % Am241
0.00000E+00 6.76419E-12 7.21471E-05 2.58319E-03 % Am244
0.00000E+00 2.18991E-15 2.11485E-08 7.62985E-07 % Am245
0.00000E+00 0.00000E+00 0.00000E+00 0.00000E+00 % lost data
3.84389E-03 1.19940E+06 1.22746E+06 1.21658E+06 % total
];

MAT_uco_SF = [
0.00000E+00 0.00000E+00 0.00000E+00 0.00000E+00 % H3
0.00000E+00 0.00000E+00 0.00000E+00 0.00000E+00 % Xe135
2.04914E-01 2.04181E-01 1.92209E-01 1.79496E-01 % U235
1.38746E+05 1.38725E+05 1.38370E+05 1.37961E+05 % U238
0.00000E+00 1.19652E-03 2.96593E+01 2.86027E+02 % Pu238
0.00000E+00 1.00463E-01 3.15874E+00 5.65706E+00 % Pu239
0.00000E+00 2.46734E+01 1.40957E+04 4.96611E+04 % Pu240
0.00000E+00 0.00000E+00 0.00000E+00 0.00000E+00 % Pu241
0.00000E+00 1.89184E-04 4.38901E+01 6.86968E+02 % Pu242
0.00000E+00 1.95337E-08 4.37450E-03 6.54414E-02 % Am241
0.00000E+00 0.00000E+00 0.00000E+00 0.00000E+00 % Am244
0.00000E+00 0.00000E+00 0.00000E+00 0.00000E+00 % Am245
0.00000E+00 0.00000E+00 0.00000E+00 0.00000E+00 % lost data
1.38746E+05 1.38750E+05 1.54518E+05 2.50887E+05 % total
];

MAT_uco_ING_TOX = [
0.00000E+00 1.56252E-04 2.37236E-03 4.10640E-03 % H3
0.00000E+00 3.80071E+09 3.82176E+09 3.79130E+09 % Xe135
1.33763E+02 1.33285E+02 1.25470E+02 1.17171E+02 % U235
1.14351E+02 1.14334E+02 1.14041E+02 1.13704E+02 % U238
0.00000E+00 1.47957E-01 3.66755E+03 3.53690E+04 % Pu238
0.00000E+00 8.10186E+03 2.54737E+05 4.56214E+05 % Pu239
0.00000E+00 1.08217E+02 6.18233E+04 2.17812E+05 % Pu240
0.00000E+00 4.49726E+00 5.16675E+04 3.73244E+05 % Pu241
0.00000E+00 8.25530E-06 1.91521E+00 2.99768E+01 % Pu242
0.00000E+00 9.08543E-04 2.03465E+02 3.04378E+03 % Am241
0.00000E+00 1.75162E-08 1.86828E-01 6.68930E+00 % Am244
0.00000E+00 2.69109E-12 2.59885E-05 9.37602E-04 % Am245
0.00000E+00 0.00000E+00 0.00000E+00 0.00000E+00 % lost data
2.48114E+02 4.49251E+10 6.04123E+10 6.01882E+10 % total
];

MAT_uco_INH_TOX = [
0.00000E+00 9.67272E-04 1.46860E-02 2.54206E-02 % H3
0.00000E+00 1.99085E+09 2.00188E+09 1.98592E+09 % Xe135
2.41912E+04 2.41047E+04 2.26913E+04 2.11905E+04 % U235
2.03290E+04 2.03260E+04 2.02740E+04 2.02141E+04 % U238
0.00000E+00 7.07618E+01 1.75404E+06 1.69156E+07 % Pu238
0.00000E+00 3.88889E+06 1.22274E+08 2.18983E+08 % Pu239
0.00000E+00 5.19439E+04 2.96752E+07 1.04550E+08 % Pu240
0.00000E+00 2.15494E+03 2.47573E+07 1.78846E+08 % Pu241
0.00000E+00 3.78368E-03 8.77803E+02 1.37394E+04 % Pu242
0.00000E+00 4.36101E-01 9.76633E+04 1.46102E+06 % Am241
0.00000E+00 1.40891E-07 1.50275E+00 5.38052E+01 % Am244
0.00000E+00 2.43067E-12 2.34735E-05 8.46866E-04 % Am245
0.00000E+00 0.00000E+00 0.00000E+00 0.00000E+00 % lost data
4.45202E+04 4.39470E+10 5.89181E+10 6.06639E+10 % total
];

TOT_VOLUME = [ 2.43398E+04 2.43398E+04 2.43398E+04 2.43398E+04 ];

TOT_BURNUP = [ 0.00000E+00 4.16834E-01 7.41966E+00 1.52562E+01 ];

TOT_ADENS = [
0.00000E+00 8.57331E-14 1.30168E-12 2.25312E-12 % H3
0.00000E+00 3.52982E-08 3.54937E-08 3.52108E-08 % Xe135
3.74777E-03 3.73437E-03 3.51540E-03 3.28289E-03 % U235
2.12374E-02 2.12342E-02 2.11799E-02 2.11173E-02 % U238
0.00000E+00 1.05528E-13 2.61583E-09 2.52265E-08 % Pu238
0.00000E+00 1.46152E-06 4.59527E-05 8.22978E-05 % Pu239
0.00000E+00 5.31233E-09 3.03490E-06 1.06923E-05 % Pu240
0.00000E+00 2.50439E-11 2.87720E-07 2.07848E-06 % Pu241
0.00000E+00 2.41275E-14 5.59750E-09 8.76120E-08 % Pu242
0.00000E+00 3.67590E-15 8.23206E-10 1.23149E-08 % Am241
0.00000E+00 8.20661E-23 8.75319E-16 3.13404E-14 % Am244
0.00000E+00 1.89868E-26 1.83360E-19 6.61517E-18 % Am245
0.00000E+00 8.80611E-08 1.57695E-06 3.25638E-06 % lost data
7.04339E-02 7.04447E-02 7.06247E-02 7.08259E-02 % total
];

