
DET1001 = [
    1    1    1    1    1    1    1    1    1    1  5.38399E+18 0.00471 
    2    2    1    1    1    1    1    1    1    1  1.91492E+18 0.00629 
    3    3    1    1    1    1    1    1    1    1  1.72908E+17 0.01192 
];


DET1001E = [
 1.00000E-09  6.25000E-07  3.13000E-07
 6.25000E-07  1.00000E-01  5.00003E-02
 1.00000E-01  2.00000E+01  1.00500E+01
];

DET1002 = [
    1    1    1    1    1    1    1    1    1    1  2.11841E+17 0.00644 
    2    2    1    1    1    1    1    1    1    1  4.46200E+17 0.00469 
    3    3    1    1    1    1    1    1    1    1  2.00189E+17 0.00624 
];


DET1002E = [
 1.00000E-09  6.25000E-07  3.13000E-07
 6.25000E-07  1.00000E-01  5.00003E-02
 1.00000E-01  2.00000E+01  1.00500E+01
];
