
DET1001 = [
    1    1    1    1    1    1    1    1    1    1  5.67684E+18 0.00445 
    2    2    1    1    1    1    1    1    1    1  1.94983E+18 0.00571 
    3    3    1    1    1    1    1    1    1    1  1.96245E+17 0.01151 
];


DET1001E = [
 1.00000E-09  6.25000E-07  3.13000E-07
 6.25000E-07  1.00000E-01  5.00003E-02
 1.00000E-01  2.00000E+01  1.00500E+01
];

DET1002 = [
    1    1    1    1    1    1    1    1    1    1  2.22737E+17 0.00639 
    2    2    1    1    1    1    1    1    1    1  4.07476E+17 0.00467 
    3    3    1    1    1    1    1    1    1    1  1.86688E+17 0.00621 
];


DET1002E = [
 1.00000E-09  6.25000E-07  3.13000E-07
 6.25000E-07  1.00000E-01  5.00003E-02
 1.00000E-01  2.00000E+01  1.00500E+01
];
