
DET1001 = [
    1    1    1    1    1    1    1    1    1    1  6.02240E+18 0.00423 
    2    2    1    1    1    1    1    1    1    1  2.11174E+18 0.00583 
    3    3    1    1    1    1    1    1    1    1  2.15487E+17 0.01120 
];


DET1001E = [
 1.00000E-09  6.25000E-07  3.13000E-07
 6.25000E-07  1.00000E-01  5.00003E-02
 1.00000E-01  2.00000E+01  1.00500E+01
];

DET1002 = [
    1    1    1    1    1    1    1    1    1    1  2.26733E+17 0.00667 
    2    2    1    1    1    1    1    1    1    1  4.44946E+17 0.00461 
    3    3    1    1    1    1    1    1    1    1  2.07868E+17 0.00588 
];


DET1002E = [
 1.00000E-09  6.25000E-07  3.13000E-07
 6.25000E-07  1.00000E-01  5.00003E-02
 1.00000E-01  2.00000E+01  1.00500E+01
];
