
ZAI = [
10030
541350
922350
922380
942380
942390
942400
942410
942420
952410
952440
952450
666
0
];

NAMES = [
'H3              '
'Xe135           '
'U235            '
'U238            '
'Pu238           '
'Pu239           '
'Pu240           '
'Pu241           '
'Pu242           '
'Am241           '
'Am244           '
'Am245           '
'lost            '
'total           '
];

i10030  = 1; iH3               = 1;
i541350 = 2; iXe135            = 2;
i922350 = 3; iU235             = 3;
i922380 = 4; iU238             = 4;
i942380 = 5; iPu238            = 5;
i942390 = 6; iPu239            = 6;
i942400 = 7; iPu240            = 7;
i942410 = 8; iPu241            = 8;
i942420 = 9; iPu242            = 9;
i952410 = 10; iAm241            = 10;
i952440 = 11; iAm244            = 11;
i952450 = 12; iAm245            = 12;
iLOST    = 13;
iTOT     = 14;

MAT_uco_VOLUME = [ 2.32244E+04 2.32244E+04 2.32244E+04 2.32244E+04 ];

MAT_uco_BURNUP = [ 0.00000E+00 4.36853E-01 7.77603E+00 1.59889E+01 ];

MAT_uco_ADENS = [
0.00000E+00 8.94195E-14 1.34104E-12 2.28858E-12 % H3
0.00000E+00 3.58437E-08 3.59428E-08 3.55377E-08 % Xe135
3.74777E-03 3.73375E-03 3.50453E-03 3.26104E-03 % U235
2.12374E-02 2.12343E-02 2.11804E-02 2.11183E-02 % U238
0.00000E+00 1.13637E-13 2.90005E-09 2.80241E-08 % Pu238
0.00000E+00 1.44453E-06 4.50807E-05 7.99828E-05 % Pu239
0.00000E+00 5.50908E-09 3.14655E-06 1.10201E-05 % Pu240
0.00000E+00 2.67619E-11 3.09177E-07 2.19780E-06 % Pu241
0.00000E+00 2.73053E-14 6.42390E-09 9.96325E-08 % Pu242
0.00000E+00 3.92267E-15 8.84115E-10 1.30067E-08 % Am241
0.00000E+00 9.70303E-23 1.03624E-15 3.77021E-14 % Am244
0.00000E+00 2.38593E-26 2.30426E-19 8.50316E-18 % Am245
0.00000E+00 9.22909E-08 1.65267E-06 3.41237E-06 % lost data
7.04339E-02 7.04452E-02 7.06339E-02 7.08447E-02 % total
];

MAT_uco_MDENS = [
0.00000E+00 4.47763E-13 6.71518E-12 1.14599E-11 % H3
0.00000E+00 8.02978E-06 8.05197E-06 7.96122E-06 % Xe135
1.46278E+00 1.45730E+00 1.36784E+00 1.27280E+00 % U235
8.39511E+00 8.39388E+00 8.37260E+00 8.34806E+00 % U238
0.00000E+00 4.49205E-11 1.14638E-06 1.10779E-05 % Pu238
0.00000E+00 5.73423E-04 1.78953E-02 3.17501E-02 % Pu239
0.00000E+00 2.19606E-06 1.25430E-03 4.39290E-03 % Pu240
0.00000E+00 1.07122E-08 1.23756E-04 8.79729E-04 % Pu241
0.00000E+00 1.09755E-11 2.58211E-06 4.00477E-05 % Pu242
0.00000E+00 1.57021E-12 3.53903E-07 5.20646E-06 % Am241
0.00000E+00 3.93250E-20 4.19972E-13 1.52801E-11 % Am244
0.00000E+00 9.70952E-24 9.37714E-17 3.46035E-15 % Am245
0.00000E+00 0.00000E+00 0.00000E+00 0.00000E+00 % lost data
1.10000E+01 1.09999E+01 1.09989E+01 1.09977E+01 % total
];

MAT_uco_A = [
0.00000E+00 3.70244E+06 5.55262E+07 9.47595E+07 % H3
0.00000E+00 1.75362E+16 1.75846E+16 1.73865E+16 % Xe135
2.71561E+09 2.70545E+09 2.53936E+09 2.36293E+09 % U235
2.42469E+09 2.42433E+09 2.41818E+09 2.41110E+09 % U238
0.00000E+00 6.60981E+05 1.68683E+10 1.63004E+11 % Pu238
0.00000E+00 3.05630E+10 9.53807E+11 1.69226E+12 % Pu239
0.00000E+00 4.28328E+08 2.44643E+11 8.56809E+11 % Pu240
0.00000E+00 9.55325E+08 1.10367E+13 7.84553E+13 % Pu241
0.00000E+00 3.71437E+01 8.73852E+06 1.35531E+08 % Pu242
0.00000E+00 4.62554E+03 1.04253E+09 1.53373E+10 % Am241
0.00000E+00 4.29590E+01 4.58782E+08 1.66922E+10 % Am244
0.00000E+00 5.20442E-02 5.02626E+05 1.85479E+07 % Am245
0.00000E+00 0.00000E+00 0.00000E+00 0.00000E+00 % lost data
5.14030E+09 3.32027E+18 3.67141E+18 3.71232E+18 % total
];

MAT_uco_H = [
0.00000E+00 3.37529E-09 5.06198E-08 8.63864E-08 % H3
0.00000E+00 1.58092E+03 1.58528E+03 1.56742E+03 % Xe135
2.00691E-03 1.99940E-03 1.87666E-03 1.74627E-03 % U235
1.66085E-03 1.66060E-03 1.65639E-03 1.65154E-03 % U238
0.00000E+00 5.91833E-07 1.51037E-02 1.45952E-01 % Pu238
0.00000E+00 2.56651E-02 8.00954E-01 1.42106E+00 % Pu239
0.00000E+00 3.60357E-04 2.05820E-01 7.20842E-01 % Pu240
0.00000E+00 8.19652E-07 9.46934E-03 6.73133E-02 % Pu241
0.00000E+00 2.96485E-11 6.97518E-06 1.08183E-04 % Pu242
0.00000E+00 4.14717E-09 9.34715E-04 1.37511E-02 % Am241
0.00000E+00 7.63113E-12 8.14968E-05 2.96515E-03 % Am244
0.00000E+00 2.62580E-15 2.53591E-08 9.35802E-07 % Am245
0.00000E+00 0.00000E+00 0.00000E+00 0.00000E+00 % lost data
3.66775E-03 1.19802E+06 1.22388E+06 1.21250E+06 % total
];

MAT_uco_SF = [
0.00000E+00 0.00000E+00 0.00000E+00 0.00000E+00 % H3
0.00000E+00 0.00000E+00 0.00000E+00 0.00000E+00 % Xe135
1.95524E-01 1.94793E-01 1.82834E-01 1.70131E-01 % U235
1.32388E+05 1.32368E+05 1.32033E+05 1.31646E+05 % U238
0.00000E+00 1.22942E-03 3.13751E+01 3.03188E+02 % Pu238
0.00000E+00 9.47453E-02 2.95680E+00 5.24600E+00 % Pu239
0.00000E+00 2.44147E+01 1.39446E+04 4.88381E+04 % Pu240
0.00000E+00 0.00000E+00 0.00000E+00 0.00000E+00 % Pu241
0.00000E+00 2.04291E-04 4.80618E+01 7.45423E+02 % Pu242
0.00000E+00 1.98898E-08 4.48289E-03 6.59502E-02 % Am241
0.00000E+00 0.00000E+00 0.00000E+00 0.00000E+00 % Am244
0.00000E+00 0.00000E+00 0.00000E+00 0.00000E+00 % Am245
0.00000E+00 0.00000E+00 0.00000E+00 0.00000E+00 % lost data
1.32388E+05 1.32393E+05 1.48208E+05 2.48684E+05 % total
];

MAT_uco_ING_TOX = [
0.00000E+00 1.55503E-04 2.33210E-03 3.97990E-03 % H3
0.00000E+00 3.68260E+09 3.69278E+09 3.65116E+09 % Xe135
1.27634E+02 1.27156E+02 1.19350E+02 1.11058E+02 % U235
1.09111E+02 1.09095E+02 1.08818E+02 1.08499E+02 % U238
0.00000E+00 1.52026E-01 3.87972E+03 3.74910E+04 % Pu238
0.00000E+00 7.64075E+03 2.38452E+05 4.23065E+05 % Pu239
0.00000E+00 1.07082E+02 6.11607E+04 2.14202E+05 % Pu240
0.00000E+00 4.58556E+00 5.29764E+04 3.76585E+05 % Pu241
0.00000E+00 8.91450E-06 2.09724E+00 3.25276E+01 % Pu242
0.00000E+00 9.25108E-04 2.08506E+02 3.06745E+03 % Am241
0.00000E+00 1.97611E-08 2.11040E-01 7.67839E+00 % Am244
0.00000E+00 3.22674E-12 3.11628E-05 1.14997E-03 % Am245
0.00000E+00 0.00000E+00 0.00000E+00 0.00000E+00 % lost data
2.36745E+02 4.47976E+10 6.01746E+10 5.99056E+10 % total
];

MAT_uco_INH_TOX = [
0.00000E+00 9.62635E-04 1.44368E-02 2.46375E-02 % H3
0.00000E+00 1.92898E+09 1.93431E+09 1.91251E+09 % Xe135
2.30827E+04 2.29963E+04 2.15846E+04 2.00849E+04 % U235
1.93975E+04 1.93946E+04 1.93455E+04 1.92888E+04 % U238
0.00000E+00 7.27079E+01 1.85552E+06 1.79305E+07 % Pu238
0.00000E+00 3.66756E+06 1.14457E+08 2.03071E+08 % Pu239
0.00000E+00 5.13994E+04 2.93571E+07 1.02817E+08 % Pu240
0.00000E+00 2.19725E+03 2.53845E+07 1.80447E+08 % Pu241
0.00000E+00 4.08581E-03 9.61237E+02 1.49085E+04 % Pu242
0.00000E+00 4.44052E-01 1.00083E+05 1.47238E+06 % Am241
0.00000E+00 1.58948E-07 1.69749E+00 6.17610E+01 % Am244
0.00000E+00 2.91447E-12 2.81471E-05 1.03868E-03 % Am245
0.00000E+00 0.00000E+00 0.00000E+00 0.00000E+00 % lost data
4.24802E+04 4.38733E+10 5.87323E+10 6.04289E+10 % total
];

TOT_VOLUME = [ 2.32244E+04 2.32244E+04 2.32244E+04 2.32244E+04 ];

TOT_BURNUP = [ 0.00000E+00 4.36853E-01 7.77603E+00 1.59889E+01 ];

TOT_ADENS = [
0.00000E+00 8.94195E-14 1.34104E-12 2.28858E-12 % H3
0.00000E+00 3.58437E-08 3.59428E-08 3.55377E-08 % Xe135
3.74777E-03 3.73375E-03 3.50453E-03 3.26104E-03 % U235
2.12374E-02 2.12343E-02 2.11804E-02 2.11183E-02 % U238
0.00000E+00 1.13637E-13 2.90005E-09 2.80241E-08 % Pu238
0.00000E+00 1.44453E-06 4.50807E-05 7.99828E-05 % Pu239
0.00000E+00 5.50908E-09 3.14655E-06 1.10201E-05 % Pu240
0.00000E+00 2.67619E-11 3.09177E-07 2.19780E-06 % Pu241
0.00000E+00 2.73053E-14 6.42390E-09 9.96325E-08 % Pu242
0.00000E+00 3.92267E-15 8.84115E-10 1.30067E-08 % Am241
0.00000E+00 9.70303E-23 1.03624E-15 3.77021E-14 % Am244
0.00000E+00 2.38593E-26 2.30426E-19 8.50316E-18 % Am245
0.00000E+00 9.22909E-08 1.65267E-06 3.41237E-06 % lost data
7.04339E-02 7.04452E-02 7.06339E-02 7.08447E-02 % total
];

