
DET1001 = [
    1    1    1    1    1    1    1    1    1    1  5.84886E+18 0.00431 
    2    2    1    1    1    1    1    1    1    1  2.03563E+18 0.00579 
    3    3    1    1    1    1    1    1    1    1  2.08860E+17 0.01091 
];


DET1001E = [
 1.00000E-09  6.25000E-07  3.13000E-07
 6.25000E-07  1.00000E-01  5.00003E-02
 1.00000E-01  2.00000E+01  1.00500E+01
];

DET1002 = [
    1    1    1    1    1    1    1    1    1    1  2.24556E+17 0.00627 
    2    2    1    1    1    1    1    1    1    1  4.30773E+17 0.00501 
    3    3    1    1    1    1    1    1    1    1  2.00568E+17 0.00649 
];


DET1002E = [
 1.00000E-09  6.25000E-07  3.13000E-07
 6.25000E-07  1.00000E-01  5.00003E-02
 1.00000E-01  2.00000E+01  1.00500E+01
];
