
DET1001 = [
    1    1    1    1    1    1    1    1    1    1  5.24439E+18 0.00442 
    2    2    1    1    1    1    1    1    1    1  2.28101E+18 0.00506 
    3    3    1    1    1    1    1    1    1    1  3.88783E+17 0.00941 
];


DET1001E = [
 1.00000E-09  6.25000E-07  3.13000E-07
 6.25000E-07  1.00000E-01  5.00003E-02
 1.00000E-01  2.00000E+01  1.00500E+01
];

DET1002 = [
    1    1    1    1    1    1    1    1    1    1  1.14931E+17 0.00856 
    2    2    1    1    1    1    1    1    1    1  3.89486E+17 0.00499 
    3    3    1    1    1    1    1    1    1    1  2.08596E+17 0.00620 
];


DET1002E = [
 1.00000E-09  6.25000E-07  3.13000E-07
 6.25000E-07  1.00000E-01  5.00003E-02
 1.00000E-01  2.00000E+01  1.00500E+01
];
