
DET1001 = [
    1    1    1    1    1    1    1    1    1    1  5.01421E+18 0.00463 
    2    2    1    1    1    1    1    1    1    1  2.18080E+18 0.00472 
    3    3    1    1    1    1    1    1    1    1  3.62115E+17 0.00952 
];


DET1001E = [
 1.00000E-09  6.25000E-07  3.13000E-07
 6.25000E-07  1.00000E-01  5.00003E-02
 1.00000E-01  2.00000E+01  1.00500E+01
];

DET1002 = [
    1    1    1    1    1    1    1    1    1    1  1.11615E+17 0.00821 
    2    2    1    1    1    1    1    1    1    1  3.55467E+17 0.00503 
    3    3    1    1    1    1    1    1    1    1  1.91967E+17 0.00620 
];


DET1002E = [
 1.00000E-09  6.25000E-07  3.13000E-07
 6.25000E-07  1.00000E-01  5.00003E-02
 1.00000E-01  2.00000E+01  1.00500E+01
];
