
ZAI = [
10030
541350
922350
922380
942380
942390
942400
942410
942420
952410
952440
952450
666
0
];

NAMES = [
'H3              '
'Xe135           '
'U235            '
'U238            '
'Pu238           '
'Pu239           '
'Pu240           '
'Pu241           '
'Pu242           '
'Am241           '
'Am244           '
'Am245           '
'lost            '
'total           '
];

i10030  = 1; iH3               = 1;
i541350 = 2; iXe135            = 2;
i922350 = 3; iU235             = 3;
i922380 = 4; iU238             = 4;
i942380 = 5; iPu238            = 5;
i942390 = 6; iPu239            = 6;
i942400 = 7; iPu240            = 7;
i942410 = 8; iPu241            = 8;
i942420 = 9; iPu242            = 9;
i952410 = 10; iAm241            = 10;
i952440 = 11; iAm244            = 11;
i952450 = 12; iAm245            = 12;
iLOST    = 13;
iTOT     = 14;

MAT_uco_VOLUME = [ 3.19338E+04 3.19338E+04 3.19338E+04 3.19338E+04 ];

MAT_uco_BURNUP = [ 0.00000E+00 3.17729E-01 5.65554E+00 1.16289E+01 ];

MAT_uco_ADENS = [
0.00000E+00 8.20560E-14 1.32822E-12 2.45434E-12 % H3
0.00000E+00 3.64051E-08 3.65793E-08 3.65540E-08 % Xe135
4.87458E-03 4.86421E-03 4.69270E-03 4.50677E-03 % U235
2.01233E-02 2.01210E-02 2.00815E-02 2.00362E-02 % U238
0.00000E+00 6.76457E-14 1.38453E-09 1.32449E-08 % Pu238
0.00000E+00 1.07076E-06 3.57553E-05 6.82906E-05 % Pu239
0.00000E+00 2.43550E-09 1.39609E-06 5.22226E-06 % Pu240
0.00000E+00 9.52092E-12 1.09420E-07 8.42959E-07 % Pu241
0.00000E+00 5.65161E-15 1.28530E-09 2.10819E-08 % Pu242
0.00000E+00 1.41449E-15 3.14192E-10 5.03657E-09 % Am241
0.00000E+00 1.43151E-23 1.41155E-16 5.32484E-15 % Am244
0.00000E+00 2.14106E-27 1.91396E-20 7.27001E-19 % Am245
0.00000E+00 6.71559E-08 1.19924E-06 2.47279E-06 % lost data
7.04699E-02 7.04780E-02 7.06152E-02 7.07686E-02 % total
];

MAT_uco_MDENS = [
0.00000E+00 4.10890E-13 6.65097E-12 1.22900E-11 % H3
0.00000E+00 8.15555E-06 8.19457E-06 8.18888E-06 % Xe135
1.90258E+00 1.89853E+00 1.83159E+00 1.75902E+00 % U235
7.95473E+00 7.95381E+00 7.93818E+00 7.92027E+00 % U238
0.00000E+00 2.67401E-11 5.47301E-07 5.23567E-06 % Pu238
0.00000E+00 4.25051E-04 1.41935E-02 2.71088E-02 % Pu239
0.00000E+00 9.70852E-07 5.56518E-04 2.08173E-03 % Pu240
0.00000E+00 3.81101E-09 4.37984E-05 3.37418E-04 % Pu241
0.00000E+00 2.27169E-12 5.16631E-07 8.47394E-06 % Pu242
0.00000E+00 5.66206E-13 1.25768E-07 2.01609E-06 % Am241
0.00000E+00 5.80170E-21 5.72079E-14 2.15808E-12 % Am244
0.00000E+00 8.71304E-25 7.78885E-18 2.95852E-16 % Am245
0.00000E+00 0.00000E+00 0.00000E+00 0.00000E+00 % lost data
1.10000E+01 1.10000E+01 1.09992E+01 1.09983E+01 % total
];

MAT_uco_A = [
0.00000E+00 4.67166E+06 7.56189E+07 1.39732E+08 % H3
0.00000E+00 2.44900E+16 2.46072E+16 2.45902E+16 % Xe135
4.85666E+09 4.84632E+09 4.67544E+09 4.49020E+09 % U235
3.15907E+09 3.15871E+09 3.15250E+09 3.14539E+09 % U238
0.00000E+00 5.41019E+05 1.10733E+10 1.05930E+11 % Pu238
0.00000E+00 3.11507E+10 1.04020E+12 1.98672E+12 % Pu239
0.00000E+00 2.60370E+08 1.49251E+11 5.58291E+11 % Pu240
0.00000E+00 4.67324E+08 5.37077E+12 4.13758E+13 % Pu241
0.00000E+00 1.05710E+01 2.40407E+06 3.94324E+07 % Pu242
0.00000E+00 2.29343E+03 5.09425E+08 8.16621E+09 % Am241
0.00000E+00 8.71457E+00 8.59304E+07 3.24159E+09 % Am244
0.00000E+00 6.42169E-03 5.74054E+04 2.18049E+06 % Am245
0.00000E+00 0.00000E+00 0.00000E+00 0.00000E+00 % lost data
8.01573E+09 3.33371E+18 3.69675E+18 3.75390E+18 % total
];

MAT_uco_H = [
0.00000E+00 4.25886E-09 6.89371E-08 1.27385E-07 % H3
0.00000E+00 2.20782E+03 2.21838E+03 2.21684E+03 % Xe135
3.58920E-03 3.58156E-03 3.45527E-03 3.31837E-03 % U235
2.16388E-03 2.16363E-03 2.15938E-03 2.15451E-03 % U238
0.00000E+00 4.84421E-07 9.91484E-03 9.48487E-02 % Pu238
0.00000E+00 2.61586E-02 8.73500E-01 1.66833E+00 % Pu239
0.00000E+00 2.19052E-04 1.25566E-01 4.69696E-01 % Pu240
0.00000E+00 4.00956E-07 4.60803E-03 3.54997E-02 % Pu241
0.00000E+00 8.43789E-12 1.91896E-06 3.14754E-05 % Pu242
0.00000E+00 2.05624E-09 4.56741E-04 7.32168E-03 % Am241
0.00000E+00 1.54803E-12 1.52645E-05 5.75828E-04 % Am244
0.00000E+00 3.23995E-16 2.89629E-09 1.10013E-07 % Am245
0.00000E+00 0.00000E+00 0.00000E+00 0.00000E+00 % lost data
5.75308E-03 1.19988E+06 1.23336E+06 1.23050E+06 % total
];

MAT_uco_SF = [
0.00000E+00 0.00000E+00 0.00000E+00 0.00000E+00 % H3
0.00000E+00 0.00000E+00 0.00000E+00 0.00000E+00 % Xe135
3.49679E-01 3.48935E-01 3.36632E-01 3.23294E-01 % U235
1.72485E+05 1.72465E+05 1.72126E+05 1.71738E+05 % U238
0.00000E+00 1.00630E-03 2.05963E+01 1.97031E+02 % Pu238
0.00000E+00 9.65671E-02 3.22461E+00 6.15882E+00 % Pu239
0.00000E+00 1.48411E+01 8.50729E+03 3.18226E+04 % Pu240
0.00000E+00 0.00000E+00 0.00000E+00 0.00000E+00 % Pu241
0.00000E+00 5.81405E-05 1.32224E+01 2.16878E+02 % Pu242
0.00000E+00 9.86173E-09 2.19053E-03 3.51147E-02 % Am241
0.00000E+00 0.00000E+00 0.00000E+00 0.00000E+00 % Am244
0.00000E+00 0.00000E+00 0.00000E+00 0.00000E+00 % Am245
0.00000E+00 0.00000E+00 0.00000E+00 0.00000E+00 % lost data
1.72486E+05 1.72481E+05 1.81313E+05 2.25270E+05 % total
];

MAT_uco_ING_TOX = [
0.00000E+00 1.96210E-04 3.17599E-03 5.86874E-03 % H3
0.00000E+00 5.14291E+09 5.16752E+09 5.16393E+09 % Xe135
2.28263E+02 2.27777E+02 2.19746E+02 2.11039E+02 % U235
1.42158E+02 1.42142E+02 1.41862E+02 1.41542E+02 % U238
0.00000E+00 1.24434E-01 2.54685E+03 2.43640E+04 % Pu238
0.00000E+00 7.78767E+03 2.60049E+05 4.96679E+05 % Pu239
0.00000E+00 6.50924E+01 3.73127E+04 1.39573E+05 % Pu240
0.00000E+00 2.24316E+00 2.57797E+04 1.98604E+05 % Pu241
0.00000E+00 2.53704E-06 5.76978E-01 9.46377E+00 % Pu242
0.00000E+00 4.58685E-04 1.01885E+02 1.63324E+03 % Am241
0.00000E+00 4.00870E-09 3.95280E-02 1.49113E+00 % Am244
0.00000E+00 3.98145E-13 3.55914E-06 1.35190E-04 % Am245
0.00000E+00 0.00000E+00 0.00000E+00 0.00000E+00 % lost data
3.70421E+02 4.62938E+10 6.18114E+10 6.18228E+10 % total
];

MAT_uco_INH_TOX = [
0.00000E+00 1.21463E-03 1.96609E-02 3.63303E-02 % H3
0.00000E+00 2.69391E+09 2.70679E+09 2.70492E+09 % Xe135
4.12816E+04 4.11938E+04 3.97412E+04 3.81667E+04 % U235
2.52726E+04 2.52697E+04 2.52200E+04 2.51631E+04 % U238
0.00000E+00 5.95121E+01 1.21806E+06 1.16524E+07 % Pu238
0.00000E+00 3.73808E+06 1.24824E+08 2.38406E+08 % Pu239
0.00000E+00 3.12444E+04 1.79101E+07 6.69949E+07 % Pu240
0.00000E+00 1.07485E+03 1.23528E+07 9.51643E+07 % Pu241
0.00000E+00 1.16281E-03 2.64448E+02 4.33756E+03 % Pu242
0.00000E+00 2.20169E-01 4.89048E+04 7.83957E+05 % Am241
0.00000E+00 3.22439E-08 3.17942E-01 1.19939E+01 % Am244
0.00000E+00 3.59614E-13 3.21470E-06 1.22107E-04 % Am245
0.00000E+00 0.00000E+00 0.00000E+00 0.00000E+00 % lost data
6.65541E+04 4.46875E+10 5.95786E+10 6.14083E+10 % total
];

TOT_VOLUME = [ 3.19338E+04 3.19338E+04 3.19338E+04 3.19338E+04 ];

TOT_BURNUP = [ 0.00000E+00 3.17729E-01 5.65554E+00 1.16289E+01 ];

TOT_ADENS = [
0.00000E+00 8.20560E-14 1.32822E-12 2.45434E-12 % H3
0.00000E+00 3.64051E-08 3.65793E-08 3.65540E-08 % Xe135
4.87458E-03 4.86421E-03 4.69270E-03 4.50677E-03 % U235
2.01233E-02 2.01210E-02 2.00815E-02 2.00362E-02 % U238
0.00000E+00 6.76457E-14 1.38453E-09 1.32449E-08 % Pu238
0.00000E+00 1.07076E-06 3.57553E-05 6.82906E-05 % Pu239
0.00000E+00 2.43550E-09 1.39609E-06 5.22226E-06 % Pu240
0.00000E+00 9.52092E-12 1.09420E-07 8.42959E-07 % Pu241
0.00000E+00 5.65161E-15 1.28530E-09 2.10819E-08 % Pu242
0.00000E+00 1.41449E-15 3.14192E-10 5.03657E-09 % Am241
0.00000E+00 1.43151E-23 1.41155E-16 5.32484E-15 % Am244
0.00000E+00 2.14106E-27 1.91396E-20 7.27001E-19 % Am245
0.00000E+00 6.71559E-08 1.19924E-06 2.47279E-06 % lost data
7.04699E-02 7.04780E-02 7.06152E-02 7.07686E-02 % total
];

