
DET1001 = [
    1    1    1    1    1    1    1    1    1    1  5.09207E+18 0.00446 
    2    2    1    1    1    1    1    1    1    1  2.20912E+18 0.00515 
    3    3    1    1    1    1    1    1    1    1  3.74784E+17 0.00979 
];


DET1001E = [
 1.00000E-09  6.25000E-07  3.13000E-07
 6.25000E-07  1.00000E-01  5.00003E-02
 1.00000E-01  2.00000E+01  1.00500E+01
];

DET1002 = [
    1    1    1    1    1    1    1    1    1    1  1.11025E+17 0.00873 
    2    2    1    1    1    1    1    1    1    1  3.62386E+17 0.00471 
    3    3    1    1    1    1    1    1    1    1  1.97896E+17 0.00640 
];


DET1002E = [
 1.00000E-09  6.25000E-07  3.13000E-07
 6.25000E-07  1.00000E-01  5.00003E-02
 1.00000E-01  2.00000E+01  1.00500E+01
];
