
DET1001 = [
    1    1    1    1    1    1    1    1    1    1  5.18488E+18 0.00438 
    2    2    1    1    1    1    1    1    1    1  2.26746E+18 0.00527 
    3    3    1    1    1    1    1    1    1    1  3.78850E+17 0.00979 
];


DET1001E = [
 1.00000E-09  6.25000E-07  3.13000E-07
 6.25000E-07  1.00000E-01  5.00003E-02
 1.00000E-01  2.00000E+01  1.00500E+01
];

DET1002 = [
    1    1    1    1    1    1    1    1    1    1  1.12008E+17 0.00891 
    2    2    1    1    1    1    1    1    1    1  3.78606E+17 0.00510 
    3    3    1    1    1    1    1    1    1    1  2.04530E+17 0.00621 
];


DET1002E = [
 1.00000E-09  6.25000E-07  3.13000E-07
 6.25000E-07  1.00000E-01  5.00003E-02
 1.00000E-01  2.00000E+01  1.00500E+01
];
