
ZAI = [
10030
541350
922350
922380
942380
942390
942400
942410
942420
952410
952440
952450
666
0
];

NAMES = [
'H3              '
'Xe135           '
'U235            '
'U238            '
'Pu238           '
'Pu239           '
'Pu240           '
'Pu241           '
'Pu242           '
'Am241           '
'Am244           '
'Am245           '
'lost            '
'total           '
];

i10030  = 1; iH3               = 1;
i541350 = 2; iXe135            = 2;
i922350 = 3; iU235             = 3;
i922380 = 4; iU238             = 4;
i942380 = 5; iPu238            = 5;
i942390 = 6; iPu239            = 6;
i942400 = 7; iPu240            = 7;
i942410 = 8; iPu241            = 8;
i942420 = 9; iPu242            = 9;
i952410 = 10; iAm241            = 10;
i952440 = 11; iAm244            = 11;
i952450 = 12; iAm245            = 12;
iLOST    = 13;
iTOT     = 14;

MAT_uco_VOLUME = [ 2.43398E+04 2.43398E+04 2.43398E+04 2.43398E+04 ];

MAT_uco_BURNUP = [ 0.00000E+00 4.16843E-01 7.41977E+00 1.52565E+01 ];

MAT_uco_ADENS = [
0.00000E+00 8.18835E-14 1.26678E-12 2.22524E-12 % H3
0.00000E+00 3.85097E-08 3.86285E-08 3.83651E-08 % Xe135
4.31104E-03 4.29759E-03 4.07672E-03 3.84016E-03 % U235
2.06805E-02 2.06775E-02 2.06267E-02 2.05683E-02 % U238
0.00000E+00 8.96222E-14 2.24128E-09 2.20628E-08 % Pu238
0.00000E+00 1.36947E-06 4.39410E-05 8.02028E-05 % Pu239
0.00000E+00 4.37808E-09 2.52446E-06 9.09317E-06 % Pu240
0.00000E+00 1.93599E-11 2.26366E-07 1.67132E-06 % Pu241
0.00000E+00 1.61992E-14 3.80199E-09 6.08859E-08 % Pu242
0.00000E+00 2.84963E-15 6.48328E-10 9.92786E-09 % Am241
0.00000E+00 4.93792E-23 5.16057E-16 1.95384E-14 % Am244
0.00000E+00 9.97793E-27 9.42984E-20 3.62096E-18 % Am245
0.00000E+00 8.80708E-08 1.57517E-06 3.25084E-06 % lost data
7.04520E-02 7.04627E-02 7.06427E-02 7.08439E-02 % total
];

MAT_uco_MDENS = [
0.00000E+00 4.10027E-13 6.34335E-12 1.11427E-11 % H3
0.00000E+00 8.62702E-06 8.65364E-06 8.59462E-06 % Xe135
1.68262E+00 1.67737E+00 1.59117E+00 1.49884E+00 % U235
8.17497E+00 8.17381E+00 8.15372E+00 8.13062E+00 % U238
0.00000E+00 3.54274E-11 8.85970E-07 8.72137E-06 % Pu238
0.00000E+00 5.43629E-04 1.74429E-02 3.18375E-02 % Pu239
0.00000E+00 1.74522E-06 1.00632E-03 3.62477E-03 % Pu240
0.00000E+00 7.74934E-09 9.06092E-05 6.68993E-04 % Pu241
0.00000E+00 6.51133E-12 1.52823E-06 2.44733E-05 % Pu242
0.00000E+00 1.14068E-12 2.59520E-07 3.97403E-06 % Am241
0.00000E+00 2.00127E-20 2.09150E-13 7.91865E-12 % Am244
0.00000E+00 4.06051E-24 3.83747E-17 1.47355E-15 % Am245
0.00000E+00 0.00000E+00 0.00000E+00 0.00000E+00 % lost data
1.10000E+01 1.09999E+01 1.09989E+01 1.09978E+01 % total
];

MAT_uco_A = [
0.00000E+00 3.55323E+06 5.49705E+07 9.65614E+07 % H3
0.00000E+00 1.97453E+16 1.98062E+16 1.96711E+16 % Xe135
3.27377E+09 3.26355E+09 3.09583E+09 2.91618E+09 % U235
2.47449E+09 2.47414E+09 2.46806E+09 2.46107E+09 % U238
0.00000E+00 5.46328E+05 1.36626E+10 1.34493E+11 % Pu238
0.00000E+00 3.03665E+10 9.74340E+11 1.77840E+12 % Pu239
0.00000E+00 3.56740E+08 2.05701E+11 7.40941E+11 % Pu240
0.00000E+00 7.24285E+08 8.46870E+12 6.25268E+13 % Pu241
0.00000E+00 2.30942E+01 5.42028E+06 8.68014E+07 % Pu242
0.00000E+00 3.52160E+03 8.01210E+08 1.22690E+10 % Am241
0.00000E+00 2.29119E+01 2.39450E+08 9.06583E+09 % Am244
0.00000E+00 2.28100E-02 2.15571E+05 8.27769E+06 % Am245
0.00000E+00 0.00000E+00 0.00000E+00 0.00000E+00 % lost data
5.74826E+09 3.32061E+18 3.67594E+18 3.72398E+18 % total
];

MAT_uco_H = [
0.00000E+00 3.23926E-09 5.01132E-08 8.80291E-08 % H3
0.00000E+00 1.78007E+03 1.78556E+03 1.77338E+03 % Xe135
2.41940E-03 2.41185E-03 2.28790E-03 2.15514E-03 % U235
1.69496E-03 1.69472E-03 1.69056E-03 1.68577E-03 % U238
0.00000E+00 4.89175E-07 1.22333E-02 1.20423E-01 % Pu238
0.00000E+00 2.55001E-02 8.18197E-01 1.49341E+00 % Pu239
0.00000E+00 3.00129E-04 1.73059E-01 6.23361E-01 % Pu240
0.00000E+00 6.21424E-07 7.26600E-03 5.36469E-02 % Pu241
0.00000E+00 1.84341E-11 4.32652E-06 6.92858E-05 % Pu242
0.00000E+00 3.15740E-09 7.18350E-04 1.10001E-02 % Am241
0.00000E+00 4.07002E-12 4.25353E-05 1.61043E-03 % Am244
0.00000E+00 1.15084E-15 1.08763E-08 4.17637E-07 % Am245
0.00000E+00 0.00000E+00 0.00000E+00 0.00000E+00 % lost data
4.11436E-03 1.19824E+06 1.22710E+06 1.21934E+06 % total
];

MAT_uco_SF = [
0.00000E+00 0.00000E+00 0.00000E+00 0.00000E+00 % H3
0.00000E+00 0.00000E+00 0.00000E+00 0.00000E+00 % Xe135
2.35711E-01 2.34976E-01 2.22900E-01 2.09965E-01 % U235
1.35107E+05 1.35088E+05 1.34756E+05 1.34374E+05 % U238
0.00000E+00 1.01617E-03 2.54125E+01 2.50157E+02 % Pu238
0.00000E+00 9.41361E-02 3.02045E+00 5.51305E+00 % Pu239
0.00000E+00 2.03342E+01 1.17250E+04 4.22336E+04 % Pu240
0.00000E+00 0.00000E+00 0.00000E+00 0.00000E+00 % Pu241
0.00000E+00 1.27018E-04 2.98115E+01 4.77408E+02 % Pu242
0.00000E+00 1.51429E-08 3.44520E-03 5.27565E-02 % Am241
0.00000E+00 0.00000E+00 0.00000E+00 0.00000E+00 % Am244
0.00000E+00 0.00000E+00 0.00000E+00 0.00000E+00 % Am245
0.00000E+00 0.00000E+00 0.00000E+00 0.00000E+00 % lost data
1.35108E+05 1.35109E+05 1.47906E+05 2.21340E+05 % total
];

MAT_uco_ING_TOX = [
0.00000E+00 1.49236E-04 2.30876E-03 4.05558E-03 % H3
0.00000E+00 4.14651E+09 4.15930E+09 4.13093E+09 % Xe135
1.53867E+02 1.53387E+02 1.45504E+02 1.37061E+02 % U235
1.11352E+02 1.11336E+02 1.11063E+02 1.10748E+02 % U238
0.00000E+00 1.25655E-01 3.14240E+03 3.09334E+04 % Pu238
0.00000E+00 7.59162E+03 2.43585E+05 4.44601E+05 % Pu239
0.00000E+00 8.91851E+01 5.14253E+04 1.85235E+05 % Pu240
0.00000E+00 3.47657E+00 4.06498E+04 3.00128E+05 % Pu241
0.00000E+00 5.54261E-06 1.30087E+00 2.08323E+01 % Pu242
0.00000E+00 7.04319E-04 1.60242E+02 2.45379E+03 % Am241
0.00000E+00 1.05395E-08 1.10147E-01 4.17028E+00 % Am244
0.00000E+00 1.41422E-12 1.33654E-05 5.13217E-04 % Am245
0.00000E+00 0.00000E+00 0.00000E+00 0.00000E+00 % lost data
2.65219E+02 4.52668E+10 6.06931E+10 6.05510E+10 % total
];

MAT_uco_INH_TOX = [
0.00000E+00 9.23841E-04 1.42923E-02 2.51060E-02 % H3
0.00000E+00 2.17198E+09 2.17868E+09 2.16382E+09 % Xe135
2.78270E+04 2.77402E+04 2.63146E+04 2.47876E+04 % U235
1.97959E+04 1.97931E+04 1.97445E+04 1.96886E+04 % U238
0.00000E+00 6.00961E+01 1.50289E+06 1.47942E+07 % Pu238
0.00000E+00 3.64398E+06 1.16921E+08 2.13409E+08 % Pu239
0.00000E+00 4.28088E+04 2.46842E+07 8.89129E+07 % Pu240
0.00000E+00 1.66585E+03 1.94780E+07 1.43812E+08 % Pu241
0.00000E+00 2.54036E-03 5.96230E+02 9.54816E+03 % Pu242
0.00000E+00 3.38073E-01 7.69161E+04 1.17782E+06 % Am241
0.00000E+00 8.47741E-08 8.85966E-01 3.35436E+01 % Am244
0.00000E+00 1.27736E-12 1.20720E-05 4.63551E-04 % Am245
0.00000E+00 0.00000E+00 0.00000E+00 0.00000E+00 % lost data
4.76230E+04 4.41205E+10 5.89840E+10 6.07465E+10 % total
];

TOT_VOLUME = [ 2.43398E+04 2.43398E+04 2.43398E+04 2.43398E+04 ];

TOT_BURNUP = [ 0.00000E+00 4.16843E-01 7.41977E+00 1.52565E+01 ];

TOT_ADENS = [
0.00000E+00 8.18835E-14 1.26678E-12 2.22524E-12 % H3
0.00000E+00 3.85097E-08 3.86285E-08 3.83651E-08 % Xe135
4.31104E-03 4.29759E-03 4.07672E-03 3.84016E-03 % U235
2.06805E-02 2.06775E-02 2.06267E-02 2.05683E-02 % U238
0.00000E+00 8.96222E-14 2.24128E-09 2.20628E-08 % Pu238
0.00000E+00 1.36947E-06 4.39410E-05 8.02028E-05 % Pu239
0.00000E+00 4.37808E-09 2.52446E-06 9.09317E-06 % Pu240
0.00000E+00 1.93599E-11 2.26366E-07 1.67132E-06 % Pu241
0.00000E+00 1.61992E-14 3.80199E-09 6.08859E-08 % Pu242
0.00000E+00 2.84963E-15 6.48328E-10 9.92786E-09 % Am241
0.00000E+00 4.93792E-23 5.16057E-16 1.95384E-14 % Am244
0.00000E+00 9.97793E-27 9.42984E-20 3.62096E-18 % Am245
0.00000E+00 8.80708E-08 1.57517E-06 3.25084E-06 % lost data
7.04520E-02 7.04627E-02 7.06427E-02 7.08439E-02 % total
];

