
DET1001 = [
    1    1    1    1    1    1    1    1    1    1  4.81691E+18 0.00493 
    2    2    1    1    1    1    1    1    1    1  1.77532E+18 0.00584 
    3    3    1    1    1    1    1    1    1    1  1.62708E+17 0.01172 
];


DET1001E = [
 1.00000E-09  6.25000E-07  3.13000E-07
 6.25000E-07  1.00000E-01  5.00003E-02
 1.00000E-01  2.00000E+01  1.00500E+01
];

DET1002 = [
    1    1    1    1    1    1    1    1    1    1  1.80420E+17 0.00660 
    2    2    1    1    1    1    1    1    1    1  3.91127E+17 0.00467 
    3    3    1    1    1    1    1    1    1    1  1.76005E+17 0.00648 
];


DET1002E = [
 1.00000E-09  6.25000E-07  3.13000E-07
 6.25000E-07  1.00000E-01  5.00003E-02
 1.00000E-01  2.00000E+01  1.00500E+01
];
