
DET1001 = [
    1    1    1    1    1    1    1    1    1    1  4.89236E+18 0.00460 
    2    2    1    1    1    1    1    1    1    1  1.82501E+18 0.00591 
    3    3    1    1    1    1    1    1    1    1  1.64437E+17 0.01228 
];


DET1001E = [
 1.00000E-09  6.25000E-07  3.13000E-07
 6.25000E-07  1.00000E-01  5.00003E-02
 1.00000E-01  2.00000E+01  1.00500E+01
];

DET1002 = [
    1    1    1    1    1    1    1    1    1    1  1.77410E+17 0.00665 
    2    2    1    1    1    1    1    1    1    1  4.00174E+17 0.00486 
    3    3    1    1    1    1    1    1    1    1  1.80123E+17 0.00631 
];


DET1002E = [
 1.00000E-09  6.25000E-07  3.13000E-07
 6.25000E-07  1.00000E-01  5.00003E-02
 1.00000E-01  2.00000E+01  1.00500E+01
];
