
DET1001 = [
    1    1    1    1    1    1    1    1    1    1  4.94076E+18 0.00456 
    2    2    1    1    1    1    1    1    1    1  1.84765E+18 0.00600 
    3    3    1    1    1    1    1    1    1    1  1.70238E+17 0.01219 
];


DET1001E = [
 1.00000E-09  6.25000E-07  3.13000E-07
 6.25000E-07  1.00000E-01  5.00003E-02
 1.00000E-01  2.00000E+01  1.00500E+01
];

DET1002 = [
    1    1    1    1    1    1    1    1    1    1  1.80684E+17 0.00663 
    2    2    1    1    1    1    1    1    1    1  4.12290E+17 0.00481 
    3    3    1    1    1    1    1    1    1    1  1.85676E+17 0.00587 
];


DET1002E = [
 1.00000E-09  6.25000E-07  3.13000E-07
 6.25000E-07  1.00000E-01  5.00003E-02
 1.00000E-01  2.00000E+01  1.00500E+01
];
