
DET1001 = [
    1    1    1    1    1    1    1    1    1    1  4.79917E+18 0.00470 
    2    2    1    1    1    1    1    1    1    1  1.77979E+18 0.00607 
    3    3    1    1    1    1    1    1    1    1  1.58217E+17 0.01180 
];


DET1001E = [
 1.00000E-09  6.25000E-07  3.13000E-07
 6.25000E-07  1.00000E-01  5.00003E-02
 1.00000E-01  2.00000E+01  1.00500E+01
];

DET1002 = [
    1    1    1    1    1    1    1    1    1    1  1.71994E+17 0.00718 
    2    2    1    1    1    1    1    1    1    1  4.07044E+17 0.00494 
    3    3    1    1    1    1    1    1    1    1  1.86888E+17 0.00618 
];


DET1002E = [
 1.00000E-09  6.25000E-07  3.13000E-07
 6.25000E-07  1.00000E-01  5.00003E-02
 1.00000E-01  2.00000E+01  1.00500E+01
];
