
DET1001 = [
    1    1    1    1    1    1    1    1    1    1  4.55158E+18 0.00436 
    2    2    1    1    1    1    1    1    1    1  1.66820E+18 0.00601 
    3    3    1    1    1    1    1    1    1    1  1.50792E+17 0.01224 
];


DET1001E = [
 1.00000E-09  6.25000E-07  3.13000E-07
 6.25000E-07  1.00000E-01  5.00003E-02
 1.00000E-01  2.00000E+01  1.00500E+01
];

DET1002 = [
    1    1    1    1    1    1    1    1    1    1  1.66881E+17 0.00727 
    2    2    1    1    1    1    1    1    1    1  3.69758E+17 0.00485 
    3    3    1    1    1    1    1    1    1    1  1.67017E+17 0.00610 
];


DET1002E = [
 1.00000E-09  6.25000E-07  3.13000E-07
 6.25000E-07  1.00000E-01  5.00003E-02
 1.00000E-01  2.00000E+01  1.00500E+01
];
