
ZAI = [
10030
541350
922350
922380
942380
942390
942400
942410
942420
952410
952440
952450
666
0
];

NAMES = [
'H3              '
'Xe135           '
'U235            '
'U238            '
'Pu238           '
'Pu239           '
'Pu240           '
'Pu241           '
'Pu242           '
'Am241           '
'Am244           '
'Am245           '
'lost            '
'total           '
];

i10030  = 1; iH3               = 1;
i541350 = 2; iXe135            = 2;
i922350 = 3; iU235             = 3;
i922380 = 4; iU238             = 4;
i942380 = 5; iPu238            = 5;
i942390 = 6; iPu239            = 6;
i942400 = 7; iPu240            = 7;
i942410 = 8; iPu241            = 8;
i942420 = 9; iPu242            = 9;
i952410 = 10; iAm241            = 10;
i952440 = 11; iAm244            = 11;
i952450 = 12; iAm245            = 12;
iLOST    = 13;
iTOT     = 14;

MAT_uco_VOLUME = [ 1.96207E+04 1.96207E+04 1.96207E+04 1.96207E+04 ];

MAT_uco_BURNUP = [ 0.00000E+00 5.17123E-01 9.20464E+00 1.89264E+01 ];

MAT_uco_ADENS = [
0.00000E+00 9.53819E-14 1.45872E-12 2.53012E-12 % H3
0.00000E+00 4.57120E-08 4.55972E-08 4.49795E-08 % Xe135
4.87458E-03 4.85788E-03 4.58331E-03 4.28873E-03 % U235
2.01233E-02 2.01201E-02 2.00648E-02 2.00009E-02 % U238
0.00000E+00 1.22984E-13 3.44768E-09 3.41938E-08 % Pu238
0.00000E+00 1.48915E-06 4.71037E-05 8.48233E-05 % Pu239
0.00000E+00 5.24049E-09 2.97015E-06 1.05018E-05 % Pu240
0.00000E+00 2.60903E-11 2.97109E-07 2.17960E-06 % Pu241
0.00000E+00 2.39238E-14 5.51673E-09 8.84340E-08 % Pu242
0.00000E+00 3.84338E-15 8.50840E-10 1.28870E-08 % Am241
0.00000E+00 9.08200E-23 9.77370E-16 3.49454E-14 % Am244
0.00000E+00 2.01341E-26 1.97452E-19 7.21105E-18 % Am245
0.00000E+00 1.09265E-07 1.95386E-06 4.03123E-06 % lost data
7.04699E-02 7.04832E-02 7.07065E-02 7.09560E-02 % total
];

MAT_uco_MDENS = [
0.00000E+00 4.77619E-13 7.30444E-12 1.26694E-11 % H3
0.00000E+00 1.02405E-05 1.02148E-05 1.00764E-05 % Xe135
1.90258E+00 1.89606E+00 1.78889E+00 1.67392E+00 % U235
7.95473E+00 7.95346E+00 7.93158E+00 7.90633E+00 % U238
0.00000E+00 4.86152E-11 1.36286E-06 1.35167E-05 % Pu238
0.00000E+00 5.91137E-04 1.86984E-02 3.36716E-02 % Pu239
0.00000E+00 2.08899E-06 1.18398E-03 4.18630E-03 % Pu240
0.00000E+00 1.04433E-08 1.18926E-04 8.72446E-04 % Pu241
0.00000E+00 9.61625E-12 2.21747E-06 3.55464E-05 % Pu242
0.00000E+00 1.53847E-12 3.40583E-07 5.15854E-06 % Am241
0.00000E+00 3.68080E-20 3.96114E-13 1.41628E-11 % Am244
0.00000E+00 8.19356E-24 8.03529E-17 2.93453E-15 % Am245
0.00000E+00 0.00000E+00 0.00000E+00 0.00000E+00 % lost data
1.10000E+01 1.09999E+01 1.09986E+01 1.09972E+01 % total
];

MAT_uco_A = [
0.00000E+00 3.33650E+06 5.10266E+07 8.85049E+07 % H3
0.00000E+00 1.88939E+16 1.88465E+16 1.85911E+16 % Xe135
2.98402E+09 2.97380E+09 2.80572E+09 2.62538E+09 % U235
1.94099E+09 1.94068E+09 1.93534E+09 1.92918E+09 % U238
0.00000E+00 6.04346E+05 1.69420E+10 1.68029E+11 % Pu238
0.00000E+00 2.66182E+10 8.41965E+11 1.51619E+12 % Pu239
0.00000E+00 3.44222E+08 1.95095E+11 6.89814E+11 % Pu240
0.00000E+00 7.86833E+08 8.96025E+12 6.57327E+13 % Pu241
0.00000E+00 2.74940E+01 6.34002E+06 1.01631E+08 % Pu242
0.00000E+00 3.82881E+03 8.47614E+08 1.28381E+10 % Am241
0.00000E+00 3.39702E+01 3.65574E+08 1.30709E+10 % Am244
0.00000E+00 3.71036E-02 3.63869E+05 1.32887E+07 % Am245
0.00000E+00 0.00000E+00 0.00000E+00 0.00000E+00 % lost data
4.92501E+09 3.28356E+18 3.62272E+18 3.66920E+18 % total
];

MAT_uco_H = [
0.00000E+00 3.04168E-09 4.65178E-08 8.06845E-08 % H3
0.00000E+00 1.70331E+03 1.69904E+03 1.67602E+03 % Xe135
2.20527E-03 2.19771E-03 2.07350E-03 1.94023E-03 % U235
1.32953E-03 1.32932E-03 1.32566E-03 1.32144E-03 % U238
0.00000E+00 5.41123E-07 1.51696E-02 1.50451E-01 % Pu238
0.00000E+00 2.23525E-02 7.07036E-01 1.27322E+00 % Pu239
0.00000E+00 2.89598E-04 1.64135E-01 5.80348E-01 % Pu240
0.00000E+00 6.75089E-07 7.68775E-03 5.63975E-02 % Pu241
0.00000E+00 2.19460E-11 5.06067E-06 8.11233E-05 % Pu242
0.00000E+00 3.43284E-09 7.59955E-04 1.15104E-02 % Am241
0.00000E+00 6.03437E-12 6.49396E-05 2.32188E-03 % Am244
0.00000E+00 1.87200E-15 1.83584E-08 6.70458E-07 % Am245
0.00000E+00 0.00000E+00 0.00000E+00 0.00000E+00 % lost data
3.53480E-03 1.19544E+06 1.22009E+06 1.21191E+06 % total
];

MAT_uco_SF = [
0.00000E+00 0.00000E+00 0.00000E+00 0.00000E+00 % H3
0.00000E+00 0.00000E+00 0.00000E+00 0.00000E+00 % Xe135
2.14850E-01 2.14113E-01 2.02011E-01 1.89028E-01 % U235
1.05978E+05 1.05961E+05 1.05670E+05 1.05333E+05 % U238
0.00000E+00 1.12408E-03 3.15120E+01 3.12534E+02 % Pu238
0.00000E+00 8.25165E-02 2.61009E+00 4.70020E+00 % Pu239
0.00000E+00 1.96207E+01 1.11204E+04 3.93194E+04 % Pu240
0.00000E+00 0.00000E+00 0.00000E+00 0.00000E+00 % Pu241
0.00000E+00 1.51217E-04 3.48701E+01 5.58973E+02 % Pu242
0.00000E+00 1.64639E-08 3.64474E-03 5.52039E-02 % Am241
0.00000E+00 0.00000E+00 0.00000E+00 0.00000E+00 % Am244
0.00000E+00 0.00000E+00 0.00000E+00 0.00000E+00 % Am245
0.00000E+00 0.00000E+00 0.00000E+00 0.00000E+00 % lost data
1.05978E+05 1.05981E+05 1.18467E+05 1.97217E+05 % total
];

MAT_uco_ING_TOX = [
0.00000E+00 1.40133E-04 2.14312E-03 3.71721E-03 % H3
0.00000E+00 3.96772E+09 3.95776E+09 3.90414E+09 % Xe135
1.40249E+02 1.39768E+02 1.31869E+02 1.23393E+02 % U235
8.73446E+01 8.73307E+01 8.70905E+01 8.68132E+01 % U238
0.00000E+00 1.39000E-01 3.89665E+03 3.86467E+04 % Pu238
0.00000E+00 6.65455E+03 2.10491E+05 3.79048E+05 % Pu239
0.00000E+00 8.60555E+01 4.87737E+04 1.72454E+05 % Pu240
0.00000E+00 3.77680E+00 4.30092E+04 3.15517E+05 % Pu241
0.00000E+00 6.59856E-06 1.52160E+00 2.43915E+01 % Pu242
0.00000E+00 7.65762E-04 1.69523E+02 2.56762E+03 % Am241
0.00000E+00 1.56263E-08 1.68164E-01 6.01262E+00 % Am244
0.00000E+00 2.30043E-12 2.25599E-05 8.23899E-04 % Am245
0.00000E+00 0.00000E+00 0.00000E+00 0.00000E+00 % lost data
2.27594E+02 4.50697E+10 6.02754E+10 6.00589E+10 % total
];

MAT_uco_INH_TOX = [
0.00000E+00 8.67490E-04 1.32669E-02 2.30113E-02 % H3
0.00000E+00 2.07833E+09 2.07311E+09 2.04502E+09 % Xe135
2.53642E+04 2.52773E+04 2.38486E+04 2.23158E+04 % U235
1.55279E+04 1.55255E+04 1.54828E+04 1.54335E+04 % U238
0.00000E+00 6.64781E+01 1.86362E+06 1.84832E+07 % Pu238
0.00000E+00 3.19419E+06 1.01036E+08 1.81943E+08 % Pu239
0.00000E+00 4.13067E+04 2.34114E+07 8.27777E+07 % Pu240
0.00000E+00 1.80972E+03 2.06086E+07 1.51185E+08 % Pu241
0.00000E+00 3.02434E-03 6.97402E+02 1.11795E+04 % Pu242
0.00000E+00 3.67566E-01 8.13710E+04 1.23246E+06 % Am241
0.00000E+00 1.25690E-07 1.35262E+00 4.83624E+01 % Am244
0.00000E+00 2.07780E-12 2.03767E-05 7.44167E-04 % Am245
0.00000E+00 0.00000E+00 0.00000E+00 0.00000E+00 % lost data
4.08921E+04 4.40031E+10 5.86377E+10 6.03222E+10 % total
];

TOT_VOLUME = [ 1.96207E+04 1.96207E+04 1.96207E+04 1.96207E+04 ];

TOT_BURNUP = [ 0.00000E+00 5.17123E-01 9.20464E+00 1.89264E+01 ];

TOT_ADENS = [
0.00000E+00 9.53819E-14 1.45872E-12 2.53012E-12 % H3
0.00000E+00 4.57120E-08 4.55972E-08 4.49795E-08 % Xe135
4.87458E-03 4.85788E-03 4.58331E-03 4.28873E-03 % U235
2.01233E-02 2.01201E-02 2.00648E-02 2.00009E-02 % U238
0.00000E+00 1.22984E-13 3.44768E-09 3.41938E-08 % Pu238
0.00000E+00 1.48915E-06 4.71037E-05 8.48233E-05 % Pu239
0.00000E+00 5.24049E-09 2.97015E-06 1.05018E-05 % Pu240
0.00000E+00 2.60903E-11 2.97109E-07 2.17960E-06 % Pu241
0.00000E+00 2.39238E-14 5.51673E-09 8.84340E-08 % Pu242
0.00000E+00 3.84338E-15 8.50840E-10 1.28870E-08 % Am241
0.00000E+00 9.08200E-23 9.77370E-16 3.49454E-14 % Am244
0.00000E+00 2.01341E-26 1.97452E-19 7.21105E-18 % Am245
0.00000E+00 1.09265E-07 1.95386E-06 4.03123E-06 % lost data
7.04699E-02 7.04832E-02 7.07065E-02 7.09560E-02 % total
];

