
DET1001 = [
    1    1    1    1    1    1    1    1    1    1  3.72157E+18 0.00492 
    2    2    1    1    1    1    1    1    1    1  1.69274E+18 0.00568 
    3    3    1    1    1    1    1    1    1    1  1.61213E+17 0.01239 
];


DET1001E = [
 1.00000E-09  6.25000E-07  3.13000E-07
 6.25000E-07  1.00000E-01  5.00003E-02
 1.00000E-01  2.00000E+01  1.00500E+01
];

DET1002 = [
    1    1    1    1    1    1    1    1    1    1  7.69731E+16 0.00952 
    2    2    1    1    1    1    1    1    1    1  3.38710E+17 0.00517 
    3    3    1    1    1    1    1    1    1    1  1.69134E+17 0.00658 
];


DET1002E = [
 1.00000E-09  6.25000E-07  3.13000E-07
 6.25000E-07  1.00000E-01  5.00003E-02
 1.00000E-01  2.00000E+01  1.00500E+01
];
