
ZAI = [
10030
541350
922350
922380
942380
942390
942400
942410
942420
952410
952440
952450
666
0
];

NAMES = [
'H3              '
'Xe135           '
'U235            '
'U238            '
'Pu238           '
'Pu239           '
'Pu240           '
'Pu241           '
'Pu242           '
'Am241           '
'Am244           '
'Am245           '
'lost            '
'total           '
];

i10030  = 1; iH3               = 1;
i541350 = 2; iXe135            = 2;
i922350 = 3; iU235             = 3;
i922380 = 4; iU238             = 4;
i942380 = 5; iPu238            = 5;
i942390 = 6; iPu239            = 6;
i942400 = 7; iPu240            = 7;
i942410 = 8; iPu241            = 8;
i942420 = 9; iPu242            = 9;
i952410 = 10; iAm241            = 10;
i952440 = 11; iAm244            = 11;
i952450 = 12; iAm245            = 12;
iLOST    = 13;
iTOT     = 14;

MAT_uco_VOLUME = [ 3.45065E+04 3.45065E+04 3.45065E+04 3.45065E+04 ];

MAT_uco_BURNUP = [ 0.00000E+00 2.94032E-01 5.23375E+00 1.07616E+01 ];

MAT_uco_ADENS = [
0.00000E+00 1.00847E-13 1.64022E-12 3.07794E-12 % H3
0.00000E+00 3.41665E-08 3.44413E-08 3.45420E-08 % Xe135
4.31104E-03 4.30137E-03 4.14195E-03 3.96995E-03 % U235
2.06805E-02 2.06780E-02 2.06356E-02 2.05871E-02 % U238
0.00000E+00 9.56310E-14 1.74021E-09 1.62105E-08 % Pu238
0.00000E+00 1.14229E-06 3.81788E-05 7.29212E-05 % Pu239
0.00000E+00 2.70915E-09 1.48788E-06 5.49144E-06 % Pu240
0.00000E+00 1.19688E-11 1.31329E-07 9.97594E-07 % Pu241
0.00000E+00 6.96949E-15 1.50243E-09 2.42009E-08 % Pu242
0.00000E+00 1.79162E-15 3.77721E-10 5.98627E-09 % Am241
0.00000E+00 2.30677E-23 2.19362E-16 7.91359E-15 % Am244
0.00000E+00 3.36513E-27 2.91955E-20 1.05385E-18 % Am245
0.00000E+00 6.21573E-08 1.11080E-06 2.29132E-06 % lost data
7.04520E-02 7.04595E-02 7.05865E-02 7.07284E-02 % total
];

MAT_uco_MDENS = [
0.00000E+00 5.04987E-13 8.21328E-12 1.54126E-11 % H3
0.00000E+00 7.65405E-06 7.71561E-06 7.73816E-06 % Xe135
1.68262E+00 1.67885E+00 1.61663E+00 1.54950E+00 % U235
8.17497E+00 8.17399E+00 8.15724E+00 8.13806E+00 % U238
0.00000E+00 3.78026E-11 6.87898E-07 6.40796E-06 % Pu238
0.00000E+00 4.53445E-04 1.51555E-02 2.89469E-02 % Pu239
0.00000E+00 1.07994E-06 5.93108E-04 2.18903E-03 % Pu240
0.00000E+00 4.79082E-09 5.25681E-05 3.99314E-04 % Pu241
0.00000E+00 2.80141E-12 6.03906E-07 9.72764E-06 % Pu242
0.00000E+00 7.17168E-13 1.51198E-07 2.39625E-06 % Am241
0.00000E+00 9.34902E-21 8.89044E-14 3.20726E-12 % Am244
0.00000E+00 1.36943E-24 1.18811E-17 4.28863E-16 % Am245
0.00000E+00 0.00000E+00 0.00000E+00 0.00000E+00 % lost data
1.10000E+01 1.10000E+01 1.09992E+01 1.09985E+01 % total
];

MAT_uco_A = [
0.00000E+00 6.20406E+06 1.00905E+08 1.89353E+08 % H3
0.00000E+00 2.48358E+16 2.50356E+16 2.51087E+16 % Xe135
4.64122E+09 4.63082E+09 4.45918E+09 4.27401E+09 % U235
3.50809E+09 3.50767E+09 3.50048E+09 3.49225E+09 % U238
0.00000E+00 8.26459E+05 1.50392E+10 1.40094E+11 % Pu238
0.00000E+00 3.59088E+10 1.20018E+12 2.29234E+12 % Pu239
0.00000E+00 3.12958E+08 1.71879E+11 6.34365E+11 % Pu240
0.00000E+00 6.34803E+08 6.96549E+12 5.29107E+13 % Pu241
0.00000E+00 1.40863E+01 3.03660E+06 4.89132E+07 % Pu242
0.00000E+00 3.13893E+03 6.61770E+08 1.04880E+10 % Am241
0.00000E+00 1.51743E+01 1.44299E+08 5.20566E+09 % Am244
0.00000E+00 1.09061E-02 9.46205E+04 3.41545E+06 % Am245
0.00000E+00 0.00000E+00 0.00000E+00 0.00000E+00 % lost data
8.14931E+09 3.38044E+18 3.75708E+18 3.81410E+18 % total
];

MAT_uco_H = [
0.00000E+00 5.65586E-09 9.19888E-08 1.72621E-07 % H3
0.00000E+00 2.23899E+03 2.25700E+03 2.26359E+03 % Xe135
3.42998E-03 3.42230E-03 3.29545E-03 3.15861E-03 % U235
2.40295E-03 2.40266E-03 2.39774E-03 2.39210E-03 % U238
0.00000E+00 7.40000E-07 1.34659E-02 1.25438E-01 % Pu238
0.00000E+00 3.01542E-02 1.00785E+00 1.92498E+00 % Pu239
0.00000E+00 2.63295E-04 1.44603E-01 5.33698E-01 % Pu240
0.00000E+00 5.44650E-07 5.97627E-03 4.53965E-02 % Pu241
0.00000E+00 1.12438E-11 2.42385E-06 3.90430E-05 % Pu242
0.00000E+00 2.81431E-09 5.93331E-04 9.40335E-03 % Am241
0.00000E+00 2.69552E-12 2.56330E-05 9.24720E-04 % Am244
0.00000E+00 5.50251E-16 4.77392E-09 1.72321E-07 % Am245
0.00000E+00 0.00000E+00 0.00000E+00 0.00000E+00 % lost data
5.83294E-03 1.20359E+06 1.23921E+06 1.23532E+06 % total
];

MAT_uco_SF = [
0.00000E+00 0.00000E+00 0.00000E+00 0.00000E+00 % H3
0.00000E+00 0.00000E+00 0.00000E+00 0.00000E+00 % Xe135
3.34168E-01 3.33419E-01 3.21061E-01 3.07729E-01 % U235
1.91542E+05 1.91519E+05 1.91126E+05 1.90677E+05 % U238
0.00000E+00 1.53721E-03 2.79728E+01 2.60575E+02 % Pu238
0.00000E+00 1.11317E-01 3.72057E+00 7.10626E+00 % Pu239
0.00000E+00 1.78386E+01 9.79708E+03 3.61588E+04 % Pu240
0.00000E+00 0.00000E+00 0.00000E+00 0.00000E+00 % Pu241
0.00000E+00 7.74744E-05 1.67013E+01 2.69022E+02 % Pu242
0.00000E+00 1.34974E-08 2.84561E-03 4.50984E-02 % Am241
0.00000E+00 0.00000E+00 0.00000E+00 0.00000E+00 % Am244
0.00000E+00 0.00000E+00 0.00000E+00 0.00000E+00 % Am245
0.00000E+00 0.00000E+00 0.00000E+00 0.00000E+00 % lost data
1.91542E+05 1.91537E+05 2.01813E+05 2.54857E+05 % total
];

MAT_uco_ING_TOX = [
0.00000E+00 2.60570E-04 4.23801E-03 7.95282E-03 % H3
0.00000E+00 5.21552E+09 5.25747E+09 5.27283E+09 % Xe135
2.18137E+02 2.17648E+02 2.09582E+02 2.00879E+02 % U235
1.57864E+02 1.57845E+02 1.57522E+02 1.57151E+02 % U238
0.00000E+00 1.90086E-01 3.45901E+03 3.22216E+04 % Pu238
0.00000E+00 8.97721E+03 3.00046E+05 5.73085E+05 % Pu239
0.00000E+00 7.82394E+01 4.29696E+04 1.58591E+05 % Pu240
0.00000E+00 3.04705E+00 3.34343E+04 2.53971E+05 % Pu241
0.00000E+00 3.38070E-06 7.28784E-01 1.17392E+01 % Pu242
0.00000E+00 6.27786E-04 1.32354E+02 2.09760E+03 % Am241
0.00000E+00 6.98016E-09 6.63777E-02 2.39460E+00 % Am244
0.00000E+00 6.76181E-13 5.86647E-06 2.11758E-04 % Am245
0.00000E+00 0.00000E+00 0.00000E+00 0.00000E+00 % lost data
3.76001E+02 4.64020E+10 6.20675E+10 6.20988E+10 % total
];

MAT_uco_INH_TOX = [
0.00000E+00 1.61305E-03 2.62353E-02 4.92317E-02 % H3
0.00000E+00 2.73194E+09 2.75391E+09 2.76196E+09 % Xe135
3.94504E+04 3.93620E+04 3.79030E+04 3.63291E+04 % U235
2.80647E+04 2.80614E+04 2.80038E+04 2.79380E+04 % U238
0.00000E+00 9.09105E+01 1.65431E+06 1.54103E+07 % Pu238
0.00000E+00 4.30906E+06 1.44022E+08 2.75081E+08 % Pu239
0.00000E+00 3.75549E+04 2.06254E+07 7.61238E+07 % Pu240
0.00000E+00 1.46005E+03 1.60206E+07 1.21695E+08 % Pu241
0.00000E+00 1.54949E-03 3.34026E+02 5.38045E+03 % Pu242
0.00000E+00 3.01337E-01 6.35299E+04 1.00685E+06 % Am241
0.00000E+00 5.61447E-08 5.33908E-01 1.92609E+01 % Am244
0.00000E+00 6.10744E-13 5.29875E-06 1.91265E-04 % Am245
0.00000E+00 0.00000E+00 0.00000E+00 0.00000E+00 % lost data
6.75151E+04 4.47827E+10 5.98573E+10 6.17623E+10 % total
];

TOT_VOLUME = [ 3.45065E+04 3.45065E+04 3.45065E+04 3.45065E+04 ];

TOT_BURNUP = [ 0.00000E+00 2.94032E-01 5.23375E+00 1.07616E+01 ];

TOT_ADENS = [
0.00000E+00 1.00847E-13 1.64022E-12 3.07794E-12 % H3
0.00000E+00 3.41665E-08 3.44413E-08 3.45420E-08 % Xe135
4.31104E-03 4.30137E-03 4.14195E-03 3.96995E-03 % U235
2.06805E-02 2.06780E-02 2.06356E-02 2.05871E-02 % U238
0.00000E+00 9.56310E-14 1.74021E-09 1.62105E-08 % Pu238
0.00000E+00 1.14229E-06 3.81788E-05 7.29212E-05 % Pu239
0.00000E+00 2.70915E-09 1.48788E-06 5.49144E-06 % Pu240
0.00000E+00 1.19688E-11 1.31329E-07 9.97594E-07 % Pu241
0.00000E+00 6.96949E-15 1.50243E-09 2.42009E-08 % Pu242
0.00000E+00 1.79162E-15 3.77721E-10 5.98627E-09 % Am241
0.00000E+00 2.30677E-23 2.19362E-16 7.91359E-15 % Am244
0.00000E+00 3.36513E-27 2.91955E-20 1.05385E-18 % Am245
0.00000E+00 6.21573E-08 1.11080E-06 2.29132E-06 % lost data
7.04520E-02 7.04595E-02 7.05865E-02 7.07284E-02 % total
];

