
DET1001 = [
    1    1    1    1    1    1    1    1    1    1  3.69801E+18 0.00499 
    2    2    1    1    1    1    1    1    1    1  1.66526E+18 0.00594 
    3    3    1    1    1    1    1    1    1    1  1.51217E+17 0.01209 
];


DET1001E = [
 1.00000E-09  6.25000E-07  3.13000E-07
 6.25000E-07  1.00000E-01  5.00003E-02
 1.00000E-01  2.00000E+01  1.00500E+01
];

DET1002 = [
    1    1    1    1    1    1    1    1    1    1  7.64017E+16 0.00981 
    2    2    1    1    1    1    1    1    1    1  3.27822E+17 0.00506 
    3    3    1    1    1    1    1    1    1    1  1.62832E+17 0.00633 
];


DET1002E = [
 1.00000E-09  6.25000E-07  3.13000E-07
 6.25000E-07  1.00000E-01  5.00003E-02
 1.00000E-01  2.00000E+01  1.00500E+01
];
