
DET1001 = [
    1    1    1    1    1    1    1    1    1    1  3.62253E+18 0.00530 
    2    2    1    1    1    1    1    1    1    1  1.62986E+18 0.00609 
    3    3    1    1    1    1    1    1    1    1  1.52167E+17 0.01215 
];


DET1001E = [
 1.00000E-09  6.25000E-07  3.13000E-07
 6.25000E-07  1.00000E-01  5.00003E-02
 1.00000E-01  2.00000E+01  1.00500E+01
];

DET1002 = [
    1    1    1    1    1    1    1    1    1    1  7.77218E+16 0.01034 
    2    2    1    1    1    1    1    1    1    1  3.23687E+17 0.00503 
    3    3    1    1    1    1    1    1    1    1  1.59135E+17 0.00653 
];


DET1002E = [
 1.00000E-09  6.25000E-07  3.13000E-07
 6.25000E-07  1.00000E-01  5.00003E-02
 1.00000E-01  2.00000E+01  1.00500E+01
];
