
DET1001 = [
    1    1    1    1    1    1    1    1    1    1  3.77679E+18 0.00519 
    2    2    1    1    1    1    1    1    1    1  1.72420E+18 0.00604 
    3    3    1    1    1    1    1    1    1    1  1.56193E+17 0.01137 
];


DET1001E = [
 1.00000E-09  6.25000E-07  3.13000E-07
 6.25000E-07  1.00000E-01  5.00003E-02
 1.00000E-01  2.00000E+01  1.00500E+01
];

DET1002 = [
    1    1    1    1    1    1    1    1    1    1  7.51591E+16 0.01050 
    2    2    1    1    1    1    1    1    1    1  3.45605E+17 0.00505 
    3    3    1    1    1    1    1    1    1    1  1.69547E+17 0.00641 
];


DET1002E = [
 1.00000E-09  6.25000E-07  3.13000E-07
 6.25000E-07  1.00000E-01  5.00003E-02
 1.00000E-01  2.00000E+01  1.00500E+01
];
