
DET1001 = [
    1    1    1    1    1    1    1    1    1    1  4.25718E+18 0.00490 
    2    2    1    1    1    1    1    1    1    1  1.89860E+18 0.00559 
    3    3    1    1    1    1    1    1    1    1  1.96214E+17 0.01080 
];


DET1001E = [
 1.00000E-09  6.25000E-07  3.13000E-07
 6.25000E-07  1.00000E-01  5.00003E-02
 1.00000E-01  2.00000E+01  1.00500E+01
];

DET1002 = [
    1    1    1    1    1    1    1    1    1    1  8.19976E+16 0.01020 
    2    2    1    1    1    1    1    1    1    1  3.37718E+17 0.00500 
    3    3    1    1    1    1    1    1    1    1  1.67331E+17 0.00664 
];


DET1002E = [
 1.00000E-09  6.25000E-07  3.13000E-07
 6.25000E-07  1.00000E-01  5.00003E-02
 1.00000E-01  2.00000E+01  1.00500E+01
];
