
ZAI = [
10030
541350
922350
922380
942380
942390
942400
942410
942420
952410
952440
952450
666
0
];

NAMES = [
'H3              '
'Xe135           '
'U235            '
'U238            '
'Pu238           '
'Pu239           '
'Pu240           '
'Pu241           '
'Pu242           '
'Am241           '
'Am244           '
'Am245           '
'lost            '
'total           '
];

i10030  = 1; iH3               = 1;
i541350 = 2; iXe135            = 2;
i922350 = 3; iU235             = 3;
i922380 = 4; iU238             = 4;
i942380 = 5; iPu238            = 5;
i942390 = 6; iPu239            = 6;
i942400 = 7; iPu240            = 7;
i942410 = 8; iPu241            = 8;
i942420 = 9; iPu242            = 9;
i952410 = 10; iAm241            = 10;
i952440 = 11; iAm244            = 11;
i952450 = 12; iAm245            = 12;
iLOST    = 13;
iTOT     = 14;

MAT_uco_VOLUME = [ 4.06429E+04 4.06429E+04 4.06429E+04 4.06429E+04 ];

MAT_uco_BURNUP = [ 0.00000E+00 2.49641E-01 4.44364E+00 9.13700E+00 ];

MAT_uco_ADENS = [
0.00000E+00 7.21365E-14 1.18960E-12 2.28115E-12 % H3
0.00000E+00 3.19758E-08 3.21555E-08 3.22381E-08 % Xe135
4.87458E-03 4.86637E-03 4.73017E-03 4.58178E-03 % U235
2.01233E-02 2.01213E-02 2.00875E-02 2.00489E-02 % U238
0.00000E+00 5.03834E-14 8.76393E-10 8.16745E-09 % Pu238
0.00000E+00 9.15558E-07 3.13076E-05 6.11913E-05 % Pu239
0.00000E+00 1.64324E-09 9.36984E-07 3.59099E-06 % Pu240
0.00000E+00 5.57634E-12 6.36990E-08 5.05679E-07 % Pu241
0.00000E+00 2.48689E-15 5.55123E-10 9.31128E-09 % Pu242
0.00000E+00 8.34471E-16 1.83195E-10 3.03259E-09 % Am241
0.00000E+00 4.85648E-24 4.76608E-17 1.72632E-15 % Am244
0.00000E+00 5.48026E-28 4.88519E-21 1.76720E-19 % Am245
0.00000E+00 5.27720E-08 9.41902E-07 1.94145E-06 % lost data
7.04699E-02 7.04763E-02 7.05841E-02 7.07046E-02 % total
];

MAT_uco_MDENS = [
0.00000E+00 3.61219E-13 5.95687E-12 1.14227E-11 % H3
0.00000E+00 7.16329E-06 7.20353E-06 7.22203E-06 % Xe135
1.90258E+00 1.89937E+00 1.84621E+00 1.78830E+00 % U235
7.95473E+00 7.95395E+00 7.94058E+00 7.92531E+00 % U238
0.00000E+00 1.99164E-11 3.46435E-07 3.22857E-06 % Pu238
0.00000E+00 3.63442E-04 1.24279E-02 2.42906E-02 % Pu239
0.00000E+00 6.55040E-07 3.73506E-04 1.43146E-03 % Pu240
0.00000E+00 2.23208E-09 2.54973E-05 2.02412E-04 % Pu241
0.00000E+00 9.99614E-13 2.23134E-07 3.74271E-06 % Pu242
0.00000E+00 3.34031E-13 7.33314E-08 1.21392E-06 % Am241
0.00000E+00 1.96826E-21 1.93162E-14 6.99651E-13 % Am244
0.00000E+00 2.23019E-25 1.98802E-18 7.19162E-17 % Am245
0.00000E+00 0.00000E+00 0.00000E+00 0.00000E+00 % lost data
1.10000E+01 1.10000E+01 1.09994E+01 1.09987E+01 % total
];

MAT_uco_A = [
0.00000E+00 5.22698E+06 8.61981E+07 1.65291E+08 % H3
0.00000E+00 2.73768E+16 2.75306E+16 2.76013E+16 % Xe135
6.18119E+09 6.17077E+09 5.99806E+09 5.80990E+09 % U235
4.02062E+09 4.02023E+09 4.01347E+09 4.00575E+09 % U238
0.00000E+00 5.12855E+05 8.92083E+09 8.31368E+10 % Pu238
0.00000E+00 3.38996E+10 1.15920E+12 2.26568E+12 % Pu239
0.00000E+00 2.23583E+08 1.27488E+11 4.88597E+11 % Pu240
0.00000E+00 3.48356E+08 3.97929E+12 3.15899E+13 % Pu241
0.00000E+00 5.92017E+00 1.32150E+06 2.21660E+07 % Pu242
0.00000E+00 1.72199E+03 3.78037E+08 6.25796E+09 % Am241
0.00000E+00 3.76277E+00 3.69273E+07 1.33754E+09 % Am244
0.00000E+00 2.09197E-03 1.86481E+04 6.74591E+05 % Am245
0.00000E+00 0.00000E+00 0.00000E+00 0.00000E+00 % lost data
1.02018E+10 3.36320E+18 3.73720E+18 3.79834E+18 % total
];

MAT_uco_H = [
0.00000E+00 4.76511E-09 7.85815E-08 1.50686E-07 % H3
0.00000E+00 2.46807E+03 2.48193E+03 2.48831E+03 % Xe135
4.56806E-03 4.56036E-03 4.43272E-03 4.29367E-03 % U235
2.75402E-03 2.75375E-03 2.74912E-03 2.74384E-03 % U238
0.00000E+00 4.59203E-07 7.98759E-03 7.44395E-02 % Pu238
0.00000E+00 2.84670E-02 9.73434E-01 1.90259E+00 % Pu239
0.00000E+00 1.88103E-04 1.07257E-01 4.11062E-01 % Pu240
0.00000E+00 2.98884E-07 3.41417E-03 2.71036E-02 % Pu241
0.00000E+00 4.72554E-12 1.05484E-06 1.76932E-05 % Pu242
0.00000E+00 1.54391E-09 3.38941E-04 5.61077E-03 % Am241
0.00000E+00 6.68409E-13 6.55966E-06 2.37597E-04 % Am244
0.00000E+00 1.05547E-16 9.40860E-10 3.40353E-08 % Am245
0.00000E+00 0.00000E+00 0.00000E+00 0.00000E+00 % lost data
7.32208E-03 1.20230E+06 1.23922E+06 1.23841E+06 % total
];

MAT_uco_SF = [
0.00000E+00 0.00000E+00 0.00000E+00 0.00000E+00 % H3
0.00000E+00 0.00000E+00 0.00000E+00 0.00000E+00 % Xe135
4.45045E-01 4.44295E-01 4.31860E-01 4.18313E-01 % U235
2.19526E+05 2.19504E+05 2.19136E+05 2.18714E+05 % U238
0.00000E+00 9.53909E-04 1.65927E+01 1.54634E+02 % Pu238
0.00000E+00 1.05089E-01 3.59353E+00 7.02361E+00 % Pu239
0.00000E+00 1.27442E+01 7.26681E+03 2.78500E+04 % Pu240
0.00000E+00 0.00000E+00 0.00000E+00 0.00000E+00 % Pu241
0.00000E+00 3.25609E-05 7.26826E+00 1.21913E+02 % Pu242
0.00000E+00 7.40457E-09 1.62556E-03 2.69092E-02 % Am241
0.00000E+00 0.00000E+00 0.00000E+00 0.00000E+00 % Am244
0.00000E+00 0.00000E+00 0.00000E+00 0.00000E+00 % Am245
0.00000E+00 0.00000E+00 0.00000E+00 0.00000E+00 % lost data
2.19526E+05 2.19518E+05 2.26796E+05 2.59209E+05 % total
];

MAT_uco_ING_TOX = [
0.00000E+00 2.19533E-04 3.62032E-03 6.94223E-03 % H3
0.00000E+00 5.74913E+09 5.78143E+09 5.79628E+09 % Xe135
2.90516E+02 2.90026E+02 2.81909E+02 2.73065E+02 % U235
1.80928E+02 1.80910E+02 1.80606E+02 1.80259E+02 % U238
0.00000E+00 1.17957E-01 2.05179E+03 1.91215E+04 % Pu238
0.00000E+00 8.47491E+03 2.89801E+05 5.66420E+05 % Pu239
0.00000E+00 5.58958E+01 3.18720E+04 1.22149E+05 % Pu240
0.00000E+00 1.67211E+00 1.91006E+04 1.51632E+05 % Pu241
0.00000E+00 1.42084E-06 3.17161E-01 5.31985E+00 % Pu242
0.00000E+00 3.44398E-04 7.56074E+01 1.25159E+03 % Am241
0.00000E+00 1.73088E-09 1.69865E-02 6.15268E-01 % Am244
0.00000E+00 1.29702E-13 1.15618E-06 4.18246E-05 % Am245
0.00000E+00 0.00000E+00 0.00000E+00 0.00000E+00 % lost data
4.71444E+02 4.69218E+10 6.25404E+10 6.26259E+10 % total
];

MAT_uco_INH_TOX = [
0.00000E+00 1.35901E-03 2.24115E-02 4.29757E-02 % H3
0.00000E+00 3.01145E+09 3.02837E+09 3.03615E+09 % Xe135
5.25401E+04 5.24515E+04 5.09835E+04 4.93842E+04 % U235
3.21650E+04 3.21618E+04 3.21078E+04 3.20460E+04 % U238
0.00000E+00 5.64140E+01 9.81291E+05 9.14504E+06 % Pu238
0.00000E+00 4.06796E+06 1.39104E+08 2.71882E+08 % Pu239
0.00000E+00 2.68300E+04 1.52986E+07 5.86316E+07 % Pu240
0.00000E+00 8.01219E+02 9.15238E+06 7.26568E+07 % Pu241
0.00000E+00 6.51219E-04 1.45365E+02 2.43826E+03 % Pu242
0.00000E+00 1.65311E-01 3.62916E+04 6.00764E+05 % Am241
0.00000E+00 1.39223E-08 1.36631E-01 4.94890E+00 % Am244
0.00000E+00 1.17150E-13 1.04430E-06 3.77771E-05 % Am245
0.00000E+00 0.00000E+00 0.00000E+00 0.00000E+00 % lost data
8.47051E+04 4.50358E+10 6.00111E+10 6.18848E+10 % total
];

TOT_VOLUME = [ 4.06429E+04 4.06429E+04 4.06429E+04 4.06429E+04 ];

TOT_BURNUP = [ 0.00000E+00 2.49641E-01 4.44364E+00 9.13700E+00 ];

TOT_ADENS = [
0.00000E+00 7.21365E-14 1.18960E-12 2.28115E-12 % H3
0.00000E+00 3.19758E-08 3.21555E-08 3.22381E-08 % Xe135
4.87458E-03 4.86637E-03 4.73017E-03 4.58178E-03 % U235
2.01233E-02 2.01213E-02 2.00875E-02 2.00489E-02 % U238
0.00000E+00 5.03834E-14 8.76393E-10 8.16745E-09 % Pu238
0.00000E+00 9.15558E-07 3.13076E-05 6.11913E-05 % Pu239
0.00000E+00 1.64324E-09 9.36984E-07 3.59099E-06 % Pu240
0.00000E+00 5.57634E-12 6.36990E-08 5.05679E-07 % Pu241
0.00000E+00 2.48689E-15 5.55123E-10 9.31128E-09 % Pu242
0.00000E+00 8.34471E-16 1.83195E-10 3.03259E-09 % Am241
0.00000E+00 4.85648E-24 4.76608E-17 1.72632E-15 % Am244
0.00000E+00 5.48026E-28 4.88519E-21 1.76720E-19 % Am245
0.00000E+00 5.27720E-08 9.41902E-07 1.94145E-06 % lost data
7.04699E-02 7.04763E-02 7.05841E-02 7.07046E-02 % total
];

