
DET1001 = [
    1    1    1    1    1    1    1    1    1    1  4.33797E+18 0.00491 
    2    2    1    1    1    1    1    1    1    1  1.94643E+18 0.00568 
    3    3    1    1    1    1    1    1    1    1  2.00875E+17 0.01136 
];


DET1001E = [
 1.00000E-09  6.25000E-07  3.13000E-07
 6.25000E-07  1.00000E-01  5.00003E-02
 1.00000E-01  2.00000E+01  1.00500E+01
];

DET1002 = [
    1    1    1    1    1    1    1    1    1    1  8.48869E+16 0.00970 
    2    2    1    1    1    1    1    1    1    1  3.58456E+17 0.00530 
    3    3    1    1    1    1    1    1    1    1  1.75577E+17 0.00653 
];


DET1002E = [
 1.00000E-09  6.25000E-07  3.13000E-07
 6.25000E-07  1.00000E-01  5.00003E-02
 1.00000E-01  2.00000E+01  1.00500E+01
];
