
DET1001 = [
    1    1    1    1    1    1    1    1    1    1  4.28153E+18 0.00507 
    2    2    1    1    1    1    1    1    1    1  1.92930E+18 0.00574 
    3    3    1    1    1    1    1    1    1    1  2.00564E+17 0.01101 
];


DET1001E = [
 1.00000E-09  6.25000E-07  3.13000E-07
 6.25000E-07  1.00000E-01  5.00003E-02
 1.00000E-01  2.00000E+01  1.00500E+01
];

DET1002 = [
    1    1    1    1    1    1    1    1    1    1  8.36130E+16 0.01043 
    2    2    1    1    1    1    1    1    1    1  3.46688E+17 0.00508 
    3    3    1    1    1    1    1    1    1    1  1.69949E+17 0.00618 
];


DET1002E = [
 1.00000E-09  6.25000E-07  3.13000E-07
 6.25000E-07  1.00000E-01  5.00003E-02
 1.00000E-01  2.00000E+01  1.00500E+01
];
