
DET1001 = [
    1    1    1    1    1    1    1    1    1    1  5.93875E+18 0.00460 
    2    2    1    1    1    1    1    1    1    1  2.40564E+18 0.00514 
    3    3    1    1    1    1    1    1    1    1  3.94318E+17 0.00953 
];


DET1001E = [
 1.00000E-09  6.25000E-07  3.13000E-07
 6.25000E-07  1.00000E-01  5.00003E-02
 1.00000E-01  2.00000E+01  1.00500E+01
];

DET1002 = [
    1    1    1    1    1    1    1    1    1    1  1.55961E+17 0.00763 
    2    2    1    1    1    1    1    1    1    1  4.15797E+17 0.00511 
    3    3    1    1    1    1    1    1    1    1  2.25174E+17 0.00632 
];


DET1002E = [
 1.00000E-09  6.25000E-07  3.13000E-07
 6.25000E-07  1.00000E-01  5.00003E-02
 1.00000E-01  2.00000E+01  1.00500E+01
];
