
DET1001 = [
    1    1    1    1    1    1    1    1    1    1  5.75489E+18 0.00429 
    2    2    1    1    1    1    1    1    1    1  2.32400E+18 0.00543 
    3    3    1    1    1    1    1    1    1    1  3.81578E+17 0.00979 
];


DET1001E = [
 1.00000E-09  6.25000E-07  3.13000E-07
 6.25000E-07  1.00000E-01  5.00003E-02
 1.00000E-01  2.00000E+01  1.00500E+01
];

DET1002 = [
    1    1    1    1    1    1    1    1    1    1  1.58191E+17 0.00759 
    2    2    1    1    1    1    1    1    1    1  3.96842E+17 0.00450 
    3    3    1    1    1    1    1    1    1    1  2.10965E+17 0.00663 
];


DET1002E = [
 1.00000E-09  6.25000E-07  3.13000E-07
 6.25000E-07  1.00000E-01  5.00003E-02
 1.00000E-01  2.00000E+01  1.00500E+01
];
