
DET1001 = [
    1    1    1    1    1    1    1    1    1    1  5.80883E+18 0.00464 
    2    2    1    1    1    1    1    1    1    1  2.36438E+18 0.00501 
    3    3    1    1    1    1    1    1    1    1  3.94576E+17 0.00976 
];


DET1001E = [
 1.00000E-09  6.25000E-07  3.13000E-07
 6.25000E-07  1.00000E-01  5.00003E-02
 1.00000E-01  2.00000E+01  1.00500E+01
];

DET1002 = [
    1    1    1    1    1    1    1    1    1    1  1.54911E+17 0.00746 
    2    2    1    1    1    1    1    1    1    1  4.05437E+17 0.00510 
    3    3    1    1    1    1    1    1    1    1  2.21366E+17 0.00620 
];


DET1002E = [
 1.00000E-09  6.25000E-07  3.13000E-07
 6.25000E-07  1.00000E-01  5.00003E-02
 1.00000E-01  2.00000E+01  1.00500E+01
];
