
DET1001 = [
    1    1    1    1    1    1    1    1    1    1  4.12232E+18 0.00458 
    2    2    1    1    1    1    1    1    1    1  1.76454E+18 0.00573 
    3    3    1    1    1    1    1    1    1    1  1.64369E+17 0.01236 
];


DET1001E = [
 1.00000E-09  6.25000E-07  3.13000E-07
 6.25000E-07  1.00000E-01  5.00003E-02
 1.00000E-01  2.00000E+01  1.00500E+01
];

DET1002 = [
    1    1    1    1    1    1    1    1    1    1  1.01601E+17 0.00966 
    2    2    1    1    1    1    1    1    1    1  3.63317E+17 0.00476 
    3    3    1    1    1    1    1    1    1    1  1.72462E+17 0.00597 
];


DET1002E = [
 1.00000E-09  6.25000E-07  3.13000E-07
 6.25000E-07  1.00000E-01  5.00003E-02
 1.00000E-01  2.00000E+01  1.00500E+01
];
