
DET1001 = [
    1    1    1    1    1    1    1    1    1    1  4.17664E+18 0.00483 
    2    2    1    1    1    1    1    1    1    1  1.78299E+18 0.00619 
    3    3    1    1    1    1    1    1    1    1  1.63652E+17 0.01192 
];


DET1001E = [
 1.00000E-09  6.25000E-07  3.13000E-07
 6.25000E-07  1.00000E-01  5.00003E-02
 1.00000E-01  2.00000E+01  1.00500E+01
];

DET1002 = [
    1    1    1    1    1    1    1    1    1    1  1.02538E+17 0.00866 
    2    2    1    1    1    1    1    1    1    1  3.72375E+17 0.00507 
    3    3    1    1    1    1    1    1    1    1  1.75120E+17 0.00607 
];


DET1002E = [
 1.00000E-09  6.25000E-07  3.13000E-07
 6.25000E-07  1.00000E-01  5.00003E-02
 1.00000E-01  2.00000E+01  1.00500E+01
];
