
ZAI = [
10030
541350
922350
922380
942380
942390
942400
942410
942420
952410
952440
952450
666
0
];

NAMES = [
'H3              '
'Xe135           '
'U235            '
'U238            '
'Pu238           '
'Pu239           '
'Pu240           '
'Pu241           '
'Pu242           '
'Am241           '
'Am244           '
'Am245           '
'lost            '
'total           '
];

i10030  = 1; iH3               = 1;
i541350 = 2; iXe135            = 2;
i922350 = 3; iU235             = 3;
i922380 = 4; iU238             = 4;
i942380 = 5; iPu238            = 5;
i942390 = 6; iPu239            = 6;
i942400 = 7; iPu240            = 7;
i942410 = 8; iPu241            = 8;
i942420 = 9; iPu242            = 9;
i952410 = 10; iAm241            = 10;
i952440 = 11; iAm244            = 11;
i952450 = 12; iAm245            = 12;
iLOST    = 13;
iTOT     = 14;

MAT_uco_VOLUME = [ 3.32126E+04 3.32126E+04 3.32126E+04 3.32126E+04 ];

MAT_uco_BURNUP = [ 0.00000E+00 3.05482E-01 5.43748E+00 1.11807E+01 ];

MAT_uco_ADENS = [
0.00000E+00 8.68233E-14 1.39500E-12 2.58290E-12 % H3
0.00000E+00 3.41302E-08 3.43766E-08 3.43843E-08 % Xe135
4.31104E-03 4.30106E-03 4.13649E-03 3.95889E-03 % U235
2.06805E-02 2.06781E-02 2.06367E-02 2.05893E-02 % U238
0.00000E+00 8.08825E-14 1.54389E-09 1.46438E-08 % Pu238
0.00000E+00 1.11731E-06 3.71454E-05 7.05529E-05 % Pu239
0.00000E+00 2.71543E-09 1.53373E-06 5.68284E-06 % Pu240
0.00000E+00 1.12413E-11 1.28448E-07 9.76705E-07 % Pu241
0.00000E+00 6.87146E-15 1.54586E-09 2.50452E-08 % Pu242
0.00000E+00 1.67286E-15 3.68996E-10 5.84810E-09 % Am241
0.00000E+00 1.92842E-23 1.91948E-16 7.08410E-15 % Am244
0.00000E+00 2.90887E-27 2.61754E-20 9.71957E-19 % Am245
0.00000E+00 6.45637E-08 1.15367E-06 2.37974E-06 % lost data
7.04520E-02 7.04598E-02 7.05917E-02 7.07392E-02 % total
];

MAT_uco_MDENS = [
0.00000E+00 4.34762E-13 6.98540E-12 1.29337E-11 % H3
0.00000E+00 7.64590E-06 7.70110E-06 7.70284E-06 % Xe135
1.68262E+00 1.67873E+00 1.61450E+00 1.54518E+00 % U235
8.17497E+00 8.17402E+00 8.15766E+00 8.13893E+00 % U238
0.00000E+00 3.19726E-11 6.10296E-07 5.78864E-06 % Pu238
0.00000E+00 4.43531E-04 1.47453E-02 2.80068E-02 % Pu239
0.00000E+00 1.08244E-06 6.11383E-04 2.26533E-03 % Pu240
0.00000E+00 4.49965E-09 5.14150E-05 3.90953E-04 % Pu241
0.00000E+00 2.76201E-12 6.21366E-07 1.00670E-05 % Pu242
0.00000E+00 6.69629E-13 1.47706E-07 2.34094E-06 % Am241
0.00000E+00 7.81561E-21 7.77938E-14 2.87108E-12 % Am244
0.00000E+00 1.18376E-24 1.06520E-17 3.95537E-16 % Am245
0.00000E+00 0.00000E+00 0.00000E+00 0.00000E+00 % lost data
1.10000E+01 1.10000E+01 1.09992E+01 1.09984E+01 % total
];

MAT_uco_A = [
0.00000E+00 5.14103E+06 8.26017E+07 1.52940E+08 % H3
0.00000E+00 2.38791E+16 2.40515E+16 2.40569E+16 % Xe135
4.46719E+09 4.45685E+09 4.28632E+09 4.10229E+09 % U235
3.37655E+09 3.37615E+09 3.36940E+09 3.36166E+09 % U238
0.00000E+00 6.72790E+05 1.28423E+10 1.21809E+11 % Pu238
0.00000E+00 3.38067E+10 1.12391E+12 2.13473E+12 % Pu239
0.00000E+00 3.01922E+08 1.70531E+11 6.31860E+11 % Pu240
0.00000E+00 5.73866E+08 6.55724E+12 4.98604E+13 % Pu241
0.00000E+00 1.33674E+01 3.00724E+06 4.87216E+07 % Pu242
0.00000E+00 2.82096E+03 6.22243E+08 9.86173E+09 % Am241
0.00000E+00 1.22097E+01 1.21531E+08 4.48527E+09 % Am244
0.00000E+00 9.07396E-03 8.16517E+04 3.03193E+06 % Am245
0.00000E+00 0.00000E+00 0.00000E+00 0.00000E+00 % lost data
7.84374E+09 3.35875E+18 3.72940E+18 3.78564E+18 % total
];

MAT_uco_H = [
0.00000E+00 4.68676E-09 7.53029E-08 1.39426E-07 % H3
0.00000E+00 2.15274E+03 2.16828E+03 2.16877E+03 % Xe135
3.30137E-03 3.29373E-03 3.16770E-03 3.03170E-03 % U235
2.31285E-03 2.31258E-03 2.30795E-03 2.30265E-03 % U238
0.00000E+00 6.02407E-07 1.14988E-02 1.09066E-01 % Pu238
0.00000E+00 2.83890E-02 9.43801E-01 1.79263E+00 % Pu239
0.00000E+00 2.54010E-04 1.43469E-01 5.31591E-01 % Pu240
0.00000E+00 4.92367E-07 5.62600E-03 4.27794E-02 % Pu241
0.00000E+00 1.06700E-11 2.40041E-06 3.88901E-05 % Pu242
0.00000E+00 2.52922E-09 5.57891E-04 8.84185E-03 % Am241
0.00000E+00 2.16891E-12 2.15885E-05 7.96753E-04 % Am244
0.00000E+00 4.57811E-16 4.11960E-09 1.52971E-07 % Am245
0.00000E+00 0.00000E+00 0.00000E+00 0.00000E+00 % lost data
5.61422E-03 1.20172E+06 1.23611E+06 1.23210E+06 % total
];

MAT_uco_SF = [
0.00000E+00 0.00000E+00 0.00000E+00 0.00000E+00 % H3
0.00000E+00 0.00000E+00 0.00000E+00 0.00000E+00 % Xe135
3.21638E-01 3.20893E-01 3.08615E-01 2.95365E-01 % U235
1.84359E+05 1.84338E+05 1.83969E+05 1.83547E+05 % U238
0.00000E+00 1.25139E-03 2.38866E+01 2.26564E+02 % Pu238
0.00000E+00 1.04801E-01 3.48413E+00 6.61765E+00 % Pu239
0.00000E+00 1.72095E+01 9.72026E+03 3.60160E+04 % Pu240
0.00000E+00 0.00000E+00 0.00000E+00 0.00000E+00 % Pu241
0.00000E+00 7.35205E-05 1.65398E+01 2.67969E+02 % Pu242
0.00000E+00 1.21301E-08 2.67564E-03 4.24054E-02 % Am241
0.00000E+00 0.00000E+00 0.00000E+00 0.00000E+00 % Am244
0.00000E+00 0.00000E+00 0.00000E+00 0.00000E+00 % Am245
0.00000E+00 0.00000E+00 0.00000E+00 0.00000E+00 % lost data
1.84360E+05 1.84356E+05 1.94542E+05 2.46571E+05 % total
];

MAT_uco_ING_TOX = [
0.00000E+00 2.15923E-04 3.46927E-03 6.42350E-03 % H3
0.00000E+00 5.01461E+09 5.05082E+09 5.05195E+09 % Xe135
2.09958E+02 2.09472E+02 2.01457E+02 1.92808E+02 % U235
1.51945E+02 1.51927E+02 1.51623E+02 1.51275E+02 % U238
0.00000E+00 1.54742E-01 2.95372E+03 2.80160E+04 % Pu238
0.00000E+00 8.45168E+03 2.80978E+05 5.33682E+05 % Pu239
0.00000E+00 7.54805E+01 4.26327E+04 1.57965E+05 % Pu240
0.00000E+00 2.75456E+00 3.14748E+04 2.39330E+05 % Pu241
0.00000E+00 3.20817E-06 7.21737E-01 1.16932E+01 % Pu242
0.00000E+00 5.64192E-04 1.24449E+02 1.97235E+03 % Am241
0.00000E+00 5.61648E-09 5.59044E-02 2.06323E+00 % Am244
0.00000E+00 5.62586E-13 5.06240E-06 1.87980E-04 % Am245
0.00000E+00 0.00000E+00 0.00000E+00 0.00000E+00 % lost data
3.61903E+02 4.61772E+10 6.17860E+10 6.17928E+10 % total
];

MAT_uco_INH_TOX = [
0.00000E+00 1.33667E-03 2.14765E-02 3.97645E-02 % H3
0.00000E+00 2.62670E+09 2.64567E+09 2.64626E+09 % Xe135
3.79711E+04 3.78833E+04 3.64337E+04 3.48694E+04 % U235
2.70124E+04 2.70092E+04 2.69552E+04 2.68933E+04 % U238
0.00000E+00 7.40069E+01 1.41265E+06 1.33990E+07 % Pu238
0.00000E+00 4.05681E+06 1.34870E+08 2.56167E+08 % Pu239
0.00000E+00 3.62306E+04 2.04637E+07 7.58232E+07 % Pu240
0.00000E+00 1.31989E+03 1.50817E+07 1.14679E+08 % Pu241
0.00000E+00 1.47041E-03 3.30796E+02 5.35938E+03 % Pu242
0.00000E+00 2.70812E-01 5.97353E+04 9.46726E+05 % Am241
0.00000E+00 4.51761E-08 4.49666E-01 1.65955E+01 % Am244
0.00000E+00 5.08142E-13 4.57249E-06 1.69788E-04 % Am245
0.00000E+00 0.00000E+00 0.00000E+00 0.00000E+00 % lost data
6.49835E+04 4.46388E+10 5.96483E+10 6.15168E+10 % total
];

TOT_VOLUME = [ 3.32126E+04 3.32126E+04 3.32126E+04 3.32126E+04 ];

TOT_BURNUP = [ 0.00000E+00 3.05482E-01 5.43748E+00 1.11807E+01 ];

TOT_ADENS = [
0.00000E+00 8.68233E-14 1.39500E-12 2.58290E-12 % H3
0.00000E+00 3.41302E-08 3.43766E-08 3.43843E-08 % Xe135
4.31104E-03 4.30106E-03 4.13649E-03 3.95889E-03 % U235
2.06805E-02 2.06781E-02 2.06367E-02 2.05893E-02 % U238
0.00000E+00 8.08825E-14 1.54389E-09 1.46438E-08 % Pu238
0.00000E+00 1.11731E-06 3.71454E-05 7.05529E-05 % Pu239
0.00000E+00 2.71543E-09 1.53373E-06 5.68284E-06 % Pu240
0.00000E+00 1.12413E-11 1.28448E-07 9.76705E-07 % Pu241
0.00000E+00 6.87146E-15 1.54586E-09 2.50452E-08 % Pu242
0.00000E+00 1.67286E-15 3.68996E-10 5.84810E-09 % Am241
0.00000E+00 1.92842E-23 1.91948E-16 7.08410E-15 % Am244
0.00000E+00 2.90887E-27 2.61754E-20 9.71957E-19 % Am245
0.00000E+00 6.45637E-08 1.15367E-06 2.37974E-06 % lost data
7.04520E-02 7.04598E-02 7.05917E-02 7.07392E-02 % total
];

