
DET1001 = [
    1    1    1    1    1    1    1    1    1    1  4.02855E+18 0.00483 
    2    2    1    1    1    1    1    1    1    1  1.68335E+18 0.00560 
    3    3    1    1    1    1    1    1    1    1  1.56641E+17 0.01200 
];


DET1001E = [
 1.00000E-09  6.25000E-07  3.13000E-07
 6.25000E-07  1.00000E-01  5.00003E-02
 1.00000E-01  2.00000E+01  1.00500E+01
];

DET1002 = [
    1    1    1    1    1    1    1    1    1    1  1.04748E+17 0.00847 
    2    2    1    1    1    1    1    1    1    1  3.47633E+17 0.00469 
    3    3    1    1    1    1    1    1    1    1  1.65173E+17 0.00601 
];


DET1002E = [
 1.00000E-09  6.25000E-07  3.13000E-07
 6.25000E-07  1.00000E-01  5.00003E-02
 1.00000E-01  2.00000E+01  1.00500E+01
];
