
DET1001 = [
    1    1    1    1    1    1    1    1    1    1  4.03792E+18 0.00474 
    2    2    1    1    1    1    1    1    1    1  1.70543E+18 0.00616 
    3    3    1    1    1    1    1    1    1    1  1.53103E+17 0.01168 
];


DET1001E = [
 1.00000E-09  6.25000E-07  3.13000E-07
 6.25000E-07  1.00000E-01  5.00003E-02
 1.00000E-01  2.00000E+01  1.00500E+01
];

DET1002 = [
    1    1    1    1    1    1    1    1    1    1  1.03107E+17 0.00879 
    2    2    1    1    1    1    1    1    1    1  3.55393E+17 0.00493 
    3    3    1    1    1    1    1    1    1    1  1.67666E+17 0.00568 
];


DET1002E = [
 1.00000E-09  6.25000E-07  3.13000E-07
 6.25000E-07  1.00000E-01  5.00003E-02
 1.00000E-01  2.00000E+01  1.00500E+01
];
