
ZAI = [
10030
541350
922350
922380
942380
942390
942400
942410
942420
952410
952440
952450
666
0
];

NAMES = [
'H3              '
'Xe135           '
'U235            '
'U238            '
'Pu238           '
'Pu239           '
'Pu240           '
'Pu241           '
'Pu242           '
'Am241           '
'Am244           '
'Am245           '
'lost            '
'total           '
];

i10030  = 1; iH3               = 1;
i541350 = 2; iXe135            = 2;
i922350 = 3; iU235             = 3;
i922380 = 4; iU238             = 4;
i942380 = 5; iPu238            = 5;
i942390 = 6; iPu239            = 6;
i942400 = 7; iPu240            = 7;
i942410 = 8; iPu241            = 8;
i942420 = 9; iPu242            = 9;
i952410 = 10; iAm241            = 10;
i952440 = 11; iAm244            = 11;
i952450 = 12; iAm245            = 12;
iLOST    = 13;
iTOT     = 14;

MAT_uco_VOLUME = [ 2.32244E+04 2.32244E+04 2.32244E+04 2.32244E+04 ];

MAT_uco_BURNUP = [ 0.00000E+00 4.36874E-01 7.77637E+00 1.59896E+01 ];

MAT_uco_ADENS = [
0.00000E+00 8.81687E-14 1.38514E-12 2.45192E-12 % H3
0.00000E+00 4.21182E-08 4.21076E-08 4.17578E-08 % Xe135
4.87458E-03 4.86046E-03 4.62765E-03 4.37679E-03 % U235
2.01233E-02 2.01206E-02 2.00728E-02 2.00180E-02 % U238
0.00000E+00 9.50600E-14 2.39218E-09 2.32989E-08 % Pu238
0.00000E+00 1.28097E-06 4.15456E-05 7.62645E-05 % Pu239
0.00000E+00 3.89950E-09 2.25509E-06 8.17480E-06 % Pu240
0.00000E+00 1.73524E-11 2.02829E-07 1.50366E-06 % Pu241
0.00000E+00 1.41581E-14 3.33086E-09 5.34458E-08 % Pu242
0.00000E+00 2.55649E-15 5.80920E-10 8.92429E-09 % Am241
0.00000E+00 4.52985E-23 4.81136E-16 1.74157E-14 % Am244
0.00000E+00 9.15217E-27 8.83563E-20 3.23329E-18 % Am245
0.00000E+00 9.23145E-08 1.64976E-06 3.40294E-06 % lost data
7.04699E-02 7.04811E-02 7.06697E-02 7.08806E-02 % total
];

MAT_uco_MDENS = [
0.00000E+00 4.41500E-13 6.93599E-12 1.22778E-11 % H3
0.00000E+00 9.43539E-06 9.43303E-06 9.35466E-06 % Xe135
1.90258E+00 1.89707E+00 1.80620E+00 1.70829E+00 % U235
7.95473E+00 7.95363E+00 7.93476E+00 7.91311E+00 % U238
0.00000E+00 3.75769E-11 9.45621E-07 9.20999E-06 % Pu238
0.00000E+00 5.08494E-04 1.64920E-02 3.02741E-02 % Pu239
0.00000E+00 1.55444E-06 8.98937E-04 3.25869E-03 % Pu240
0.00000E+00 6.94579E-09 8.11878E-05 6.01881E-04 % Pu241
0.00000E+00 5.69091E-12 1.33885E-06 2.14828E-05 % Pu242
0.00000E+00 1.02334E-12 2.32537E-07 3.57231E-06 % Am241
0.00000E+00 1.83588E-20 1.94997E-13 7.05833E-12 % Am244
0.00000E+00 3.72447E-24 3.59565E-17 1.31578E-15 % Am245
0.00000E+00 0.00000E+00 0.00000E+00 0.00000E+00 % lost data
1.10000E+01 1.09999E+01 1.09989E+01 1.09977E+01 % total
];

MAT_uco_A = [
0.00000E+00 3.65065E+06 5.73521E+07 1.01522E+08 % H3
0.00000E+00 2.06059E+16 2.06007E+16 2.04296E+16 % Xe135
3.53210E+09 3.52186E+09 3.35317E+09 3.17140E+09 % U235
2.29749E+09 2.29718E+09 2.29172E+09 2.28547E+09 % U238
0.00000E+00 5.52923E+05 1.39143E+10 1.35520E+11 % Pu238
0.00000E+00 2.71024E+10 8.79013E+11 1.61359E+12 % Pu239
0.00000E+00 3.03184E+08 1.75332E+11 6.35587E+11 % Pu240
0.00000E+00 6.19434E+08 7.24043E+12 5.36765E+13 % Pu241
0.00000E+00 1.92595E+01 4.53101E+06 7.27031E+07 % Pu242
0.00000E+00 3.01457E+03 6.85010E+08 1.05234E+10 % Am241
0.00000E+00 2.00554E+01 2.13017E+08 7.71059E+09 % Am244
0.00000E+00 1.99636E-02 1.92731E+05 7.05276E+06 % Am245
0.00000E+00 0.00000E+00 0.00000E+00 0.00000E+00 % lost data
5.82959E+09 3.29017E+18 3.63703E+18 3.68625E+18 % total
];

MAT_uco_H = [
0.00000E+00 3.32808E-09 5.22844E-08 9.25518E-08 % H3
0.00000E+00 1.85765E+03 1.85719E+03 1.84176E+03 % Xe135
2.61031E-03 2.60275E-03 2.47808E-03 2.34375E-03 % U235
1.57372E-03 1.57351E-03 1.56977E-03 1.56549E-03 % U238
0.00000E+00 4.95080E-07 1.24587E-02 1.21343E-01 % Pu238
0.00000E+00 2.27591E-02 7.38146E-01 1.35500E+00 % Pu239
0.00000E+00 2.55072E-04 1.47509E-01 5.34726E-01 % Pu240
0.00000E+00 5.31464E-07 6.21216E-03 4.60536E-02 % Pu241
0.00000E+00 1.53731E-11 3.61670E-06 5.80324E-05 % Pu242
0.00000E+00 2.70281E-09 6.14167E-04 9.43505E-03 % Am241
0.00000E+00 3.56258E-12 3.78398E-05 1.36969E-03 % Am244
0.00000E+00 1.00723E-15 9.72392E-09 3.55835E-07 % Am245
0.00000E+00 0.00000E+00 0.00000E+00 0.00000E+00 % lost data
4.18404E-03 1.19615E+06 1.22378E+06 1.21762E+06 % total
];

MAT_uco_SF = [
0.00000E+00 0.00000E+00 0.00000E+00 0.00000E+00 % H3
0.00000E+00 0.00000E+00 0.00000E+00 0.00000E+00 % Xe135
2.54311E-01 2.53574E-01 2.41428E-01 2.28341E-01 % U235
1.25443E+05 1.25426E+05 1.25128E+05 1.24787E+05 % U238
0.00000E+00 1.02844E-03 2.58806E+01 2.52067E+02 % Pu238
0.00000E+00 8.40173E-02 2.72494E+00 5.00212E+00 % Pu239
0.00000E+00 1.72815E+01 9.99392E+03 3.62284E+04 % Pu240
0.00000E+00 0.00000E+00 0.00000E+00 0.00000E+00 % Pu241
0.00000E+00 1.05927E-04 2.49206E+01 3.99867E+02 % Pu242
0.00000E+00 1.29627E-08 2.94554E-03 4.52504E-02 % Am241
0.00000E+00 0.00000E+00 0.00000E+00 0.00000E+00 % Am244
0.00000E+00 0.00000E+00 0.00000E+00 0.00000E+00 % Am245
0.00000E+00 0.00000E+00 0.00000E+00 0.00000E+00 % lost data
1.25443E+05 1.25444E+05 1.36333E+05 1.99017E+05 % total
];

MAT_uco_ING_TOX = [
0.00000E+00 1.53327E-04 2.40879E-03 4.26394E-03 % H3
0.00000E+00 4.32724E+09 4.32615E+09 4.29021E+09 % Xe135
1.66009E+02 1.65528E+02 1.57599E+02 1.49056E+02 % U235
1.03387E+02 1.03373E+02 1.03128E+02 1.02846E+02 % U238
0.00000E+00 1.27172E-01 3.20029E+03 3.11696E+04 % Pu238
0.00000E+00 6.77559E+03 2.19753E+05 4.03397E+05 % Pu239
0.00000E+00 7.57960E+01 4.38330E+04 1.58897E+05 % Pu240
0.00000E+00 2.97328E+00 3.47540E+04 2.57647E+05 % Pu241
0.00000E+00 4.62227E-06 1.08744E+00 1.74487E+01 % Pu242
0.00000E+00 6.02914E-04 1.37002E+02 2.10467E+03 % Am241
0.00000E+00 9.22547E-09 9.79879E-02 3.54687E+00 % Am244
0.00000E+00 1.23774E-12 1.19493E-05 4.37271E-04 % Am245
0.00000E+00 0.00000E+00 0.00000E+00 0.00000E+00 % lost data
2.69396E+02 4.54391E+10 6.07352E+10 6.06026E+10 % total
];

MAT_uco_INH_TOX = [
0.00000E+00 9.49170E-04 1.49115E-02 2.63958E-02 % H3
0.00000E+00 2.26665E+09 2.26608E+09 2.24725E+09 % Xe135
3.00228E+04 2.99358E+04 2.85019E+04 2.69569E+04 % U235
1.83799E+04 1.83774E+04 1.83338E+04 1.82838E+04 % U238
0.00000E+00 6.08216E+01 1.53057E+06 1.49072E+07 % Pu238
0.00000E+00 3.25228E+06 1.05482E+08 1.93630E+08 % Pu239
0.00000E+00 3.63821E+04 2.10398E+07 7.62704E+07 % Pu240
0.00000E+00 1.42470E+03 1.66530E+07 1.23456E+08 % Pu241
0.00000E+00 2.11854E-03 4.98411E+02 7.99734E+03 % Pu242
0.00000E+00 2.89399E-01 6.57610E+04 1.01024E+06 % Am241
0.00000E+00 7.42048E-08 7.88163E-01 2.85292E+01 % Am244
0.00000E+00 1.11796E-12 1.07929E-05 3.94955E-04 % Am245
0.00000E+00 0.00000E+00 0.00000E+00 0.00000E+00 % lost data
4.84028E+04 4.42051E+10 5.89040E+10 6.06273E+10 % total
];

TOT_VOLUME = [ 2.32244E+04 2.32244E+04 2.32244E+04 2.32244E+04 ];

TOT_BURNUP = [ 0.00000E+00 4.36874E-01 7.77637E+00 1.59896E+01 ];

TOT_ADENS = [
0.00000E+00 8.81687E-14 1.38514E-12 2.45192E-12 % H3
0.00000E+00 4.21182E-08 4.21076E-08 4.17578E-08 % Xe135
4.87458E-03 4.86046E-03 4.62765E-03 4.37679E-03 % U235
2.01233E-02 2.01206E-02 2.00728E-02 2.00180E-02 % U238
0.00000E+00 9.50600E-14 2.39218E-09 2.32989E-08 % Pu238
0.00000E+00 1.28097E-06 4.15456E-05 7.62645E-05 % Pu239
0.00000E+00 3.89950E-09 2.25509E-06 8.17480E-06 % Pu240
0.00000E+00 1.73524E-11 2.02829E-07 1.50366E-06 % Pu241
0.00000E+00 1.41581E-14 3.33086E-09 5.34458E-08 % Pu242
0.00000E+00 2.55649E-15 5.80920E-10 8.92429E-09 % Am241
0.00000E+00 4.52985E-23 4.81136E-16 1.74157E-14 % Am244
0.00000E+00 9.15217E-27 8.83563E-20 3.23329E-18 % Am245
0.00000E+00 9.23145E-08 1.64976E-06 3.40294E-06 % lost data
7.04699E-02 7.04811E-02 7.06697E-02 7.08806E-02 % total
];

