
DET1001 = [
    1    1    1    1    1    1    1    1    1    1  5.76577E+18 0.00420 
    2    2    1    1    1    1    1    1    1    1  2.24894E+18 0.00522 
    3    3    1    1    1    1    1    1    1    1  3.71695E+17 0.00982 
];


DET1001E = [
 1.00000E-09  6.25000E-07  3.13000E-07
 6.25000E-07  1.00000E-01  5.00003E-02
 1.00000E-01  2.00000E+01  1.00500E+01
];

DET1002 = [
    1    1    1    1    1    1    1    1    1    1  1.68668E+17 0.00754 
    2    2    1    1    1    1    1    1    1    1  3.97901E+17 0.00507 
    3    3    1    1    1    1    1    1    1    1  2.09568E+17 0.00624 
];


DET1002E = [
 1.00000E-09  6.25000E-07  3.13000E-07
 6.25000E-07  1.00000E-01  5.00003E-02
 1.00000E-01  2.00000E+01  1.00500E+01
];
