
DET1001 = [
    1    1    1    1    1    1    1    1    1    1  5.69842E+18 0.00428 
    2    2    1    1    1    1    1    1    1    1  2.22994E+18 0.00506 
    3    3    1    1    1    1    1    1    1    1  3.70868E+17 0.00971 
];


DET1001E = [
 1.00000E-09  6.25000E-07  3.13000E-07
 6.25000E-07  1.00000E-01  5.00003E-02
 1.00000E-01  2.00000E+01  1.00500E+01
];

DET1002 = [
    1    1    1    1    1    1    1    1    1    1  1.65468E+17 0.00743 
    2    2    1    1    1    1    1    1    1    1  3.90965E+17 0.00460 
    3    3    1    1    1    1    1    1    1    1  2.04374E+17 0.00627 
];


DET1002E = [
 1.00000E-09  6.25000E-07  3.13000E-07
 6.25000E-07  1.00000E-01  5.00003E-02
 1.00000E-01  2.00000E+01  1.00500E+01
];
