
DET1001 = [
    1    1    1    1    1    1    1    1    1    1  5.62021E+18 0.00428 
    2    2    1    1    1    1    1    1    1    1  2.17004E+18 0.00521 
    3    3    1    1    1    1    1    1    1    1  3.64158E+17 0.01015 
];


DET1001E = [
 1.00000E-09  6.25000E-07  3.13000E-07
 6.25000E-07  1.00000E-01  5.00003E-02
 1.00000E-01  2.00000E+01  1.00500E+01
];

DET1002 = [
    1    1    1    1    1    1    1    1    1    1  1.66679E+17 0.00712 
    2    2    1    1    1    1    1    1    1    1  3.79766E+17 0.00495 
    3    3    1    1    1    1    1    1    1    1  1.99339E+17 0.00606 
];


DET1002E = [
 1.00000E-09  6.25000E-07  3.13000E-07
 6.25000E-07  1.00000E-01  5.00003E-02
 1.00000E-01  2.00000E+01  1.00500E+01
];
