
DET1001 = [
    1    1    1    1    1    1    1    1    1    1  4.99397E+18 0.00485 
    2    2    1    1    1    1    1    1    1    1  1.86055E+18 0.00574 
    3    3    1    1    1    1    1    1    1    1  1.70479E+17 0.01202 
];


DET1001E = [
 1.00000E-09  6.25000E-07  3.13000E-07
 6.25000E-07  1.00000E-01  5.00003E-02
 1.00000E-01  2.00000E+01  1.00500E+01
];

DET1002 = [
    1    1    1    1    1    1    1    1    1    1  1.77928E+17 0.00703 
    2    2    1    1    1    1    1    1    1    1  4.17520E+17 0.00494 
    3    3    1    1    1    1    1    1    1    1  1.92593E+17 0.00606 
];


DET1002E = [
 1.00000E-09  6.25000E-07  3.13000E-07
 6.25000E-07  1.00000E-01  5.00003E-02
 1.00000E-01  2.00000E+01  1.00500E+01
];
