
DET1001 = [
    1    1    1    1    1    1    1    1    1    1  4.78476E+18 0.00481 
    2    2    1    1    1    1    1    1    1    1  1.76589E+18 0.00605 
    3    3    1    1    1    1    1    1    1    1  1.64297E+17 0.01231 
];


DET1001E = [
 1.00000E-09  6.25000E-07  3.13000E-07
 6.25000E-07  1.00000E-01  5.00003E-02
 1.00000E-01  2.00000E+01  1.00500E+01
];

DET1002 = [
    1    1    1    1    1    1    1    1    1    1  1.79326E+17 0.00683 
    2    2    1    1    1    1    1    1    1    1  3.92706E+17 0.00469 
    3    3    1    1    1    1    1    1    1    1  1.80441E+17 0.00616 
];


DET1002E = [
 1.00000E-09  6.25000E-07  3.13000E-07
 6.25000E-07  1.00000E-01  5.00003E-02
 1.00000E-01  2.00000E+01  1.00500E+01
];
