
ZAI = [
10030
541350
922350
922380
942380
942390
942400
942410
942420
952410
952440
952450
666
0
];

NAMES = [
'H3              '
'Xe135           '
'U235            '
'U238            '
'Pu238           '
'Pu239           '
'Pu240           '
'Pu241           '
'Pu242           '
'Am241           '
'Am244           '
'Am245           '
'lost            '
'total           '
];

i10030  = 1; iH3               = 1;
i541350 = 2; iXe135            = 2;
i922350 = 3; iU235             = 3;
i922380 = 4; iU238             = 4;
i942380 = 5; iPu238            = 5;
i942390 = 6; iPu239            = 6;
i942400 = 7; iPu240            = 7;
i942410 = 8; iPu241            = 8;
i942420 = 9; iPu242            = 9;
i952410 = 10; iAm241            = 10;
i952440 = 11; iAm244            = 11;
i952450 = 12; iAm245            = 12;
iLOST    = 13;
iTOT     = 14;

MAT_uco_VOLUME = [ 2.41547E+04 2.41547E+04 2.41547E+04 2.41547E+04 ];

MAT_uco_BURNUP = [ 0.00000E+00 4.20028E-01 7.47645E+00 1.53728E+01 ];

MAT_uco_ADENS = [
0.00000E+00 9.81233E-14 1.48730E-12 2.60633E-12 % H3
0.00000E+00 3.59023E-08 3.60843E-08 3.57516E-08 % Xe135
3.74777E-03 3.73423E-03 3.51292E-03 3.27783E-03 % U235
2.12374E-02 2.12343E-02 2.11804E-02 2.11183E-02 % U238
0.00000E+00 1.28885E-13 3.09869E-09 2.97140E-08 % Pu238
0.00000E+00 1.44245E-06 4.54082E-05 8.12388E-05 % Pu239
0.00000E+00 5.34070E-09 3.00424E-06 1.04917E-05 % Pu240
0.00000E+00 2.70702E-11 3.08663E-07 2.21472E-06 % Pu241
0.00000E+00 2.62768E-14 6.04469E-09 9.41415E-08 % Pu242
0.00000E+00 3.98281E-15 8.83557E-10 1.31309E-08 % Am241
0.00000E+00 1.05184E-22 1.08839E-15 3.93612E-14 % Am244
0.00000E+00 2.46409E-26 2.30308E-19 8.42912E-18 % Am245
0.00000E+00 8.87442E-08 1.58912E-06 3.28105E-06 % lost data
7.04339E-02 7.04447E-02 7.06262E-02 7.08289E-02 % total
];

MAT_uco_MDENS = [
0.00000E+00 4.91346E-13 7.44758E-12 1.30510E-11 % H3
0.00000E+00 8.04289E-06 8.08367E-06 8.00914E-06 % Xe135
1.46278E+00 1.45749E+00 1.37111E+00 1.27936E+00 % U235
8.39511E+00 8.39388E+00 8.37259E+00 8.34806E+00 % U238
0.00000E+00 5.09478E-11 1.22490E-06 1.17459E-05 % Pu238
0.00000E+00 5.72597E-04 1.80253E-02 3.22487E-02 % Pu239
0.00000E+00 2.12894E-06 1.19757E-03 4.18224E-03 % Pu240
0.00000E+00 1.08356E-08 1.23551E-04 8.86502E-04 % Pu241
0.00000E+00 1.05621E-11 2.42969E-06 3.78405E-05 % Pu242
0.00000E+00 1.59428E-12 3.53680E-07 5.25616E-06 % Am241
0.00000E+00 4.26297E-20 4.41108E-13 1.59525E-11 % Am244
0.00000E+00 1.00276E-23 9.37237E-17 3.43022E-15 % Am245
0.00000E+00 0.00000E+00 0.00000E+00 0.00000E+00 % lost data
1.10000E+01 1.09999E+01 1.09989E+01 1.09978E+01 % total
];

MAT_uco_A = [
0.00000E+00 4.22556E+06 6.40490E+07 1.12238E+08 % H3
0.00000E+00 1.82684E+16 1.83610E+16 1.81917E+16 % Xe135
2.82438E+09 2.81418E+09 2.64740E+09 2.47023E+09 % U235
2.52181E+09 2.52144E+09 2.51504E+09 2.50767E+09 % U238
0.00000E+00 7.79696E+05 1.87457E+10 1.79757E+11 % Pu238
0.00000E+00 3.17414E+10 9.99219E+11 1.78768E+12 % Pu239
0.00000E+00 4.31869E+08 2.42934E+11 8.48394E+11 % Pu240
0.00000E+00 1.00504E+09 1.14598E+13 8.22260E+13 % Pu241
0.00000E+00 3.71765E+01 8.55204E+06 1.33191E+08 % Pu242
0.00000E+00 4.88458E+03 1.08361E+09 1.61039E+10 % Am241
0.00000E+00 4.84345E+01 5.01172E+08 1.81247E+10 % Am244
0.00000E+00 5.59019E-02 5.22493E+05 1.91229E+07 % Am245
0.00000E+00 0.00000E+00 0.00000E+00 0.00000E+00 % lost data
5.34619E+09 3.33268E+18 3.69009E+18 3.73260E+18 % total
];

MAT_uco_H = [
0.00000E+00 3.85218E-09 5.83895E-08 1.02321E-07 % H3
0.00000E+00 1.64692E+03 1.65527E+03 1.64001E+03 % Xe135
2.08729E-03 2.07976E-03 1.95650E-03 1.82557E-03 % U235
1.72737E-03 1.72712E-03 1.72274E-03 1.71769E-03 % U238
0.00000E+00 6.98129E-07 1.67846E-02 1.60952E-01 % Pu238
0.00000E+00 2.66547E-02 8.39089E-01 1.50119E+00 % Pu239
0.00000E+00 3.63336E-04 2.04383E-01 7.13763E-01 % Pu240
0.00000E+00 8.62305E-07 9.83228E-03 7.05485E-02 % Pu241
0.00000E+00 2.96747E-11 6.82633E-06 1.06315E-04 % Pu242
0.00000E+00 4.37942E-09 9.71542E-04 1.44384E-02 % Am241
0.00000E+00 8.60377E-12 8.90269E-05 3.21963E-03 % Am244
0.00000E+00 2.82043E-15 2.63615E-08 9.64812E-07 % Am245
0.00000E+00 0.00000E+00 0.00000E+00 0.00000E+00 % lost data
3.81467E-03 1.19911E+06 1.22666E+06 1.21573E+06 % total
];

MAT_uco_SF = [
0.00000E+00 0.00000E+00 0.00000E+00 0.00000E+00 % H3
0.00000E+00 0.00000E+00 0.00000E+00 0.00000E+00 % Xe135
2.03356E-01 2.02621E-01 1.90613E-01 1.77857E-01 % U235
1.37691E+05 1.37670E+05 1.37321E+05 1.36919E+05 % U238
0.00000E+00 1.45023E-03 3.48669E+01 3.34348E+02 % Pu238
0.00000E+00 9.83985E-02 3.09758E+00 5.54181E+00 % Pu239
0.00000E+00 2.46165E+01 1.38472E+04 4.83585E+04 % Pu240
0.00000E+00 0.00000E+00 0.00000E+00 0.00000E+00 % Pu241
0.00000E+00 2.04471E-04 4.70362E+01 7.32553E+02 % Pu242
0.00000E+00 2.10037E-08 4.65951E-03 6.92466E-02 % Am241
0.00000E+00 0.00000E+00 0.00000E+00 0.00000E+00 % Am244
0.00000E+00 0.00000E+00 0.00000E+00 0.00000E+00 % Am245
0.00000E+00 0.00000E+00 0.00000E+00 0.00000E+00 % lost data
1.37691E+05 1.37695E+05 1.53407E+05 2.53961E+05 % total
];

MAT_uco_ING_TOX = [
0.00000E+00 1.77474E-04 2.69006E-03 4.71402E-03 % H3
0.00000E+00 3.83636E+09 3.85581E+09 3.82026E+09 % Xe135
1.32746E+02 1.32267E+02 1.24428E+02 1.16101E+02 % U235
1.13481E+02 1.13465E+02 1.13177E+02 1.12845E+02 % U238
0.00000E+00 1.79330E-01 4.31150E+03 4.13441E+04 % Pu238
0.00000E+00 7.93536E+03 2.49805E+05 4.46920E+05 % Pu239
0.00000E+00 1.07967E+02 6.07335E+04 2.12099E+05 % Pu240
0.00000E+00 4.82418E+00 5.50068E+04 3.94685E+05 % Pu241
0.00000E+00 8.92235E-06 2.05249E+00 3.19659E+01 % Pu242
0.00000E+00 9.76915E-04 2.16721E+02 3.22077E+03 % Am241
0.00000E+00 2.22799E-08 2.30539E-01 8.33738E+00 % Am244
0.00000E+00 3.46592E-12 3.23945E-05 1.18562E-03 % Am245
0.00000E+00 0.00000E+00 0.00000E+00 0.00000E+00 % lost data
2.46227E+02 4.49645E+10 6.04193E+10 6.01800E+10 % total
];

MAT_uco_INH_TOX = [
0.00000E+00 1.09865E-03 1.66527E-02 2.91820E-02 % H3
0.00000E+00 2.00952E+09 2.01971E+09 2.00109E+09 % Xe135
2.40073E+04 2.39206E+04 2.25029E+04 2.09970E+04 % U235
2.01744E+04 2.01715E+04 2.01203E+04 2.00614E+04 % U238
0.00000E+00 8.57665E+01 2.06202E+06 1.97732E+07 % Pu238
0.00000E+00 3.80897E+06 1.19906E+08 2.14522E+08 % Pu239
0.00000E+00 5.18243E+04 2.91521E+07 1.01807E+08 % Pu240
0.00000E+00 2.31159E+03 2.63574E+07 1.89120E+08 % Pu241
0.00000E+00 4.08941E-03 9.40724E+02 1.46511E+04 % Pu242
0.00000E+00 4.68919E-01 1.04026E+05 1.54597E+06 % Am241
0.00000E+00 1.79208E-07 1.85434E+00 6.70615E+01 % Am244
0.00000E+00 3.13050E-12 2.92596E-05 1.07088E-03 % Am245
0.00000E+00 0.00000E+00 0.00000E+00 0.00000E+00 % lost data
4.41817E+04 4.39742E+10 5.89109E+10 6.06499E+10 % total
];

TOT_VOLUME = [ 2.41547E+04 2.41547E+04 2.41547E+04 2.41547E+04 ];

TOT_BURNUP = [ 0.00000E+00 4.20028E-01 7.47645E+00 1.53728E+01 ];

TOT_ADENS = [
0.00000E+00 9.81233E-14 1.48730E-12 2.60633E-12 % H3
0.00000E+00 3.59023E-08 3.60843E-08 3.57516E-08 % Xe135
3.74777E-03 3.73423E-03 3.51292E-03 3.27783E-03 % U235
2.12374E-02 2.12343E-02 2.11804E-02 2.11183E-02 % U238
0.00000E+00 1.28885E-13 3.09869E-09 2.97140E-08 % Pu238
0.00000E+00 1.44245E-06 4.54082E-05 8.12388E-05 % Pu239
0.00000E+00 5.34070E-09 3.00424E-06 1.04917E-05 % Pu240
0.00000E+00 2.70702E-11 3.08663E-07 2.21472E-06 % Pu241
0.00000E+00 2.62768E-14 6.04469E-09 9.41415E-08 % Pu242
0.00000E+00 3.98281E-15 8.83557E-10 1.31309E-08 % Am241
0.00000E+00 1.05184E-22 1.08839E-15 3.93612E-14 % Am244
0.00000E+00 2.46409E-26 2.30308E-19 8.42912E-18 % Am245
0.00000E+00 8.87442E-08 1.58912E-06 3.28105E-06 % lost data
7.04339E-02 7.04447E-02 7.06262E-02 7.08289E-02 % total
];

