
DET1001 = [
    1    1    1    1    1    1    1    1    1    1  4.73102E+18 0.00444 
    2    2    1    1    1    1    1    1    1    1  1.72594E+18 0.00588 
    3    3    1    1    1    1    1    1    1    1  1.54989E+17 0.01152 
];


DET1001E = [
 1.00000E-09  6.25000E-07  3.13000E-07
 6.25000E-07  1.00000E-01  5.00003E-02
 1.00000E-01  2.00000E+01  1.00500E+01
];

DET1002 = [
    1    1    1    1    1    1    1    1    1    1  1.79385E+17 0.00651 
    2    2    1    1    1    1    1    1    1    1  3.80506E+17 0.00465 
    3    3    1    1    1    1    1    1    1    1  1.73687E+17 0.00616 
];


DET1002E = [
 1.00000E-09  6.25000E-07  3.13000E-07
 6.25000E-07  1.00000E-01  5.00003E-02
 1.00000E-01  2.00000E+01  1.00500E+01
];
