
DET1001 = [
    1    1    1    1    1    1    1    1    1    1  4.59788E+18 0.00490 
    2    2    1    1    1    1    1    1    1    1  1.87969E+18 0.00597 
    3    3    1    1    1    1    1    1    1    1  1.94733E+17 0.01103 
];


DET1001E = [
 1.00000E-09  6.25000E-07  3.13000E-07
 6.25000E-07  1.00000E-01  5.00003E-02
 1.00000E-01  2.00000E+01  1.00500E+01
];

DET1002 = [
    1    1    1    1    1    1    1    1    1    1  1.13361E+17 0.00851 
    2    2    1    1    1    1    1    1    1    1  3.66283E+17 0.00491 
    3    3    1    1    1    1    1    1    1    1  1.76128E+17 0.00603 
];


DET1002E = [
 1.00000E-09  6.25000E-07  3.13000E-07
 6.25000E-07  1.00000E-01  5.00003E-02
 1.00000E-01  2.00000E+01  1.00500E+01
];
