
DET1001 = [
    1    1    1    1    1    1    1    1    1    1  4.66923E+18 0.00471 
    2    2    1    1    1    1    1    1    1    1  1.89367E+18 0.00586 
    3    3    1    1    1    1    1    1    1    1  1.97598E+17 0.01164 
];


DET1001E = [
 1.00000E-09  6.25000E-07  3.13000E-07
 6.25000E-07  1.00000E-01  5.00003E-02
 1.00000E-01  2.00000E+01  1.00500E+01
];

DET1002 = [
    1    1    1    1    1    1    1    1    1    1  1.16021E+17 0.00856 
    2    2    1    1    1    1    1    1    1    1  3.76061E+17 0.00507 
    3    3    1    1    1    1    1    1    1    1  1.80730E+17 0.00645 
];


DET1002E = [
 1.00000E-09  6.25000E-07  3.13000E-07
 6.25000E-07  1.00000E-01  5.00003E-02
 1.00000E-01  2.00000E+01  1.00500E+01
];
