
DET1001 = [
    1    1    1    1    1    1    1    1    1    1  4.51745E+18 0.00455 
    2    2    1    1    1    1    1    1    1    1  1.84168E+18 0.00560 
    3    3    1    1    1    1    1    1    1    1  1.90705E+17 0.01171 
];


DET1001E = [
 1.00000E-09  6.25000E-07  3.13000E-07
 6.25000E-07  1.00000E-01  5.00003E-02
 1.00000E-01  2.00000E+01  1.00500E+01
];

DET1002 = [
    1    1    1    1    1    1    1    1    1    1  1.15824E+17 0.00836 
    2    2    1    1    1    1    1    1    1    1  3.52133E+17 0.00487 
    3    3    1    1    1    1    1    1    1    1  1.70397E+17 0.00633 
];


DET1002E = [
 1.00000E-09  6.25000E-07  3.13000E-07
 6.25000E-07  1.00000E-01  5.00003E-02
 1.00000E-01  2.00000E+01  1.00500E+01
];
