
DET1001 = [
    1    1    1    1    1    1    1    1    1    1  4.42190E+18 0.00466 
    2    2    1    1    1    1    1    1    1    1  1.81722E+18 0.00588 
    3    3    1    1    1    1    1    1    1    1  1.85263E+17 0.01118 
];


DET1001E = [
 1.00000E-09  6.25000E-07  3.13000E-07
 6.25000E-07  1.00000E-01  5.00003E-02
 1.00000E-01  2.00000E+01  1.00500E+01
];

DET1002 = [
    1    1    1    1    1    1    1    1    1    1  1.16726E+17 0.00833 
    2    2    1    1    1    1    1    1    1    1  3.51329E+17 0.00531 
    3    3    1    1    1    1    1    1    1    1  1.70492E+17 0.00626 
];


DET1002E = [
 1.00000E-09  6.25000E-07  3.13000E-07
 6.25000E-07  1.00000E-01  5.00003E-02
 1.00000E-01  2.00000E+01  1.00500E+01
];
