
DET1001 = [
    1    1    1    1    1    1    1    1    1    1  5.10900E+18 0.00451 
    2    2    1    1    1    1    1    1    1    1  1.92854E+18 0.00569 
    3    3    1    1    1    1    1    1    1    1  1.97383E+17 0.01117 
];


DET1001E = [
 1.00000E-09  6.25000E-07  3.13000E-07
 6.25000E-07  1.00000E-01  5.00003E-02
 1.00000E-01  2.00000E+01  1.00500E+01
];

DET1002 = [
    1    1    1    1    1    1    1    1    1    1  1.65505E+17 0.00708 
    2    2    1    1    1    1    1    1    1    1  3.86126E+17 0.00497 
    3    3    1    1    1    1    1    1    1    1  1.81295E+17 0.00627 
];


DET1002E = [
 1.00000E-09  6.25000E-07  3.13000E-07
 6.25000E-07  1.00000E-01  5.00003E-02
 1.00000E-01  2.00000E+01  1.00500E+01
];
