
DET1001 = [
    1    1    1    1    1    1    1    1    1    1  5.34908E+18 0.00462 
    2    2    1    1    1    1    1    1    1    1  2.00254E+18 0.00582 
    3    3    1    1    1    1    1    1    1    1  2.02856E+17 0.01135 
];


DET1001E = [
 1.00000E-09  6.25000E-07  3.13000E-07
 6.25000E-07  1.00000E-01  5.00003E-02
 1.00000E-01  2.00000E+01  1.00500E+01
];

DET1002 = [
    1    1    1    1    1    1    1    1    1    1  1.71356E+17 0.00699 
    2    2    1    1    1    1    1    1    1    1  4.15021E+17 0.00459 
    3    3    1    1    1    1    1    1    1    1  1.91341E+17 0.00653 
];


DET1002E = [
 1.00000E-09  6.25000E-07  3.13000E-07
 6.25000E-07  1.00000E-01  5.00003E-02
 1.00000E-01  2.00000E+01  1.00500E+01
];
