
DET1001 = [
    1    1    1    1    1    1    1    1    1    1  5.08888E+18 0.00449 
    2    2    1    1    1    1    1    1    1    1  1.88250E+18 0.00575 
    3    3    1    1    1    1    1    1    1    1  1.92510E+17 0.01143 
];


DET1001E = [
 1.00000E-09  6.25000E-07  3.13000E-07
 6.25000E-07  1.00000E-01  5.00003E-02
 1.00000E-01  2.00000E+01  1.00500E+01
];

DET1002 = [
    1    1    1    1    1    1    1    1    1    1  1.65702E+17 0.00703 
    2    2    1    1    1    1    1    1    1    1  3.74820E+17 0.00456 
    3    3    1    1    1    1    1    1    1    1  1.74572E+17 0.00630 
];


DET1002E = [
 1.00000E-09  6.25000E-07  3.13000E-07
 6.25000E-07  1.00000E-01  5.00003E-02
 1.00000E-01  2.00000E+01  1.00500E+01
];
