
DET1001 = [
    1    1    1    1    1    1    1    1    1    1  5.25537E+18 0.00454 
    2    2    1    1    1    1    1    1    1    1  1.95358E+18 0.00590 
    3    3    1    1    1    1    1    1    1    1  2.01234E+17 0.01167 
];


DET1001E = [
 1.00000E-09  6.25000E-07  3.13000E-07
 6.25000E-07  1.00000E-01  5.00003E-02
 1.00000E-01  2.00000E+01  1.00500E+01
];

DET1002 = [
    1    1    1    1    1    1    1    1    1    1  1.66701E+17 0.00733 
    2    2    1    1    1    1    1    1    1    1  3.99421E+17 0.00455 
    3    3    1    1    1    1    1    1    1    1  1.87551E+17 0.00628 
];


DET1002E = [
 1.00000E-09  6.25000E-07  3.13000E-07
 6.25000E-07  1.00000E-01  5.00003E-02
 1.00000E-01  2.00000E+01  1.00500E+01
];
