
ZAI = [
10030
541350
922350
922380
942380
942390
942400
942410
942420
952410
952440
952450
666
0
];

NAMES = [
'H3              '
'Xe135           '
'U235            '
'U238            '
'Pu238           '
'Pu239           '
'Pu240           '
'Pu241           '
'Pu242           '
'Am241           '
'Am244           '
'Am245           '
'lost            '
'total           '
];

i10030  = 1; iH3               = 1;
i541350 = 2; iXe135            = 2;
i922350 = 3; iU235             = 3;
i922380 = 4; iU238             = 4;
i942380 = 5; iPu238            = 5;
i942390 = 6; iPu239            = 6;
i942400 = 7; iPu240            = 7;
i942410 = 8; iPu241            = 8;
i942420 = 9; iPu242            = 9;
i952410 = 10; iAm241            = 10;
i952440 = 11; iAm244            = 11;
i952450 = 12; iAm245            = 12;
iLOST    = 13;
iTOT     = 14;

MAT_uco_VOLUME = [ 2.32244E+04 2.32244E+04 2.32244E+04 2.32244E+04 ];

MAT_uco_BURNUP = [ 0.00000E+00 4.36876E-01 7.77632E+00 1.59894E+01 ];

MAT_uco_ADENS = [
0.00000E+00 8.18800E-14 1.28352E-12 2.27952E-12 % H3
0.00000E+00 4.21743E-08 4.21105E-08 4.17893E-08 % Xe135
4.87458E-03 4.86046E-03 4.62767E-03 4.37666E-03 % U235
2.01233E-02 2.01206E-02 2.00731E-02 2.00185E-02 % U238
0.00000E+00 8.94944E-14 2.23737E-09 2.18799E-08 % Pu238
0.00000E+00 1.27746E-06 4.13936E-05 7.62397E-05 % Pu239
0.00000E+00 3.83379E-09 2.22216E-06 8.09110E-06 % Pu240
0.00000E+00 1.64816E-11 1.94763E-07 1.45633E-06 % Pu241
0.00000E+00 1.29569E-14 3.07921E-09 4.97932E-08 % Pu242
0.00000E+00 2.42875E-15 5.57978E-10 8.64856E-09 % Am241
0.00000E+00 3.78949E-23 4.07317E-16 1.45792E-14 % Am244
0.00000E+00 7.24346E-27 7.08274E-20 2.55921E-18 % Am245
0.00000E+00 9.23108E-08 1.64951E-06 3.40233E-06 % lost data
7.04699E-02 7.04811E-02 7.06697E-02 7.08806E-02 % total
];

MAT_uco_MDENS = [
0.00000E+00 4.10009E-13 6.42717E-12 1.14146E-11 % H3
0.00000E+00 9.44798E-06 9.43366E-06 9.36171E-06 % Xe135
1.90258E+00 1.89707E+00 1.80621E+00 1.70824E+00 % U235
7.95473E+00 7.95364E+00 7.93489E+00 7.91331E+00 % U238
0.00000E+00 3.53768E-11 8.84424E-07 8.64904E-06 % Pu238
0.00000E+00 5.07101E-04 1.64317E-02 3.02643E-02 % Pu239
0.00000E+00 1.52825E-06 8.85811E-04 3.22532E-03 % Pu240
0.00000E+00 6.59723E-09 7.79592E-05 5.82936E-04 % Pu241
0.00000E+00 5.20808E-12 1.23770E-06 2.00146E-05 % Pu242
0.00000E+00 9.72207E-13 2.23353E-07 3.46194E-06 % Am241
0.00000E+00 1.53583E-20 1.65080E-13 5.90875E-12 % Am244
0.00000E+00 2.94772E-24 2.88231E-17 1.04147E-15 % Am245
0.00000E+00 0.00000E+00 0.00000E+00 0.00000E+00 % lost data
1.10000E+01 1.09999E+01 1.09989E+01 1.09977E+01 % total
];

MAT_uco_A = [
0.00000E+00 3.39027E+06 5.31447E+07 9.43844E+07 % H3
0.00000E+00 2.06334E+16 2.06021E+16 2.04450E+16 % Xe135
3.53210E+09 3.52186E+09 3.35318E+09 3.17131E+09 % U235
2.29749E+09 2.29718E+09 2.29176E+09 2.28553E+09 % U238
0.00000E+00 5.20551E+05 1.30138E+10 1.27266E+11 % Pu238
0.00000E+00 2.70281E+10 8.75795E+11 1.61306E+12 % Pu239
0.00000E+00 2.98075E+08 1.72772E+11 6.29079E+11 % Pu240
0.00000E+00 5.88349E+08 6.95249E+12 5.19870E+13 % Pu241
0.00000E+00 1.76254E+01 4.18869E+06 6.77344E+07 % Pu242
0.00000E+00 2.86394E+03 6.57958E+08 1.01982E+10 % Am241
0.00000E+00 1.67775E+01 1.80335E+08 6.45478E+09 % Am244
0.00000E+00 1.58001E-02 1.54495E+05 5.58239E+06 % Am245
0.00000E+00 0.00000E+00 0.00000E+00 0.00000E+00 % lost data
5.82959E+09 3.28943E+18 3.63578E+18 3.68673E+18 % total
];

MAT_uco_H = [
0.00000E+00 3.09070E-09 4.84487E-08 8.60445E-08 % H3
0.00000E+00 1.86013E+03 1.85731E+03 1.84315E+03 % Xe135
2.61031E-03 2.60275E-03 2.47809E-03 2.34368E-03 % U235
1.57372E-03 1.57351E-03 1.56980E-03 1.56553E-03 % U238
0.00000E+00 4.66094E-07 1.16524E-02 1.13952E-01 % Pu238
0.00000E+00 2.26967E-02 7.35444E-01 1.35456E+00 % Pu239
0.00000E+00 2.50774E-04 1.45355E-01 5.29251E-01 % Pu240
0.00000E+00 5.04793E-07 5.96512E-03 4.46039E-02 % Pu241
0.00000E+00 1.40688E-11 3.34346E-06 5.40663E-05 % Pu242
0.00000E+00 2.56776E-09 5.89913E-04 9.14354E-03 % Am241
0.00000E+00 2.98032E-12 3.20342E-05 1.14661E-03 % Am244
0.00000E+00 7.97168E-16 7.79481E-09 2.81650E-07 % Am245
0.00000E+00 0.00000E+00 0.00000E+00 0.00000E+00 % lost data
4.18404E-03 1.19607E+06 1.22389E+06 1.21814E+06 % total
];

MAT_uco_SF = [
0.00000E+00 0.00000E+00 0.00000E+00 0.00000E+00 % H3
0.00000E+00 0.00000E+00 0.00000E+00 0.00000E+00 % Xe135
2.54311E-01 2.53574E-01 2.41429E-01 2.28334E-01 % U235
1.25443E+05 1.25426E+05 1.25130E+05 1.24790E+05 % U238
0.00000E+00 9.68224E-04 2.42057E+01 2.36714E+02 % Pu238
0.00000E+00 8.37871E-02 2.71497E+00 5.00049E+00 % Pu239
0.00000E+00 1.69903E+01 9.84800E+03 3.58575E+04 % Pu240
0.00000E+00 0.00000E+00 0.00000E+00 0.00000E+00 % Pu241
0.00000E+00 9.69399E-05 2.30378E+01 3.72539E+02 % Pu242
0.00000E+00 1.23149E-08 2.82922E-03 4.38523E-02 % Am241
0.00000E+00 0.00000E+00 0.00000E+00 0.00000E+00 % Am244
0.00000E+00 0.00000E+00 0.00000E+00 0.00000E+00 % Am245
0.00000E+00 0.00000E+00 0.00000E+00 0.00000E+00 % lost data
1.25443E+05 1.25443E+05 1.36094E+05 1.95922E+05 % total
];

MAT_uco_ING_TOX = [
0.00000E+00 1.42391E-04 2.23208E-03 3.96415E-03 % H3
0.00000E+00 4.33301E+09 4.32645E+09 4.29345E+09 % Xe135
1.66009E+02 1.65528E+02 1.57600E+02 1.49051E+02 % U235
1.03387E+02 1.03373E+02 1.03129E+02 1.02849E+02 % U238
0.00000E+00 1.19727E-01 2.99317E+03 2.92711E+04 % Pu238
0.00000E+00 6.75703E+03 2.18949E+05 4.03266E+05 % Pu239
0.00000E+00 7.45188E+01 4.31930E+04 1.57270E+05 % Pu240
0.00000E+00 2.82407E+00 3.33720E+04 2.49537E+05 % Pu241
0.00000E+00 4.23011E-06 1.00529E+00 1.62562E+01 % Pu242
0.00000E+00 5.72788E-04 1.31592E+02 2.03964E+03 % Am241
0.00000E+00 7.71766E-09 8.29539E-02 2.96920E+00 % Am244
0.00000E+00 9.79607E-13 9.57872E-06 3.46108E-04 % Am245
0.00000E+00 0.00000E+00 0.00000E+00 0.00000E+00 % lost data
2.69396E+02 4.54423E+10 6.07382E+10 6.06227E+10 % total
];

MAT_uco_INH_TOX = [
0.00000E+00 8.81469E-04 1.38176E-02 2.45399E-02 % H3
0.00000E+00 2.26967E+09 2.26623E+09 2.24895E+09 % Xe135
3.00228E+04 2.99358E+04 2.85021E+04 2.69561E+04 % U235
1.83799E+04 1.83774E+04 1.83341E+04 1.82842E+04 % U238
0.00000E+00 5.72606E+01 1.43152E+06 1.39992E+07 % Pu238
0.00000E+00 3.24337E+06 1.05095E+08 1.93567E+08 % Pu239
0.00000E+00 3.57690E+04 2.07326E+07 7.54895E+07 % Pu240
0.00000E+00 1.35320E+03 1.59907E+07 1.19570E+08 % Pu241
0.00000E+00 1.93880E-03 4.60756E+02 7.45078E+03 % Pu242
0.00000E+00 2.74938E-01 6.31639E+04 9.79029E+05 % Am241
0.00000E+00 6.20769E-08 6.67238E-01 2.38827E+01 % Am244
0.00000E+00 8.84806E-13 8.65175E-06 3.12614E-04 % Am245
0.00000E+00 0.00000E+00 0.00000E+00 0.00000E+00 % lost data
4.84028E+04 4.42023E+10 5.88995E+10 6.06334E+10 % total
];

TOT_VOLUME = [ 2.32244E+04 2.32244E+04 2.32244E+04 2.32244E+04 ];

TOT_BURNUP = [ 0.00000E+00 4.36876E-01 7.77632E+00 1.59894E+01 ];

TOT_ADENS = [
0.00000E+00 8.18800E-14 1.28352E-12 2.27952E-12 % H3
0.00000E+00 4.21743E-08 4.21105E-08 4.17893E-08 % Xe135
4.87458E-03 4.86046E-03 4.62767E-03 4.37666E-03 % U235
2.01233E-02 2.01206E-02 2.00731E-02 2.00185E-02 % U238
0.00000E+00 8.94944E-14 2.23737E-09 2.18799E-08 % Pu238
0.00000E+00 1.27746E-06 4.13936E-05 7.62397E-05 % Pu239
0.00000E+00 3.83379E-09 2.22216E-06 8.09110E-06 % Pu240
0.00000E+00 1.64816E-11 1.94763E-07 1.45633E-06 % Pu241
0.00000E+00 1.29569E-14 3.07921E-09 4.97932E-08 % Pu242
0.00000E+00 2.42875E-15 5.57978E-10 8.64856E-09 % Am241
0.00000E+00 3.78949E-23 4.07317E-16 1.45792E-14 % Am244
0.00000E+00 7.24346E-27 7.08274E-20 2.55921E-18 % Am245
0.00000E+00 9.23108E-08 1.64951E-06 3.40233E-06 % lost data
7.04699E-02 7.04811E-02 7.06697E-02 7.08806E-02 % total
];

