
ZAI = [
10030
541350
922350
922380
942380
942390
942400
942410
942420
952410
952440
952450
666
0
];

NAMES = [
'H3              '
'Xe135           '
'U235            '
'U238            '
'Pu238           '
'Pu239           '
'Pu240           '
'Pu241           '
'Pu242           '
'Am241           '
'Am244           '
'Am245           '
'lost            '
'total           '
];

i10030  = 1; iH3               = 1;
i541350 = 2; iXe135            = 2;
i922350 = 3; iU235             = 3;
i922380 = 4; iU238             = 4;
i942380 = 5; iPu238            = 5;
i942390 = 6; iPu239            = 6;
i942400 = 7; iPu240            = 7;
i942410 = 8; iPu241            = 8;
i942420 = 9; iPu242            = 9;
i952410 = 10; iAm241            = 10;
i952440 = 11; iAm244            = 11;
i952450 = 12; iAm245            = 12;
iLOST    = 13;
iTOT     = 14;

MAT_uco_VOLUME = [ 5.00346E+04 5.00346E+04 5.00346E+04 5.00346E+04 ];

MAT_uco_BURNUP = [ 0.00000E+00 2.02773E-01 3.60942E+00 7.42165E+00 ];

MAT_uco_ADENS = [
0.00000E+00 7.40625E-14 1.22726E-12 2.30164E-12 % H3
0.00000E+00 2.54096E-08 2.56721E-08 2.58031E-08 % Xe135
3.74777E-03 3.74112E-03 3.63125E-03 3.51232E-03 % U235
2.12374E-02 2.12355E-02 2.12028E-02 2.11656E-02 % U238
0.00000E+00 5.33766E-14 7.86733E-10 7.04628E-09 % Pu238
0.00000E+00 8.82942E-07 3.00585E-05 5.84843E-05 % Pu239
0.00000E+00 1.66176E-09 9.46067E-07 3.59399E-06 % Pu240
0.00000E+00 5.73835E-12 6.53385E-08 5.16804E-07 % Pu241
0.00000E+00 2.69660E-15 6.00849E-10 9.99619E-09 % Pu242
0.00000E+00 8.57430E-16 1.87844E-10 3.09967E-09 % Am241
0.00000E+00 5.26948E-24 5.25541E-17 1.93612E-15 % Am244
0.00000E+00 6.21545E-28 5.65655E-21 2.07932E-19 % Am245
0.00000E+00 4.28608E-08 7.65575E-07 1.57890E-06 % lost data
7.04339E-02 7.04392E-02 7.05267E-02 7.06246E-02 % total
];

MAT_uco_MDENS = [
0.00000E+00 3.70864E-13 6.14545E-12 1.15253E-11 % H3
0.00000E+00 5.69231E-06 5.75110E-06 5.78046E-06 % Xe135
1.46278E+00 1.46018E+00 1.41730E+00 1.37088E+00 % U235
8.39511E+00 8.39436E+00 8.38144E+00 8.36673E+00 % U238
0.00000E+00 2.10996E-11 3.10993E-07 2.78537E-06 % Pu238
0.00000E+00 3.50494E-04 1.19321E-02 2.32160E-02 % Pu239
0.00000E+00 6.62420E-07 3.77127E-04 1.43266E-03 % Pu240
0.00000E+00 2.29693E-09 2.61535E-05 2.06865E-04 % Pu241
0.00000E+00 1.08391E-12 2.41514E-07 4.01801E-06 % Pu242
0.00000E+00 3.43221E-13 7.51921E-08 1.24077E-06 % Am241
0.00000E+00 2.13564E-21 2.12994E-14 7.84683E-13 % Am244
0.00000E+00 2.52937E-25 2.30193E-18 8.46177E-17 % Am245
0.00000E+00 0.00000E+00 0.00000E+00 0.00000E+00 % lost data
1.10000E+01 1.10000E+01 1.09995E+01 1.09989E+01 % total
];

MAT_uco_A = [
0.00000E+00 6.60662E+06 1.09476E+08 2.05314E+08 % H3
0.00000E+00 2.67821E+16 2.70587E+16 2.71968E+16 % Xe135
5.85049E+09 5.84011E+09 5.66860E+09 5.48294E+09 % U235
5.22372E+09 5.22325E+09 5.21522E+09 5.20606E+09 % U238
0.00000E+00 6.68871E+05 9.85870E+09 8.82982E+10 % Pu238
0.00000E+00 4.02464E+10 1.37013E+12 2.66584E+12 % Pu239
0.00000E+00 2.78350E+08 1.58469E+11 6.02003E+11 % Pu240
0.00000E+00 4.41312E+08 5.02491E+12 3.97453E+13 % Pu241
0.00000E+00 7.90278E+00 1.76088E+06 2.92953E+07 % Pu242
0.00000E+00 2.17823E+03 4.77202E+08 7.87445E+09 % Am241
0.00000E+00 5.02620E+00 5.01278E+07 1.84674E+09 % Am244
0.00000E+00 2.92087E-03 2.65822E+04 9.77147E+05 % Am245
0.00000E+00 0.00000E+00 0.00000E+00 0.00000E+00 % lost data
1.10742E+10 3.42420E+18 3.81352E+18 3.87284E+18 % total
];

MAT_uco_H = [
0.00000E+00 6.02285E-09 9.98025E-08 1.87172E-07 % H3
0.00000E+00 2.41445E+03 2.43939E+03 2.45184E+03 % Xe135
4.32367E-03 4.31600E-03 4.18924E-03 4.05204E-03 % U235
3.57812E-03 3.57780E-03 3.57229E-03 3.56602E-03 % U238
0.00000E+00 5.98898E-07 8.82735E-03 7.90610E-02 % Pu238
0.00000E+00 3.37967E-02 1.15056E+00 2.23862E+00 % Pu239
0.00000E+00 2.34178E-04 1.33322E-01 5.06472E-01 % Pu240
0.00000E+00 3.78639E-07 4.31129E-03 3.41008E-02 % Pu241
0.00000E+00 6.30808E-12 1.40555E-06 2.33838E-05 % Pu242
0.00000E+00 1.95296E-09 4.27851E-04 7.06009E-03 % Am241
0.00000E+00 8.92840E-13 8.90457E-06 3.28049E-04 % Am244
0.00000E+00 1.47367E-16 1.34116E-09 4.93003E-08 % Am245
0.00000E+00 0.00000E+00 0.00000E+00 0.00000E+00 % lost data
7.90178E-03 1.20701E+06 1.24614E+06 1.24378E+06 % total
];

MAT_uco_SF = [
0.00000E+00 0.00000E+00 0.00000E+00 0.00000E+00 % H3
0.00000E+00 0.00000E+00 0.00000E+00 0.00000E+00 % Xe135
4.21235E-01 4.20488E-01 4.08139E-01 3.94772E-01 % U235
2.85215E+05 2.85190E+05 2.84751E+05 2.84251E+05 % U238
0.00000E+00 1.24410E-03 1.83372E+01 1.64235E+02 % Pu238
0.00000E+00 1.24764E-01 4.24741E+00 8.26410E+00 % Pu239
0.00000E+00 1.58659E+01 9.03273E+03 3.43142E+04 % Pu240
0.00000E+00 0.00000E+00 0.00000E+00 0.00000E+00 % Pu241
0.00000E+00 4.34653E-05 9.68482E+00 1.61124E+02 % Pu242
0.00000E+00 9.36640E-09 2.05197E-03 3.38601E-02 % Am241
0.00000E+00 0.00000E+00 0.00000E+00 0.00000E+00 % Am244
0.00000E+00 0.00000E+00 0.00000E+00 0.00000E+00 % Am245
0.00000E+00 0.00000E+00 0.00000E+00 0.00000E+00 % lost data
2.85216E+05 2.85206E+05 2.94299E+05 3.35114E+05 % total
];

MAT_uco_ING_TOX = [
0.00000E+00 2.77478E-04 4.59799E-03 8.62319E-03 % H3
0.00000E+00 5.62424E+09 5.68233E+09 5.71134E+09 % Xe135
2.74973E+02 2.74485E+02 2.66424E+02 2.57698E+02 % U235
2.35068E+02 2.35046E+02 2.34685E+02 2.34273E+02 % U238
0.00000E+00 1.53840E-01 2.26750E+03 2.03086E+04 % Pu238
0.00000E+00 1.00616E+04 3.42533E+05 6.66460E+05 % Pu239
0.00000E+00 6.95874E+01 3.96172E+04 1.50501E+05 % Pu240
0.00000E+00 2.11830E+00 2.41196E+04 1.90777E+05 % Pu241
0.00000E+00 1.89667E-06 4.22610E-01 7.03088E+00 % Pu242
0.00000E+00 4.35647E-04 9.54404E+01 1.57489E+03 % Am241
0.00000E+00 2.31205E-09 2.30588E-02 8.49498E-01 % Am244
0.00000E+00 1.81094E-13 1.64810E-06 6.05831E-05 % Am245
0.00000E+00 0.00000E+00 0.00000E+00 0.00000E+00 % lost data
5.10041E+02 4.68331E+10 6.26258E+10 6.27215E+10 % total
];

MAT_uco_INH_TOX = [
0.00000E+00 1.71772E-03 2.84638E-02 5.33817E-02 % H3
0.00000E+00 2.94603E+09 2.97646E+09 2.99165E+09 % Xe135
4.97292E+04 4.96409E+04 4.81831E+04 4.66050E+04 % U235
4.17898E+04 4.17860E+04 4.17218E+04 4.16485E+04 % U238
0.00000E+00 7.35758E+01 1.08446E+06 9.71280E+06 % Pu238
0.00000E+00 4.82957E+06 1.64416E+08 3.19901E+08 % Pu239
0.00000E+00 3.34019E+04 1.90163E+07 7.22404E+07 % Pu240
0.00000E+00 1.01502E+03 1.15573E+07 9.14141E+07 % Pu241
0.00000E+00 8.69305E-04 1.93696E+02 3.22248E+03 % Pu242
0.00000E+00 2.09110E-01 4.58114E+04 7.55947E+05 % Am241
0.00000E+00 1.85969E-08 1.85473E-01 6.83292E+00 % Am244
0.00000E+00 1.63569E-13 1.48860E-06 5.47203E-05 % Am245
0.00000E+00 0.00000E+00 0.00000E+00 0.00000E+00 % lost data
9.15190E+04 4.50255E+10 6.02175E+10 6.21620E+10 % total
];

TOT_VOLUME = [ 5.00346E+04 5.00346E+04 5.00346E+04 5.00346E+04 ];

TOT_BURNUP = [ 0.00000E+00 2.02773E-01 3.60942E+00 7.42165E+00 ];

TOT_ADENS = [
0.00000E+00 7.40625E-14 1.22726E-12 2.30164E-12 % H3
0.00000E+00 2.54096E-08 2.56721E-08 2.58031E-08 % Xe135
3.74777E-03 3.74112E-03 3.63125E-03 3.51232E-03 % U235
2.12374E-02 2.12355E-02 2.12028E-02 2.11656E-02 % U238
0.00000E+00 5.33766E-14 7.86733E-10 7.04628E-09 % Pu238
0.00000E+00 8.82942E-07 3.00585E-05 5.84843E-05 % Pu239
0.00000E+00 1.66176E-09 9.46067E-07 3.59399E-06 % Pu240
0.00000E+00 5.73835E-12 6.53385E-08 5.16804E-07 % Pu241
0.00000E+00 2.69660E-15 6.00849E-10 9.99619E-09 % Pu242
0.00000E+00 8.57430E-16 1.87844E-10 3.09967E-09 % Am241
0.00000E+00 5.26948E-24 5.25541E-17 1.93612E-15 % Am244
0.00000E+00 6.21545E-28 5.65655E-21 2.07932E-19 % Am245
0.00000E+00 4.28608E-08 7.65575E-07 1.57890E-06 % lost data
7.04339E-02 7.04392E-02 7.05267E-02 7.06246E-02 % total
];

