
DET1001 = [
    1    1    1    1    1    1    1    1    1    1  4.37853E+18 0.00473 
    2    2    1    1    1    1    1    1    1    1  1.94920E+18 0.00535 
    3    3    1    1    1    1    1    1    1    1  2.04843E+17 0.01109 
];


DET1001E = [
 1.00000E-09  6.25000E-07  3.13000E-07
 6.25000E-07  1.00000E-01  5.00003E-02
 1.00000E-01  2.00000E+01  1.00500E+01
];

DET1002 = [
    1    1    1    1    1    1    1    1    1    1  8.88152E+16 0.00946 
    2    2    1    1    1    1    1    1    1    1  3.50405E+17 0.00498 
    3    3    1    1    1    1    1    1    1    1  1.72202E+17 0.00599 
];


DET1002E = [
 1.00000E-09  6.25000E-07  3.13000E-07
 6.25000E-07  1.00000E-01  5.00003E-02
 1.00000E-01  2.00000E+01  1.00500E+01
];
