
DET1001 = [
    1    1    1    1    1    1    1    1    1    1  4.45581E+18 0.00475 
    2    2    1    1    1    1    1    1    1    1  2.01244E+18 0.00573 
    3    3    1    1    1    1    1    1    1    1  2.07259E+17 0.01110 
];


DET1001E = [
 1.00000E-09  6.25000E-07  3.13000E-07
 6.25000E-07  1.00000E-01  5.00003E-02
 1.00000E-01  2.00000E+01  1.00500E+01
];

DET1002 = [
    1    1    1    1    1    1    1    1    1    1  8.80683E+16 0.00997 
    2    2    1    1    1    1    1    1    1    1  3.59419E+17 0.00508 
    3    3    1    1    1    1    1    1    1    1  1.75837E+17 0.00655 
];


DET1002E = [
 1.00000E-09  6.25000E-07  3.13000E-07
 6.25000E-07  1.00000E-01  5.00003E-02
 1.00000E-01  2.00000E+01  1.00500E+01
];
