
DET1001 = [
    1    1    1    1    1    1    1    1    1    1  4.47815E+18 0.00458 
    2    2    1    1    1    1    1    1    1    1  2.03621E+18 0.00558 
    3    3    1    1    1    1    1    1    1    1  2.13881E+17 0.01091 
];


DET1001E = [
 1.00000E-09  6.25000E-07  3.13000E-07
 6.25000E-07  1.00000E-01  5.00003E-02
 1.00000E-01  2.00000E+01  1.00500E+01
];

DET1002 = [
    1    1    1    1    1    1    1    1    1    1  8.81360E+16 0.01037 
    2    2    1    1    1    1    1    1    1    1  3.65162E+17 0.00527 
    3    3    1    1    1    1    1    1    1    1  1.79399E+17 0.00628 
];


DET1002E = [
 1.00000E-09  6.25000E-07  3.13000E-07
 6.25000E-07  1.00000E-01  5.00003E-02
 1.00000E-01  2.00000E+01  1.00500E+01
];
