
DET1001 = [
    1    1    1    1    1    1    1    1    1    1  4.97715E+18 0.00454 
    2    2    1    1    1    1    1    1    1    1  1.84449E+18 0.00563 
    3    3    1    1    1    1    1    1    1    1  1.88951E+17 0.01163 
];


DET1001E = [
 1.00000E-09  6.25000E-07  3.13000E-07
 6.25000E-07  1.00000E-01  5.00003E-02
 1.00000E-01  2.00000E+01  1.00500E+01
];

DET1002 = [
    1    1    1    1    1    1    1    1    1    1  1.61535E+17 0.00741 
    2    2    1    1    1    1    1    1    1    1  3.86788E+17 0.00499 
    3    3    1    1    1    1    1    1    1    1  1.84643E+17 0.00612 
];


DET1002E = [
 1.00000E-09  6.25000E-07  3.13000E-07
 6.25000E-07  1.00000E-01  5.00003E-02
 1.00000E-01  2.00000E+01  1.00500E+01
];
