
DET1001 = [
    1    1    1    1    1    1    1    1    1    1  5.07048E+18 0.00462 
    2    2    1    1    1    1    1    1    1    1  1.88556E+18 0.00631 
    3    3    1    1    1    1    1    1    1    1  1.93245E+17 0.01190 
];


DET1001E = [
 1.00000E-09  6.25000E-07  3.13000E-07
 6.25000E-07  1.00000E-01  5.00003E-02
 1.00000E-01  2.00000E+01  1.00500E+01
];

DET1002 = [
    1    1    1    1    1    1    1    1    1    1  1.64596E+17 0.00776 
    2    2    1    1    1    1    1    1    1    1  4.03463E+17 0.00513 
    3    3    1    1    1    1    1    1    1    1  1.95374E+17 0.00652 
];


DET1002E = [
 1.00000E-09  6.25000E-07  3.13000E-07
 6.25000E-07  1.00000E-01  5.00003E-02
 1.00000E-01  2.00000E+01  1.00500E+01
];
