
ZAI = [
10030
541350
922350
922380
942380
942390
942400
942410
942420
952410
952440
952450
666
0
];

NAMES = [
'H3              '
'Xe135           '
'U235            '
'U238            '
'Pu238           '
'Pu239           '
'Pu240           '
'Pu241           '
'Pu242           '
'Am241           '
'Am244           '
'Am245           '
'lost            '
'total           '
];

i10030  = 1; iH3               = 1;
i541350 = 2; iXe135            = 2;
i922350 = 3; iU235             = 3;
i922380 = 4; iU238             = 4;
i942380 = 5; iPu238            = 5;
i942390 = 6; iPu239            = 6;
i942400 = 7; iPu240            = 7;
i942410 = 8; iPu241            = 8;
i942420 = 9; iPu242            = 9;
i952410 = 10; iAm241            = 10;
i952440 = 11; iAm244            = 11;
i952450 = 12; iAm245            = 12;
iLOST    = 13;
iTOT     = 14;

MAT_uco_VOLUME = [ 1.67860E+04 1.67860E+04 1.67860E+04 1.67860E+04 ];

MAT_uco_BURNUP = [ 0.00000E+00 6.04449E-01 1.07590E+01 2.21224E+01 ];

MAT_uco_ADENS = [
0.00000E+00 1.15873E-13 1.72220E-12 2.92073E-12 % H3
0.00000E+00 4.91120E-08 4.88992E-08 4.81016E-08 % Xe135
4.87458E-03 4.85506E-03 4.53540E-03 4.19480E-03 % U235
2.01233E-02 2.01195E-02 2.00531E-02 1.99758E-02 % U238
0.00000E+00 1.78757E-13 5.52259E-09 5.48125E-08 % Pu238
0.00000E+00 1.78469E-06 5.49543E-05 9.67623E-05 % Pu239
0.00000E+00 7.37307E-09 4.02997E-06 1.38370E-05 % Pu240
0.00000E+00 4.28026E-11 4.75022E-07 3.30124E-06 % Pu241
0.00000E+00 4.64061E-14 1.05090E-08 1.60723E-07 % Pu242
0.00000E+00 6.30576E-15 1.35978E-09 1.94998E-08 % Am241
0.00000E+00 2.52775E-22 2.57395E-15 9.23511E-14 % Am244
0.00000E+00 6.66291E-26 6.17616E-19 2.26720E-17 % Am245
0.00000E+00 1.27721E-07 2.28611E-06 4.71903E-06 % lost data
7.04699E-02 7.04854E-02 7.07465E-02 7.10381E-02 % total
];

MAT_uco_MDENS = [
0.00000E+00 5.80225E-13 8.62379E-12 1.46254E-11 % H3
0.00000E+00 1.10022E-05 1.09545E-05 1.07758E-05 % Xe135
1.90258E+00 1.89496E+00 1.77019E+00 1.63726E+00 % U235
7.95473E+00 7.95320E+00 7.92696E+00 7.89643E+00 % U238
0.00000E+00 7.06621E-11 2.18306E-06 2.16672E-05 % Pu238
0.00000E+00 7.08456E-04 2.18148E-02 3.84110E-02 % Pu239
0.00000E+00 2.93910E-06 1.60645E-03 5.51580E-03 % Pu240
0.00000E+00 1.71329E-08 1.90141E-04 1.32141E-03 % Pu241
0.00000E+00 1.86531E-11 4.22414E-06 6.46034E-05 % Pu242
0.00000E+00 2.52414E-12 5.44306E-07 7.80558E-06 % Am241
0.00000E+00 1.02446E-19 1.04318E-12 3.74286E-11 % Am244
0.00000E+00 2.71147E-23 2.51338E-16 9.22636E-15 % Am245
0.00000E+00 0.00000E+00 0.00000E+00 0.00000E+00 % lost data
1.10000E+01 1.09999E+01 1.09984E+01 1.09968E+01 % total
];

MAT_uco_A = [
0.00000E+00 3.46767E+06 5.15394E+07 8.74075E+07 % H3
0.00000E+00 1.73664E+16 1.72912E+16 1.70091E+16 % Xe135
2.55290E+09 2.54267E+09 2.37526E+09 2.19689E+09 % U235
1.66056E+09 1.66024E+09 1.65476E+09 1.64839E+09 % U238
0.00000E+00 7.51504E+05 2.32172E+10 2.30434E+11 % Pu238
0.00000E+00 2.72920E+10 8.40373E+11 1.47971E+12 % Pu239
0.00000E+00 4.14330E+08 2.26464E+11 7.77573E+11 % Pu240
0.00000E+00 1.10435E+09 1.22560E+13 8.51751E+13 % Pu241
0.00000E+00 4.56262E+01 1.03324E+07 1.58022E+08 % Pu242
0.00000E+00 5.37426E+03 1.15891E+09 1.66192E+10 % Am241
0.00000E+00 8.08875E+01 8.23660E+08 2.95522E+10 % Am244
0.00000E+00 1.05046E-01 9.73719E+05 3.57442E+07 % Am245
0.00000E+00 0.00000E+00 0.00000E+00 0.00000E+00 % lost data
4.21346E+09 3.28838E+18 3.62245E+18 3.66552E+18 % total
];

MAT_uco_H = [
0.00000E+00 3.16126E-09 4.69853E-08 7.96840E-08 % H3
0.00000E+00 1.56561E+03 1.55883E+03 1.53340E+03 % Xe135
1.88666E-03 1.87910E-03 1.75538E-03 1.62356E-03 % U235
1.13744E-03 1.13722E-03 1.13347E-03 1.12911E-03 % U238
0.00000E+00 6.72886E-07 2.07884E-02 2.06328E-01 % Pu238
0.00000E+00 2.29183E-02 7.05699E-01 1.24258E+00 % Pu239
0.00000E+00 3.48581E-04 1.90527E-01 6.54181E-01 % Pu240
0.00000E+00 9.47512E-07 1.05155E-02 7.30788E-02 % Pu241
0.00000E+00 3.64193E-11 8.24745E-06 1.26135E-04 % Pu242
0.00000E+00 4.81846E-09 1.03906E-03 1.49005E-02 % Am241
0.00000E+00 1.43686E-11 1.46313E-04 5.24958E-03 % Am244
0.00000E+00 5.29992E-15 4.91273E-08 1.80341E-06 % Am245
0.00000E+00 0.00000E+00 0.00000E+00 0.00000E+00 % lost data
3.02410E-03 1.19558E+06 1.21709E+06 1.20616E+06 % total
];

MAT_uco_SF = [
0.00000E+00 0.00000E+00 0.00000E+00 0.00000E+00 % H3
0.00000E+00 0.00000E+00 0.00000E+00 0.00000E+00 % Xe135
1.83809E-01 1.83072E-01 1.71019E-01 1.58176E-01 % U235
9.06667E+04 9.06493E+04 9.03502E+04 9.00022E+04 % U238
0.00000E+00 1.39780E-03 4.31841E+01 4.28608E+02 % Pu238
0.00000E+00 8.46051E-02 2.60516E+00 4.58711E+00 % Pu239
0.00000E+00 2.36168E+01 1.29085E+04 4.43217E+04 % Pu240
0.00000E+00 0.00000E+00 0.00000E+00 0.00000E+00 % Pu241
0.00000E+00 2.50944E-04 5.68283E+01 8.69124E+02 % Pu242
0.00000E+00 2.31093E-08 4.98331E-03 7.14628E-02 % Am241
0.00000E+00 0.00000E+00 0.00000E+00 0.00000E+00 % Am244
0.00000E+00 0.00000E+00 0.00000E+00 0.00000E+00 % Am245
0.00000E+00 0.00000E+00 0.00000E+00 0.00000E+00 % lost data
9.06668E+04 9.06732E+04 1.05988E+05 2.16864E+05 % total
];

MAT_uco_ING_TOX = [
0.00000E+00 1.45642E-04 2.16466E-03 3.67112E-03 % H3
0.00000E+00 3.64695E+09 3.63115E+09 3.57192E+09 % Xe135
1.19986E+02 1.19506E+02 1.11637E+02 1.03254E+02 % U235
7.47253E+01 7.47109E+01 7.44644E+01 7.41776E+01 % U238
0.00000E+00 1.72846E-01 5.33996E+03 5.29999E+04 % Pu238
0.00000E+00 6.82299E+03 2.10093E+05 3.69928E+05 % Pu239
0.00000E+00 1.03583E+02 5.66161E+04 1.94393E+05 % Pu240
0.00000E+00 5.30087E+00 5.88289E+04 4.08841E+05 % Pu241
0.00000E+00 1.09503E-05 2.47978E+00 3.79254E+01 % Pu242
0.00000E+00 1.07485E-03 2.31782E+02 3.32385E+03 % Am241
0.00000E+00 3.72083E-08 3.78884E-01 1.35940E+01 % Am244
0.00000E+00 6.51285E-12 6.03706E-05 2.21614E-03 % Am245
0.00000E+00 0.00000E+00 0.00000E+00 0.00000E+00 % lost data
1.94711E+02 4.47478E+10 5.98802E+10 5.95744E+10 % total
];

MAT_uco_INH_TOX = [
0.00000E+00 9.01595E-04 1.34002E-02 2.27260E-02 % H3
0.00000E+00 1.91031E+09 1.90203E+09 1.87101E+09 % Xe135
2.16996E+04 2.16127E+04 2.01897E+04 1.86735E+04 % U235
1.32845E+04 1.32819E+04 1.32381E+04 1.31871E+04 % U238
0.00000E+00 8.26654E+01 2.55390E+06 2.53478E+07 % Pu238
0.00000E+00 3.27503E+06 1.00845E+08 1.77565E+08 % Pu239
0.00000E+00 4.97196E+04 2.71757E+07 9.33088E+07 % Pu240
0.00000E+00 2.54000E+03 2.81888E+07 1.95903E+08 % Pu241
0.00000E+00 5.01888E-03 1.13657E+03 1.73825E+04 % Pu242
0.00000E+00 5.15929E-01 1.11255E+05 1.59545E+06 % Am241
0.00000E+00 2.99284E-07 3.04754E+00 1.09343E+02 % Am244
0.00000E+00 5.88257E-12 5.45283E-05 2.00168E-03 % Am245
0.00000E+00 0.00000E+00 0.00000E+00 0.00000E+00 % lost data
3.49841E+04 4.38372E+10 5.84436E+10 6.01075E+10 % total
];

TOT_VOLUME = [ 1.67860E+04 1.67860E+04 1.67860E+04 1.67860E+04 ];

TOT_BURNUP = [ 0.00000E+00 6.04449E-01 1.07590E+01 2.21224E+01 ];

TOT_ADENS = [
0.00000E+00 1.15873E-13 1.72220E-12 2.92073E-12 % H3
0.00000E+00 4.91120E-08 4.88992E-08 4.81016E-08 % Xe135
4.87458E-03 4.85506E-03 4.53540E-03 4.19480E-03 % U235
2.01233E-02 2.01195E-02 2.00531E-02 1.99758E-02 % U238
0.00000E+00 1.78757E-13 5.52259E-09 5.48125E-08 % Pu238
0.00000E+00 1.78469E-06 5.49543E-05 9.67623E-05 % Pu239
0.00000E+00 7.37307E-09 4.02997E-06 1.38370E-05 % Pu240
0.00000E+00 4.28026E-11 4.75022E-07 3.30124E-06 % Pu241
0.00000E+00 4.64061E-14 1.05090E-08 1.60723E-07 % Pu242
0.00000E+00 6.30576E-15 1.35978E-09 1.94998E-08 % Am241
0.00000E+00 2.52775E-22 2.57395E-15 9.23511E-14 % Am244
0.00000E+00 6.66291E-26 6.17616E-19 2.26720E-17 % Am245
0.00000E+00 1.27721E-07 2.28611E-06 4.71903E-06 % lost data
7.04699E-02 7.04854E-02 7.07465E-02 7.10381E-02 % total
];

