
DET1001 = [
    1    1    1    1    1    1    1    1    1    1  4.75130E+18 0.00447 
    2    2    1    1    1    1    1    1    1    1  1.74389E+18 0.00574 
    3    3    1    1    1    1    1    1    1    1  1.79537E+17 0.01117 
];


DET1001E = [
 1.00000E-09  6.25000E-07  3.13000E-07
 6.25000E-07  1.00000E-01  5.00003E-02
 1.00000E-01  2.00000E+01  1.00500E+01
];

DET1002 = [
    1    1    1    1    1    1    1    1    1    1  1.58935E+17 0.00751 
    2    2    1    1    1    1    1    1    1    1  3.58759E+17 0.00482 
    3    3    1    1    1    1    1    1    1    1  1.71405E+17 0.00676 
];


DET1002E = [
 1.00000E-09  6.25000E-07  3.13000E-07
 6.25000E-07  1.00000E-01  5.00003E-02
 1.00000E-01  2.00000E+01  1.00500E+01
];
