
DET1001 = [
    1    1    1    1    1    1    1    1    1    1  4.48916E+18 0.00456 
    2    2    1    1    1    1    1    1    1    1  1.82540E+18 0.00552 
    3    3    1    1    1    1    1    1    1    1  1.85789E+17 0.01117 
];


DET1001E = [
 1.00000E-09  6.25000E-07  3.13000E-07
 6.25000E-07  1.00000E-01  5.00003E-02
 1.00000E-01  2.00000E+01  1.00500E+01
];

DET1002 = [
    1    1    1    1    1    1    1    1    1    1  1.19992E+17 0.00840 
    2    2    1    1    1    1    1    1    1    1  3.51549E+17 0.00487 
    3    3    1    1    1    1    1    1    1    1  1.69538E+17 0.00636 
];


DET1002E = [
 1.00000E-09  6.25000E-07  3.13000E-07
 6.25000E-07  1.00000E-01  5.00003E-02
 1.00000E-01  2.00000E+01  1.00500E+01
];
