
DET1001 = [
    1    1    1    1    1    1    1    1    1    1  4.63778E+18 0.00469 
    2    2    1    1    1    1    1    1    1    1  1.90311E+18 0.00561 
    3    3    1    1    1    1    1    1    1    1  1.96247E+17 0.01088 
];


DET1001E = [
 1.00000E-09  6.25000E-07  3.13000E-07
 6.25000E-07  1.00000E-01  5.00003E-02
 1.00000E-01  2.00000E+01  1.00500E+01
];

DET1002 = [
    1    1    1    1    1    1    1    1    1    1  1.17597E+17 0.00840 
    2    2    1    1    1    1    1    1    1    1  3.68461E+17 0.00523 
    3    3    1    1    1    1    1    1    1    1  1.77996E+17 0.00660 
];


DET1002E = [
 1.00000E-09  6.25000E-07  3.13000E-07
 6.25000E-07  1.00000E-01  5.00003E-02
 1.00000E-01  2.00000E+01  1.00500E+01
];
