
DET1001 = [
    1    1    1    1    1    1    1    1    1    1  4.69018E+18 0.00494 
    2    2    1    1    1    1    1    1    1    1  1.91773E+18 0.00596 
    3    3    1    1    1    1    1    1    1    1  1.98388E+17 0.01185 
];


DET1001E = [
 1.00000E-09  6.25000E-07  3.13000E-07
 6.25000E-07  1.00000E-01  5.00003E-02
 1.00000E-01  2.00000E+01  1.00500E+01
];

DET1002 = [
    1    1    1    1    1    1    1    1    1    1  1.20018E+17 0.00875 
    2    2    1    1    1    1    1    1    1    1  3.78534E+17 0.00511 
    3    3    1    1    1    1    1    1    1    1  1.81769E+17 0.00612 
];


DET1002E = [
 1.00000E-09  6.25000E-07  3.13000E-07
 6.25000E-07  1.00000E-01  5.00003E-02
 1.00000E-01  2.00000E+01  1.00500E+01
];
