
ZAI = [
10030
541350
922350
922380
942380
942390
942400
942410
942420
952410
952440
952450
666
0
];

NAMES = [
'H3              '
'Xe135           '
'U235            '
'U238            '
'Pu238           '
'Pu239           '
'Pu240           '
'Pu241           '
'Pu242           '
'Am241           '
'Am244           '
'Am245           '
'lost            '
'total           '
];

i10030  = 1; iH3               = 1;
i541350 = 2; iXe135            = 2;
i922350 = 3; iU235             = 3;
i922380 = 4; iU238             = 4;
i942380 = 5; iPu238            = 5;
i942390 = 6; iPu239            = 6;
i942400 = 7; iPu240            = 7;
i942410 = 8; iPu241            = 8;
i942420 = 9; iPu242            = 9;
i952410 = 10; iAm241            = 10;
i952440 = 11; iAm244            = 11;
i952450 = 12; iAm245            = 12;
iLOST    = 13;
iTOT     = 14;

MAT_uco_VOLUME = [ 2.61710E+04 2.61710E+04 2.61710E+04 2.61710E+04 ];

MAT_uco_BURNUP = [ 0.00000E+00 3.87690E-01 6.90079E+00 1.41893E+01 ];

MAT_uco_ADENS = [
0.00000E+00 8.85200E-14 1.40566E-12 2.54090E-12 % H3
0.00000E+00 4.06517E-08 4.08262E-08 4.07136E-08 % Xe135
4.87458E-03 4.86196E-03 4.65379E-03 4.42934E-03 % U235
2.01233E-02 2.01205E-02 2.00729E-02 2.00182E-02 % U238
0.00000E+00 9.22447E-14 2.12346E-09 2.05095E-08 % Pu238
0.00000E+00 1.28921E-06 4.22417E-05 7.90889E-05 % Pu239
0.00000E+00 3.49552E-09 1.98169E-06 7.24345E-06 % Pu240
0.00000E+00 1.53658E-11 1.74569E-07 1.32513E-06 % Pu241
0.00000E+00 1.06871E-14 2.41634E-09 3.92054E-08 % Pu242
0.00000E+00 2.27900E-15 5.00986E-10 7.89471E-09 % Am241
0.00000E+00 3.36719E-23 3.38913E-16 1.25594E-14 % Am244
0.00000E+00 5.77455E-27 5.28660E-20 1.97641E-18 % Am245
0.00000E+00 8.19322E-08 1.46419E-06 3.02021E-06 % lost data
7.04699E-02 7.04798E-02 7.06472E-02 7.08343E-02 % total
];

MAT_uco_MDENS = [
0.00000E+00 4.43258E-13 7.03878E-12 1.27234E-11 % H3
0.00000E+00 9.10687E-06 9.14596E-06 9.12074E-06 % Xe135
1.90258E+00 1.89765E+00 1.81640E+00 1.72880E+00 % U235
7.95473E+00 7.95363E+00 7.93480E+00 7.91319E+00 % U238
0.00000E+00 3.64641E-11 8.39398E-07 8.10733E-06 % Pu238
0.00000E+00 5.11767E-04 1.67683E-02 3.13953E-02 % Pu239
0.00000E+00 1.39340E-06 7.89951E-04 2.88743E-03 % Pu240
0.00000E+00 6.15059E-09 6.98760E-05 5.30420E-04 % Pu241
0.00000E+00 4.29573E-12 9.71257E-07 1.57588E-05 % Pu242
0.00000E+00 9.12263E-13 2.00540E-07 3.16018E-06 % Am241
0.00000E+00 1.36467E-20 1.37356E-13 5.09016E-12 % Am244
0.00000E+00 2.34995E-24 2.15138E-17 8.04297E-16 % Am245
0.00000E+00 0.00000E+00 0.00000E+00 0.00000E+00 % lost data
1.10000E+01 1.09999E+01 1.09990E+01 1.09979E+01 % total
];

MAT_uco_A = [
0.00000E+00 4.13021E+06 6.55861E+07 1.18554E+08 % H3
0.00000E+00 2.24117E+16 2.25079E+16 2.24459E+16 % Xe135
3.98022E+09 3.96991E+09 3.79993E+09 3.61666E+09 % U235
2.58898E+09 2.58862E+09 2.58249E+09 2.57546E+09 % U238
0.00000E+00 6.04621E+05 1.39183E+10 1.34430E+11 % Pu238
0.00000E+00 3.07374E+10 1.00713E+12 1.88564E+12 % Pu239
0.00000E+00 3.06255E+08 1.73623E+11 6.34626E+11 % Pu240
0.00000E+00 6.18109E+08 7.02225E+12 5.33050E+13 % Pu241
0.00000E+00 1.63823E+01 3.70400E+06 6.00980E+07 % Pu242
0.00000E+00 3.02831E+03 6.65703E+08 1.04904E+10 % Am241
0.00000E+00 1.67992E+01 1.69086E+08 6.26602E+09 % Am244
0.00000E+00 1.41941E-02 1.29947E+05 4.85808E+06 % Am245
0.00000E+00 0.00000E+00 0.00000E+00 0.00000E+00 % lost data
6.56920E+09 3.32727E+18 3.68640E+18 3.73992E+18 % total
];

MAT_uco_H = [
0.00000E+00 3.76525E-09 5.97908E-08 1.08079E-07 % H3
0.00000E+00 2.02045E+03 2.02912E+03 2.02353E+03 % Xe135
2.94149E-03 2.93387E-03 2.80825E-03 2.67281E-03 % U235
1.77338E-03 1.77314E-03 1.76894E-03 1.76412E-03 % U238
0.00000E+00 5.41369E-07 1.24623E-02 1.20367E-01 % Pu238
0.00000E+00 2.58116E-02 8.45732E-01 1.58346E+00 % Pu239
0.00000E+00 2.57656E-04 1.46071E-01 5.33917E-01 % Pu240
0.00000E+00 5.30327E-07 6.02497E-03 4.57348E-02 % Pu241
0.00000E+00 1.30765E-11 2.95657E-06 4.79708E-05 % Pu242
0.00000E+00 2.71512E-09 5.96857E-04 9.40548E-03 % Am241
0.00000E+00 2.98417E-12 3.00361E-05 1.11308E-03 % Am244
0.00000E+00 7.16138E-16 6.55624E-09 2.45106E-07 % Am245
0.00000E+00 0.00000E+00 0.00000E+00 0.00000E+00 % lost data
4.71487E-03 1.19909E+06 1.23049E+06 1.22553E+06 % total
];

MAT_uco_SF = [
0.00000E+00 0.00000E+00 0.00000E+00 0.00000E+00 % H3
0.00000E+00 0.00000E+00 0.00000E+00 0.00000E+00 % Xe135
2.86576E-01 2.85833E-01 2.73595E-01 2.60400E-01 % U235
1.41358E+05 1.41339E+05 1.41004E+05 1.40620E+05 % U238
0.00000E+00 1.12459E-03 2.58880E+01 2.50040E+02 % Pu238
0.00000E+00 9.52860E-02 3.12210E+00 5.84549E+00 % Pu239
0.00000E+00 1.74565E+01 9.89649E+03 3.61737E+04 % Pu240
0.00000E+00 0.00000E+00 0.00000E+00 0.00000E+00 % Pu241
0.00000E+00 9.01025E-05 2.03720E+01 3.30539E+02 % Pu242
0.00000E+00 1.30217E-08 2.86252E-03 4.51086E-02 % Am241
0.00000E+00 0.00000E+00 0.00000E+00 0.00000E+00 % Am244
0.00000E+00 0.00000E+00 0.00000E+00 0.00000E+00 % Am245
0.00000E+00 0.00000E+00 0.00000E+00 0.00000E+00 % lost data
1.41359E+05 1.41357E+05 1.51928E+05 2.09381E+05 % total
];

MAT_uco_ING_TOX = [
0.00000E+00 1.73469E-04 2.75462E-03 4.97928E-03 % H3
0.00000E+00 4.70646E+09 4.72666E+09 4.71363E+09 % Xe135
1.87070E+02 1.86586E+02 1.78597E+02 1.69983E+02 % U235
1.16504E+02 1.16488E+02 1.16212E+02 1.15896E+02 % U238
0.00000E+00 1.39063E-01 3.20121E+03 3.09189E+04 % Pu238
0.00000E+00 7.68435E+03 2.51783E+05 4.71411E+05 % Pu239
0.00000E+00 7.65638E+01 4.34057E+04 1.58656E+05 % Pu240
0.00000E+00 2.96692E+00 3.37068E+04 2.55864E+05 % Pu241
0.00000E+00 3.93175E-06 8.88960E-01 1.44235E+01 % Pu242
0.00000E+00 6.05661E-04 1.33141E+02 2.09808E+03 % Am241
0.00000E+00 7.72764E-09 7.77798E-02 2.88237E+00 % Am244
0.00000E+00 8.80032E-13 8.05669E-06 3.01201E-04 % Am245
0.00000E+00 0.00000E+00 0.00000E+00 0.00000E+00 % lost data
3.03574E+02 4.58439E+10 6.13212E+10 6.12703E+10 % total
];

MAT_uco_INH_TOX = [
0.00000E+00 1.07385E-03 1.70524E-02 3.08241E-02 % H3
0.00000E+00 2.46529E+09 2.47587E+09 2.46904E+09 % Xe135
3.38319E+04 3.37442E+04 3.22994E+04 3.07416E+04 % U235
2.07118E+04 2.07090E+04 2.06599E+04 2.06037E+04 % U238
0.00000E+00 6.65083E+01 1.53101E+06 1.47873E+07 % Pu238
0.00000E+00 3.68849E+06 1.20856E+08 2.26277E+08 % Pu239
0.00000E+00 3.67506E+04 2.08347E+07 7.61551E+07 % Pu240
0.00000E+00 1.42165E+03 1.61512E+07 1.22602E+08 % Pu241
0.00000E+00 1.80205E-03 4.07440E+02 6.61078E+03 % Pu242
0.00000E+00 2.90717E-01 6.39075E+04 1.00708E+06 % Am241
0.00000E+00 6.21571E-08 6.25620E-01 2.31843E+01 % Am244
0.00000E+00 7.94868E-13 7.27701E-06 2.72053E-04 % Am245
0.00000E+00 0.00000E+00 0.00000E+00 0.00000E+00 % lost data
5.45437E+04 4.44393E+10 5.93183E+10 6.11297E+10 % total
];

TOT_VOLUME = [ 2.61710E+04 2.61710E+04 2.61710E+04 2.61710E+04 ];

TOT_BURNUP = [ 0.00000E+00 3.87690E-01 6.90079E+00 1.41893E+01 ];

TOT_ADENS = [
0.00000E+00 8.85200E-14 1.40566E-12 2.54090E-12 % H3
0.00000E+00 4.06517E-08 4.08262E-08 4.07136E-08 % Xe135
4.87458E-03 4.86196E-03 4.65379E-03 4.42934E-03 % U235
2.01233E-02 2.01205E-02 2.00729E-02 2.00182E-02 % U238
0.00000E+00 9.22447E-14 2.12346E-09 2.05095E-08 % Pu238
0.00000E+00 1.28921E-06 4.22417E-05 7.90889E-05 % Pu239
0.00000E+00 3.49552E-09 1.98169E-06 7.24345E-06 % Pu240
0.00000E+00 1.53658E-11 1.74569E-07 1.32513E-06 % Pu241
0.00000E+00 1.06871E-14 2.41634E-09 3.92054E-08 % Pu242
0.00000E+00 2.27900E-15 5.00986E-10 7.89471E-09 % Am241
0.00000E+00 3.36719E-23 3.38913E-16 1.25594E-14 % Am244
0.00000E+00 5.77455E-27 5.28660E-20 1.97641E-18 % Am245
0.00000E+00 8.19322E-08 1.46419E-06 3.02021E-06 % lost data
7.04699E-02 7.04798E-02 7.06472E-02 7.08343E-02 % total
];

