
DET1001 = [
    1    1    1    1    1    1    1    1    1    1  4.56900E+18 0.00446 
    2    2    1    1    1    1    1    1    1    1  1.85870E+18 0.00582 
    3    3    1    1    1    1    1    1    1    1  1.93520E+17 0.01124 
];


DET1001E = [
 1.00000E-09  6.25000E-07  3.13000E-07
 6.25000E-07  1.00000E-01  5.00003E-02
 1.00000E-01  2.00000E+01  1.00500E+01
];

DET1002 = [
    1    1    1    1    1    1    1    1    1    1  1.14862E+17 0.00850 
    2    2    1    1    1    1    1    1    1    1  3.59539E+17 0.00504 
    3    3    1    1    1    1    1    1    1    1  1.72841E+17 0.00673 
];


DET1002E = [
 1.00000E-09  6.25000E-07  3.13000E-07
 6.25000E-07  1.00000E-01  5.00003E-02
 1.00000E-01  2.00000E+01  1.00500E+01
];
