
ZAI = [
10030
541350
922350
922380
942380
942390
942400
942410
942420
952410
952440
952450
666
0
];

NAMES = [
'H3              '
'Xe135           '
'U235            '
'U238            '
'Pu238           '
'Pu239           '
'Pu240           '
'Pu241           '
'Pu242           '
'Am241           '
'Am244           '
'Am245           '
'lost            '
'total           '
];

i10030  = 1; iH3               = 1;
i541350 = 2; iXe135            = 2;
i922350 = 3; iU235             = 3;
i922380 = 4; iU238             = 4;
i942380 = 5; iPu238            = 5;
i942390 = 6; iPu239            = 6;
i942400 = 7; iPu240            = 7;
i942410 = 8; iPu241            = 8;
i942420 = 9; iPu242            = 9;
i952410 = 10; iAm241            = 10;
i952440 = 11; iAm244            = 11;
i952450 = 12; iAm245            = 12;
iLOST    = 13;
iTOT     = 14;

MAT_uco_VOLUME = [ 3.93127E+04 3.93127E+04 3.93127E+04 3.93127E+04 ];

MAT_uco_BURNUP = [ 0.00000E+00 2.58086E-01 4.59396E+00 9.44607E+00 ];

MAT_uco_ADENS = [
0.00000E+00 7.21495E-14 1.19491E-12 2.23155E-12 % H3
0.00000E+00 3.25910E-08 3.27700E-08 3.28177E-08 % Xe135
4.87458E-03 4.86610E-03 4.72548E-03 4.57230E-03 % U235
2.01233E-02 2.01213E-02 2.00876E-02 2.00492E-02 % U238
0.00000E+00 5.12352E-14 8.95698E-10 8.37980E-09 % Pu238
0.00000E+00 9.15092E-07 3.11722E-05 6.06180E-05 % Pu239
0.00000E+00 1.68378E-09 9.63491E-07 3.68112E-06 % Pu240
0.00000E+00 5.73437E-12 6.55615E-08 5.22976E-07 % Pu241
0.00000E+00 2.60817E-15 5.83447E-10 9.84352E-09 % Pu242
0.00000E+00 8.57163E-16 1.88519E-10 3.13224E-09 % Am241
0.00000E+00 5.07086E-24 4.95692E-17 1.85640E-15 % Am244
0.00000E+00 5.75711E-28 5.12602E-21 1.92106E-19 % Am245
0.00000E+00 5.45532E-08 9.73676E-07 2.00688E-06 % lost data
7.04699E-02 7.04765E-02 7.05879E-02 7.07125E-02 % total
];

MAT_uco_MDENS = [
0.00000E+00 3.61284E-13 5.98346E-12 1.11743E-11 % H3
0.00000E+00 7.30110E-06 7.34120E-06 7.35189E-06 % Xe135
1.90258E+00 1.89927E+00 1.84438E+00 1.78460E+00 % U235
7.95473E+00 7.95395E+00 7.94060E+00 7.92543E+00 % U238
0.00000E+00 2.02531E-11 3.54067E-07 3.31251E-06 % Pu238
0.00000E+00 3.63257E-04 1.23742E-02 2.40630E-02 % Pu239
0.00000E+00 6.71200E-07 3.84072E-04 1.46739E-03 % Pu240
0.00000E+00 2.29534E-09 2.62428E-05 2.09335E-04 % Pu241
0.00000E+00 1.04836E-12 2.34519E-07 3.95664E-06 % Pu242
0.00000E+00 3.43114E-13 7.54622E-08 1.25381E-06 % Am241
0.00000E+00 2.05515E-21 2.00897E-14 7.52373E-13 % Am244
0.00000E+00 2.34285E-25 2.08603E-18 7.81773E-17 % Am245
0.00000E+00 0.00000E+00 0.00000E+00 0.00000E+00 % lost data
1.10000E+01 1.10000E+01 1.09993E+01 1.09986E+01 % total
];

MAT_uco_A = [
0.00000E+00 5.05681E+06 8.37490E+07 1.56404E+08 % H3
0.00000E+00 2.69903E+16 2.71385E+16 2.71780E+16 % Xe135
5.97888E+09 5.96848E+09 5.79599E+09 5.60812E+09 % U235
3.88903E+09 3.88865E+09 3.88213E+09 3.87471E+09 % U238
0.00000E+00 5.04455E+05 8.81893E+09 8.25065E+10 % Pu238
0.00000E+00 3.27734E+10 1.11641E+12 2.17099E+12 % Pu239
0.00000E+00 2.21601E+08 1.26804E+11 4.84468E+11 % Pu240
0.00000E+00 3.46503E+08 3.96160E+12 3.16012E+13 % Pu241
0.00000E+00 6.00568E+00 1.34347E+06 2.26661E+07 % Pu242
0.00000E+00 1.71093E+03 3.76289E+08 6.25205E+09 % Am241
0.00000E+00 3.80028E+00 3.71489E+07 1.39125E+09 % Am244
0.00000E+00 2.12572E-03 1.89270E+04 7.09320E+05 % Am245
0.00000E+00 0.00000E+00 0.00000E+00 0.00000E+00 % lost data
9.86791E+09 3.35186E+18 3.72229E+18 3.78120E+18 % total
];

MAT_uco_H = [
0.00000E+00 4.60998E-09 7.63488E-08 1.42584E-07 % H3
0.00000E+00 2.43322E+03 2.44658E+03 2.45014E+03 % Xe135
4.41855E-03 4.41086E-03 4.28339E-03 4.14454E-03 % U235
2.66389E-03 2.66362E-03 2.65916E-03 2.65407E-03 % U238
0.00000E+00 4.51682E-07 7.89635E-03 7.38752E-02 % Pu238
0.00000E+00 2.75213E-02 9.37501E-01 1.82308E+00 % Pu239
0.00000E+00 1.86435E-04 1.06681E-01 4.07588E-01 % Pu240
0.00000E+00 2.97294E-07 3.39898E-03 2.71133E-02 % Pu241
0.00000E+00 4.79380E-12 1.07237E-06 1.80923E-05 % Pu242
0.00000E+00 1.53399E-09 3.37374E-04 5.60547E-03 % Am241
0.00000E+00 6.75072E-13 6.59904E-06 2.47139E-04 % Am244
0.00000E+00 1.07250E-16 9.54930E-10 3.57875E-08 % Am245
0.00000E+00 0.00000E+00 0.00000E+00 0.00000E+00 % lost data
7.08243E-03 1.20140E+06 1.23766E+06 1.23662E+06 % total
];

MAT_uco_SF = [
0.00000E+00 0.00000E+00 0.00000E+00 0.00000E+00 % H3
0.00000E+00 0.00000E+00 0.00000E+00 0.00000E+00 % Xe135
4.30479E-01 4.29730E-01 4.17312E-01 4.03784E-01 % U235
2.12341E+05 2.12320E+05 2.11964E+05 2.11559E+05 % U238
0.00000E+00 9.38286E-04 1.64032E+01 1.53462E+02 % Pu238
0.00000E+00 1.01598E-01 3.46088E+00 6.73008E+00 % Pu239
0.00000E+00 1.26312E+01 7.22782E+03 2.76147E+04 % Pu240
0.00000E+00 0.00000E+00 0.00000E+00 0.00000E+00 % Pu241
0.00000E+00 3.30312E-05 7.38908E+00 1.24663E+02 % Pu242
0.00000E+00 7.35698E-09 1.61804E-03 2.68838E-02 % Am241
0.00000E+00 0.00000E+00 0.00000E+00 0.00000E+00 % Am244
0.00000E+00 0.00000E+00 0.00000E+00 0.00000E+00 % Am245
0.00000E+00 0.00000E+00 0.00000E+00 0.00000E+00 % lost data
2.12341E+05 2.12333E+05 2.19589E+05 2.52035E+05 % total
];

MAT_uco_ING_TOX = [
0.00000E+00 2.12386E-04 3.51746E-03 6.56899E-03 % H3
0.00000E+00 5.66795E+09 5.69909E+09 5.70738E+09 % Xe135
2.81007E+02 2.80518E+02 2.72412E+02 2.63581E+02 % U235
1.75006E+02 1.74989E+02 1.74696E+02 1.74362E+02 % U238
0.00000E+00 1.16025E-01 2.02835E+03 1.89765E+04 % Pu238
0.00000E+00 8.19336E+03 2.79103E+05 5.42748E+05 % Pu239
0.00000E+00 5.54002E+01 3.17010E+04 1.21117E+05 % Pu240
0.00000E+00 1.66321E+00 1.90157E+04 1.51686E+05 % Pu241
0.00000E+00 1.44136E-06 3.22433E-01 5.43986E+00 % Pu242
0.00000E+00 3.42185E-04 7.52579E+01 1.25041E+03 % Am241
0.00000E+00 1.74813E-09 1.70885E-02 6.39976E-01 % Am244
0.00000E+00 1.31795E-13 1.17347E-06 4.39778E-05 % Am245
0.00000E+00 0.00000E+00 0.00000E+00 0.00000E+00 % lost data
4.56014E+02 4.68319E+10 6.24235E+10 6.24927E+10 % total
];

MAT_uco_INH_TOX = [
0.00000E+00 1.31477E-03 2.17747E-02 4.06652E-02 % H3
0.00000E+00 2.96893E+09 2.98524E+09 2.98958E+09 % Xe135
5.08205E+04 5.07320E+04 4.92660E+04 4.76690E+04 % U235
3.11122E+04 3.11092E+04 3.10570E+04 3.09977E+04 % U238
0.00000E+00 5.54900E+01 9.70082E+05 9.07571E+06 % Pu238
0.00000E+00 3.93281E+06 1.33970E+08 2.60519E+08 % Pu239
0.00000E+00 2.65921E+04 1.52165E+07 5.81361E+07 % Pu240
0.00000E+00 7.96957E+02 9.11167E+06 7.26827E+07 % Pu241
0.00000E+00 6.60625E-04 1.47782E+02 2.49327E+03 % Pu242
0.00000E+00 1.64249E-01 3.61238E+04 6.00197E+05 % Am241
0.00000E+00 1.40610E-08 1.37451E-01 5.14764E+00 % Am244
0.00000E+00 1.19040E-13 1.05991E-06 3.97219E-05 % Am245
0.00000E+00 0.00000E+00 0.00000E+00 0.00000E+00 % lost data
8.19327E+04 4.49806E+10 5.99243E+10 6.17769E+10 % total
];

TOT_VOLUME = [ 3.93127E+04 3.93127E+04 3.93127E+04 3.93127E+04 ];

TOT_BURNUP = [ 0.00000E+00 2.58086E-01 4.59396E+00 9.44607E+00 ];

TOT_ADENS = [
0.00000E+00 7.21495E-14 1.19491E-12 2.23155E-12 % H3
0.00000E+00 3.25910E-08 3.27700E-08 3.28177E-08 % Xe135
4.87458E-03 4.86610E-03 4.72548E-03 4.57230E-03 % U235
2.01233E-02 2.01213E-02 2.00876E-02 2.00492E-02 % U238
0.00000E+00 5.12352E-14 8.95698E-10 8.37980E-09 % Pu238
0.00000E+00 9.15092E-07 3.11722E-05 6.06180E-05 % Pu239
0.00000E+00 1.68378E-09 9.63491E-07 3.68112E-06 % Pu240
0.00000E+00 5.73437E-12 6.55615E-08 5.22976E-07 % Pu241
0.00000E+00 2.60817E-15 5.83447E-10 9.84352E-09 % Pu242
0.00000E+00 8.57163E-16 1.88519E-10 3.13224E-09 % Am241
0.00000E+00 5.07086E-24 4.95692E-17 1.85640E-15 % Am244
0.00000E+00 5.75711E-28 5.12602E-21 1.92106E-19 % Am245
0.00000E+00 5.45532E-08 9.73676E-07 2.00688E-06 % lost data
7.04699E-02 7.04765E-02 7.05879E-02 7.07125E-02 % total
];

