
DET1001 = [
    1    1    1    1    1    1    1    1    1    1  4.07459E+18 0.00479 
    2    2    1    1    1    1    1    1    1    1  1.80790E+18 0.00551 
    3    3    1    1    1    1    1    1    1    1  1.64868E+17 0.01155 
];


DET1001E = [
 1.00000E-09  6.25000E-07  3.13000E-07
 6.25000E-07  1.00000E-01  5.00003E-02
 1.00000E-01  2.00000E+01  1.00500E+01
];

DET1002 = [
    1    1    1    1    1    1    1    1    1    1  8.90810E+16 0.00933 
    2    2    1    1    1    1    1    1    1    1  3.68845E+17 0.00463 
    3    3    1    1    1    1    1    1    1    1  1.72447E+17 0.00630 
];


DET1002E = [
 1.00000E-09  6.25000E-07  3.13000E-07
 6.25000E-07  1.00000E-01  5.00003E-02
 1.00000E-01  2.00000E+01  1.00500E+01
];
