
DET1001 = [
    1    1    1    1    1    1    1    1    1    1  3.91009E+18 0.00479 
    2    2    1    1    1    1    1    1    1    1  1.76073E+18 0.00601 
    3    3    1    1    1    1    1    1    1    1  1.61634E+17 0.01142 
];


DET1001E = [
 1.00000E-09  6.25000E-07  3.13000E-07
 6.25000E-07  1.00000E-01  5.00003E-02
 1.00000E-01  2.00000E+01  1.00500E+01
];

DET1002 = [
    1    1    1    1    1    1    1    1    1    1  8.80950E+16 0.00940 
    2    2    1    1    1    1    1    1    1    1  3.51934E+17 0.00479 
    3    3    1    1    1    1    1    1    1    1  1.64198E+17 0.00618 
];


DET1002E = [
 1.00000E-09  6.25000E-07  3.13000E-07
 6.25000E-07  1.00000E-01  5.00003E-02
 1.00000E-01  2.00000E+01  1.00500E+01
];
