
DET1001 = [
    1    1    1    1    1    1    1    1    1    1  3.89932E+18 0.00471 
    2    2    1    1    1    1    1    1    1    1  1.73092E+18 0.00603 
    3    3    1    1    1    1    1    1    1    1  1.58509E+17 0.01126 
];


DET1001E = [
 1.00000E-09  6.25000E-07  3.13000E-07
 6.25000E-07  1.00000E-01  5.00003E-02
 1.00000E-01  2.00000E+01  1.00500E+01
];

DET1002 = [
    1    1    1    1    1    1    1    1    1    1  8.84875E+16 0.00924 
    2    2    1    1    1    1    1    1    1    1  3.43669E+17 0.00464 
    3    3    1    1    1    1    1    1    1    1  1.62521E+17 0.00645 
];


DET1002E = [
 1.00000E-09  6.25000E-07  3.13000E-07
 6.25000E-07  1.00000E-01  5.00003E-02
 1.00000E-01  2.00000E+01  1.00500E+01
];
