
DET1001 = [
    1    1    1    1    1    1    1    1    1    1  4.02532E+18 0.00515 
    2    2    1    1    1    1    1    1    1    1  1.79910E+18 0.00610 
    3    3    1    1    1    1    1    1    1    1  1.67408E+17 0.01133 
];


DET1001E = [
 1.00000E-09  6.25000E-07  3.13000E-07
 6.25000E-07  1.00000E-01  5.00003E-02
 1.00000E-01  2.00000E+01  1.00500E+01
];

DET1002 = [
    1    1    1    1    1    1    1    1    1    1  8.69386E+16 0.00878 
    2    2    1    1    1    1    1    1    1    1  3.56683E+17 0.00498 
    3    3    1    1    1    1    1    1    1    1  1.67032E+17 0.00631 
];


DET1002E = [
 1.00000E-09  6.25000E-07  3.13000E-07
 6.25000E-07  1.00000E-01  5.00003E-02
 1.00000E-01  2.00000E+01  1.00500E+01
];
