
DET1001 = [
    1    1    1    1    1    1    1    1    1    1  4.65561E+18 0.00457 
    2    2    1    1    1    1    1    1    1    1  2.10419E+18 0.00492 
    3    3    1    1    1    1    1    1    1    1  3.54135E+17 0.00968 
];


DET1001E = [
 1.00000E-09  6.25000E-07  3.13000E-07
 6.25000E-07  1.00000E-01  5.00003E-02
 1.00000E-01  2.00000E+01  1.00500E+01
];

DET1002 = [
    1    1    1    1    1    1    1    1    1    1  9.07335E+16 0.00909 
    2    2    1    1    1    1    1    1    1    1  3.42506E+17 0.00498 
    3    3    1    1    1    1    1    1    1    1  1.90913E+17 0.00617 
];


DET1002E = [
 1.00000E-09  6.25000E-07  3.13000E-07
 6.25000E-07  1.00000E-01  5.00003E-02
 1.00000E-01  2.00000E+01  1.00500E+01
];
