
ZAI = [
10030
541350
922350
922380
942380
942390
942400
942410
942420
952410
952440
952450
666
0
];

NAMES = [
'H3              '
'Xe135           '
'U235            '
'U238            '
'Pu238           '
'Pu239           '
'Pu240           '
'Pu241           '
'Pu242           '
'Am241           '
'Am244           '
'Am245           '
'lost            '
'total           '
];

i10030  = 1; iH3               = 1;
i541350 = 2; iXe135            = 2;
i922350 = 3; iU235             = 3;
i922380 = 4; iU238             = 4;
i942380 = 5; iPu238            = 5;
i942390 = 6; iPu239            = 6;
i942400 = 7; iPu240            = 7;
i942410 = 8; iPu241            = 8;
i942420 = 9; iPu242            = 9;
i952410 = 10; iAm241            = 10;
i952440 = 11; iAm244            = 11;
i952450 = 12; iAm245            = 12;
iLOST    = 13;
iTOT     = 14;

MAT_uco_VOLUME = [ 3.32126E+04 3.32126E+04 3.32126E+04 3.32126E+04 ];

MAT_uco_BURNUP = [ 0.00000E+00 3.05497E-01 5.43785E+00 1.11812E+01 ];

MAT_uco_ADENS = [
0.00000E+00 9.30119E-14 1.51250E-12 2.87256E-12 % H3
0.00000E+00 3.62060E-08 3.64019E-08 3.64086E-08 % Xe135
4.87458E-03 4.86456E-03 4.69873E-03 4.51887E-03 % U235
2.01233E-02 2.01210E-02 2.00818E-02 2.00368E-02 % U238
0.00000E+00 7.86723E-14 1.51975E-09 1.43102E-08 % Pu238
0.00000E+00 1.05822E-06 3.55712E-05 6.83114E-05 % Pu239
0.00000E+00 2.35060E-09 1.31959E-06 4.91594E-06 % Pu240
0.00000E+00 9.63649E-12 1.07720E-07 8.35004E-07 % Pu241
0.00000E+00 5.48450E-15 1.20831E-09 1.98126E-08 % Pu242
0.00000E+00 1.43834E-15 3.09587E-10 4.99208E-09 % Am241
0.00000E+00 1.55525E-23 1.48078E-16 5.67019E-15 % Am244
0.00000E+00 2.25449E-27 1.95098E-20 7.53023E-19 % Am245
0.00000E+00 6.45831E-08 1.15336E-06 2.37793E-06 % lost data
7.04699E-02 7.04777E-02 7.06096E-02 7.07571E-02 % total
];

MAT_uco_MDENS = [
0.00000E+00 4.65751E-13 7.57373E-12 1.43842E-11 % H3
0.00000E+00 8.11093E-06 8.15481E-06 8.15633E-06 % Xe135
1.90258E+00 1.89867E+00 1.83394E+00 1.76374E+00 % U235
7.95473E+00 7.95382E+00 7.93830E+00 7.92053E+00 % U238
0.00000E+00 3.10989E-11 6.00753E-07 5.65679E-06 % Pu238
0.00000E+00 4.20072E-04 1.41204E-02 2.71170E-02 % Pu239
0.00000E+00 9.37009E-07 5.26022E-04 1.95962E-03 % Pu240
0.00000E+00 3.85727E-09 4.31178E-05 3.34233E-04 % Pu241
0.00000E+00 2.20452E-12 4.85684E-07 7.96375E-06 % Pu242
0.00000E+00 5.75754E-13 1.23925E-07 1.99828E-06 % Am241
0.00000E+00 6.30318E-21 6.00140E-14 2.29804E-12 % Am244
0.00000E+00 9.17464E-25 7.93949E-18 3.06442E-16 % Am245
0.00000E+00 0.00000E+00 0.00000E+00 0.00000E+00 % lost data
1.10000E+01 1.10000E+01 1.09992E+01 1.09984E+01 % total
];

MAT_uco_A = [
0.00000E+00 5.50747E+06 8.95587E+07 1.70092E+08 % H3
0.00000E+00 2.53315E+16 2.54685E+16 2.54732E+16 % Xe135
5.05115E+09 5.04076E+09 4.86892E+09 4.68255E+09 % U235
3.28558E+09 3.28520E+09 3.27879E+09 3.27145E+09 % U238
0.00000E+00 6.54405E+05 1.26415E+10 1.19034E+11 % Pu238
0.00000E+00 3.20186E+10 1.07628E+12 2.06691E+12 % Pu239
0.00000E+00 2.61357E+08 1.46722E+11 5.46590E+11 % Pu240
0.00000E+00 4.91939E+08 5.49905E+12 4.26266E+13 % Pu241
0.00000E+00 1.06693E+01 2.35057E+06 3.85423E+07 % Pu242
0.00000E+00 2.42549E+03 5.22061E+08 8.41821E+09 % Am241
0.00000E+00 9.84699E+00 9.37554E+07 3.59006E+09 % Am244
0.00000E+00 7.03268E-03 6.08589E+04 2.34899E+06 % Am245
0.00000E+00 0.00000E+00 0.00000E+00 0.00000E+00 % lost data
8.33673E+09 3.34332E+18 3.71025E+18 3.76828E+18 % total
];

MAT_uco_H = [
0.00000E+00 5.02082E-09 8.16452E-08 1.55062E-07 % H3
0.00000E+00 2.28367E+03 2.29603E+03 2.29645E+03 % Xe135
3.73293E-03 3.72526E-03 3.59826E-03 3.46053E-03 % U235
2.25054E-03 2.25028E-03 2.24589E-03 2.24086E-03 % U238
0.00000E+00 5.85945E-07 1.13190E-02 1.06582E-01 % Pu238
0.00000E+00 2.68874E-02 9.03801E-01 1.73567E+00 % Pu239
0.00000E+00 2.19882E-04 1.23438E-01 4.59852E-01 % Pu240
0.00000E+00 4.22075E-07 4.71809E-03 3.65729E-02 % Pu241
0.00000E+00 8.51632E-12 1.87625E-06 3.07649E-05 % Pu242
0.00000E+00 2.17465E-09 4.68071E-04 7.54761E-03 % Am241
0.00000E+00 1.74919E-12 1.66545E-05 6.37729E-04 % Am244
0.00000E+00 3.54822E-16 3.07054E-09 1.18514E-07 % Am245
0.00000E+00 0.00000E+00 0.00000E+00 0.00000E+00 % lost data
5.98347E-03 1.20081E+06 1.23515E+06 1.23253E+06 % total
];

MAT_uco_SF = [
0.00000E+00 0.00000E+00 0.00000E+00 0.00000E+00 % H3
0.00000E+00 0.00000E+00 0.00000E+00 0.00000E+00 % Xe135
3.63683E-01 3.62935E-01 3.50563E-01 3.37143E-01 % U235
1.79393E+05 1.79372E+05 1.79022E+05 1.78621E+05 % U238
0.00000E+00 1.21719E-03 2.35131E+01 2.21404E+02 % Pu238
0.00000E+00 9.92577E-02 3.33647E+00 6.40741E+00 % Pu239
0.00000E+00 1.48973E+01 8.36313E+03 3.11557E+04 % Pu240
0.00000E+00 0.00000E+00 0.00000E+00 0.00000E+00 % Pu241
0.00000E+00 5.86809E-05 1.29282E+01 2.11983E+02 % Pu242
0.00000E+00 1.04296E-08 2.24486E-03 3.61983E-02 % Am241
0.00000E+00 0.00000E+00 0.00000E+00 0.00000E+00 % Am244
0.00000E+00 0.00000E+00 0.00000E+00 0.00000E+00 % Am245
0.00000E+00 0.00000E+00 0.00000E+00 0.00000E+00 % lost data
1.79393E+05 1.79388E+05 1.88070E+05 2.31590E+05 % total
];

MAT_uco_ING_TOX = [
0.00000E+00 2.31314E-04 3.76147E-03 7.14386E-03 % H3
0.00000E+00 5.31961E+09 5.34839E+09 5.34938E+09 % Xe135
2.37404E+02 2.36916E+02 2.28839E+02 2.20080E+02 % U235
1.47851E+02 1.47834E+02 1.47546E+02 1.47215E+02 % U238
0.00000E+00 1.50513E-01 2.90754E+03 2.73779E+04 % Pu238
0.00000E+00 8.00465E+03 2.69070E+05 5.16727E+05 % Pu239
0.00000E+00 6.53391E+01 3.66804E+04 1.36648E+05 % Pu240
0.00000E+00 2.36131E+00 2.63954E+04 2.04608E+05 % Pu241
0.00000E+00 2.56062E-06 5.64138E-01 9.25016E+00 % Pu242
0.00000E+00 4.85098E-04 1.04412E+02 1.68364E+03 % Am241
0.00000E+00 4.52962E-09 4.31275E-02 1.65143E+00 % Am244
0.00000E+00 4.36026E-13 3.77325E-06 1.45637E-04 % Am245
0.00000E+00 0.00000E+00 0.00000E+00 0.00000E+00 % lost data
3.85255E+02 4.64862E+10 6.20357E+10 6.20565E+10 % total
];

MAT_uco_INH_TOX = [
0.00000E+00 1.43194E-03 2.32853E-02 4.42239E-02 % H3
0.00000E+00 2.78646E+09 2.80154E+09 2.80206E+09 % Xe135
4.29348E+04 4.28465E+04 4.13859E+04 3.98017E+04 % U235
2.62846E+04 2.62816E+04 2.62304E+04 2.61716E+04 % U238
0.00000E+00 7.19846E+01 1.39056E+06 1.30938E+07 % Pu238
0.00000E+00 3.84223E+06 1.29154E+08 2.48029E+08 % Pu239
0.00000E+00 3.13628E+04 1.76066E+07 6.55908E+07 % Pu240
0.00000E+00 1.13146E+03 1.26478E+07 9.80411E+07 % Pu241
0.00000E+00 1.17362E-03 2.58563E+02 4.23966E+03 % Pu242
0.00000E+00 2.32847E-01 5.01179E+04 8.08148E+05 % Am241
0.00000E+00 3.64339E-08 3.46895E-01 1.32832E+01 % Am244
0.00000E+00 3.93830E-13 3.40810E-06 1.31543E-04 % Am245
0.00000E+00 0.00000E+00 0.00000E+00 0.00000E+00 % lost data
6.92194E+04 4.48065E+10 5.97295E+10 6.15731E+10 % total
];

TOT_VOLUME = [ 3.32126E+04 3.32126E+04 3.32126E+04 3.32126E+04 ];

TOT_BURNUP = [ 0.00000E+00 3.05497E-01 5.43785E+00 1.11812E+01 ];

TOT_ADENS = [
0.00000E+00 9.30119E-14 1.51250E-12 2.87256E-12 % H3
0.00000E+00 3.62060E-08 3.64019E-08 3.64086E-08 % Xe135
4.87458E-03 4.86456E-03 4.69873E-03 4.51887E-03 % U235
2.01233E-02 2.01210E-02 2.00818E-02 2.00368E-02 % U238
0.00000E+00 7.86723E-14 1.51975E-09 1.43102E-08 % Pu238
0.00000E+00 1.05822E-06 3.55712E-05 6.83114E-05 % Pu239
0.00000E+00 2.35060E-09 1.31959E-06 4.91594E-06 % Pu240
0.00000E+00 9.63649E-12 1.07720E-07 8.35004E-07 % Pu241
0.00000E+00 5.48450E-15 1.20831E-09 1.98126E-08 % Pu242
0.00000E+00 1.43834E-15 3.09587E-10 4.99208E-09 % Am241
0.00000E+00 1.55525E-23 1.48078E-16 5.67019E-15 % Am244
0.00000E+00 2.25449E-27 1.95098E-20 7.53023E-19 % Am245
0.00000E+00 6.45831E-08 1.15336E-06 2.37793E-06 % lost data
7.04699E-02 7.04777E-02 7.06096E-02 7.07571E-02 % total
];

