
DET1001 = [
    1    1    1    1    1    1    1    1    1    1  4.73937E+18 0.00458 
    2    2    1    1    1    1    1    1    1    1  2.16503E+18 0.00509 
    3    3    1    1    1    1    1    1    1    1  3.59050E+17 0.01040 
];


DET1001E = [
 1.00000E-09  6.25000E-07  3.13000E-07
 6.25000E-07  1.00000E-01  5.00003E-02
 1.00000E-01  2.00000E+01  1.00500E+01
];

DET1002 = [
    1    1    1    1    1    1    1    1    1    1  8.83796E+16 0.00964 
    2    2    1    1    1    1    1    1    1    1  3.57929E+17 0.00501 
    3    3    1    1    1    1    1    1    1    1  2.02588E+17 0.00650 
];


DET1002E = [
 1.00000E-09  6.25000E-07  3.13000E-07
 6.25000E-07  1.00000E-01  5.00003E-02
 1.00000E-01  2.00000E+01  1.00500E+01
];
