
DET1001 = [
    1    1    1    1    1    1    1    1    1    1  4.54611E+18 0.00453 
    2    2    1    1    1    1    1    1    1    1  2.07235E+18 0.00508 
    3    3    1    1    1    1    1    1    1    1  3.49895E+17 0.00960 
];


DET1001E = [
 1.00000E-09  6.25000E-07  3.13000E-07
 6.25000E-07  1.00000E-01  5.00003E-02
 1.00000E-01  2.00000E+01  1.00500E+01
];

DET1002 = [
    1    1    1    1    1    1    1    1    1    1  8.91725E+16 0.00952 
    2    2    1    1    1    1    1    1    1    1  3.35848E+17 0.00505 
    3    3    1    1    1    1    1    1    1    1  1.87598E+17 0.00603 
];


DET1002E = [
 1.00000E-09  6.25000E-07  3.13000E-07
 6.25000E-07  1.00000E-01  5.00003E-02
 1.00000E-01  2.00000E+01  1.00500E+01
];
