
DET1001 = [
    1    1    1    1    1    1    1    1    1    1  4.10064E+18 0.00461 
    2    2    1    1    1    1    1    1    1    1  1.86866E+18 0.00594 
    3    3    1    1    1    1    1    1    1    1  1.92087E+17 0.01134 
];


DET1001E = [
 1.00000E-09  6.25000E-07  3.13000E-07
 6.25000E-07  1.00000E-01  5.00003E-02
 1.00000E-01  2.00000E+01  1.00500E+01
];

DET1002 = [
    1    1    1    1    1    1    1    1    1    1  7.52080E+16 0.01049 
    2    2    1    1    1    1    1    1    1    1  3.32004E+17 0.00515 
    3    3    1    1    1    1    1    1    1    1  1.66241E+17 0.00651 
];


DET1002E = [
 1.00000E-09  6.25000E-07  3.13000E-07
 6.25000E-07  1.00000E-01  5.00003E-02
 1.00000E-01  2.00000E+01  1.00500E+01
];
