
DET1001 = [
    1    1    1    1    1    1    1    1    1    1  4.20096E+18 0.00495 
    2    2    1    1    1    1    1    1    1    1  1.92335E+18 0.00568 
    3    3    1    1    1    1    1    1    1    1  2.00052E+17 0.01135 
];


DET1001E = [
 1.00000E-09  6.25000E-07  3.13000E-07
 6.25000E-07  1.00000E-01  5.00003E-02
 1.00000E-01  2.00000E+01  1.00500E+01
];

DET1002 = [
    1    1    1    1    1    1    1    1    1    1  7.48600E+16 0.01035 
    2    2    1    1    1    1    1    1    1    1  3.44320E+17 0.00512 
    3    3    1    1    1    1    1    1    1    1  1.71296E+17 0.00673 
];


DET1002E = [
 1.00000E-09  6.25000E-07  3.13000E-07
 6.25000E-07  1.00000E-01  5.00003E-02
 1.00000E-01  2.00000E+01  1.00500E+01
];
