
DET1001 = [
    1    1    1    1    1    1    1    1    1    1  4.20508E+18 0.00484 
    2    2    1    1    1    1    1    1    1    1  1.93445E+18 0.00531 
    3    3    1    1    1    1    1    1    1    1  2.03167E+17 0.01125 
];


DET1001E = [
 1.00000E-09  6.25000E-07  3.13000E-07
 6.25000E-07  1.00000E-01  5.00003E-02
 1.00000E-01  2.00000E+01  1.00500E+01
];

DET1002 = [
    1    1    1    1    1    1    1    1    1    1  7.40389E+16 0.01121 
    2    2    1    1    1    1    1    1    1    1  3.48344E+17 0.00496 
    3    3    1    1    1    1    1    1    1    1  1.74498E+17 0.00640 
];


DET1002E = [
 1.00000E-09  6.25000E-07  3.13000E-07
 6.25000E-07  1.00000E-01  5.00003E-02
 1.00000E-01  2.00000E+01  1.00500E+01
];
