
DET1001 = [
    1    1    1    1    1    1    1    1    1    1  4.16463E+18 0.00490 
    2    2    1    1    1    1    1    1    1    1  1.89024E+18 0.00589 
    3    3    1    1    1    1    1    1    1    1  1.93695E+17 0.01138 
];


DET1001E = [
 1.00000E-09  6.25000E-07  3.13000E-07
 6.25000E-07  1.00000E-01  5.00003E-02
 1.00000E-01  2.00000E+01  1.00500E+01
];

DET1002 = [
    1    1    1    1    1    1    1    1    1    1  7.53606E+16 0.01061 
    2    2    1    1    1    1    1    1    1    1  3.35892E+17 0.00512 
    3    3    1    1    1    1    1    1    1    1  1.67747E+17 0.00645 
];


DET1002E = [
 1.00000E-09  6.25000E-07  3.13000E-07
 6.25000E-07  1.00000E-01  5.00003E-02
 1.00000E-01  2.00000E+01  1.00500E+01
];
