
ZAI = [
10030
541350
922350
922380
942380
942390
942400
942410
942420
952410
952440
952450
666
0
];

NAMES = [
'H3              '
'Xe135           '
'U235            '
'U238            '
'Pu238           '
'Pu239           '
'Pu240           '
'Pu241           '
'Pu242           '
'Am241           '
'Am244           '
'Am245           '
'lost            '
'total           '
];

i10030  = 1; iH3               = 1;
i541350 = 2; iXe135            = 2;
i922350 = 3; iU235             = 3;
i922380 = 4; iU238             = 4;
i942380 = 5; iPu238            = 5;
i942390 = 6; iPu239            = 6;
i942400 = 7; iPu240            = 7;
i942410 = 8; iPu241            = 8;
i942420 = 9; iPu242            = 9;
i952410 = 10; iAm241            = 10;
i952440 = 11; iAm244            = 11;
i952450 = 12; iAm245            = 12;
iLOST    = 13;
iTOT     = 14;

MAT_uco_VOLUME = [ 4.22705E+04 4.22705E+04 4.22705E+04 4.22705E+04 ];

MAT_uco_BURNUP = [ 0.00000E+00 2.40022E-01 4.27238E+00 8.78490E+00 ];

MAT_uco_ADENS = [
0.00000E+00 8.47194E-14 1.38616E-12 2.60834E-12 % H3
0.00000E+00 3.00871E-08 3.03357E-08 3.04371E-08 % Xe135
4.31104E-03 4.30314E-03 4.17241E-03 4.03061E-03 % U235
2.06805E-02 2.06784E-02 2.06430E-02 2.06027E-02 % U238
0.00000E+00 6.55990E-14 1.06103E-09 9.73461E-09 % Pu238
0.00000E+00 9.56634E-07 3.24678E-05 6.30764E-05 % Pu239
0.00000E+00 1.87211E-09 1.04528E-06 3.94115E-06 % Pu240
0.00000E+00 6.97128E-12 7.81445E-08 6.13959E-07 % Pu241
0.00000E+00 3.37130E-15 7.38647E-10 1.21963E-08 % Pu242
0.00000E+00 1.04455E-15 2.24816E-10 3.68373E-09 % Am241
0.00000E+00 8.00491E-24 7.76075E-17 2.84580E-15 % Am244
0.00000E+00 9.77547E-28 8.65534E-21 3.17017E-19 % Am245
0.00000E+00 5.07428E-08 9.06201E-07 1.86846E-06 % lost data
7.04520E-02 7.04581E-02 7.05618E-02 7.06777E-02 % total
];

MAT_uco_MDENS = [
0.00000E+00 4.24227E-13 6.94110E-12 1.30611E-11 % H3
0.00000E+00 6.74017E-06 6.79586E-06 6.81856E-06 % Xe135
1.68262E+00 1.67954E+00 1.62852E+00 1.57317E+00 % U235
8.17497E+00 8.17415E+00 8.16017E+00 8.14421E+00 % U238
0.00000E+00 2.59311E-11 4.19420E-07 3.84806E-06 % Pu238
0.00000E+00 3.79747E-04 1.28885E-02 2.50389E-02 % Pu239
0.00000E+00 7.46272E-07 4.16675E-04 1.57104E-03 % Pu240
0.00000E+00 2.79044E-09 3.12795E-05 2.45754E-04 % Pu241
0.00000E+00 1.35511E-12 2.96902E-07 4.90233E-06 % Pu242
0.00000E+00 4.18122E-13 8.99916E-08 1.47456E-06 % Am241
0.00000E+00 3.24427E-21 3.14532E-14 1.15336E-12 % Am244
0.00000E+00 3.97812E-25 3.52228E-18 1.29010E-16 % Am245
0.00000E+00 0.00000E+00 0.00000E+00 0.00000E+00 % lost data
1.10000E+01 1.10000E+01 1.09994E+01 1.09987E+01 % total
];

MAT_uco_A = [
0.00000E+00 6.38457E+06 1.04463E+08 1.96568E+08 % H3
0.00000E+00 2.67914E+16 2.70127E+16 2.71030E+16 % Xe135
5.68551E+09 5.67509E+09 5.50268E+09 5.31567E+09 % U235
4.29742E+09 4.29699E+09 4.28964E+09 4.28125E+09 % U238
0.00000E+00 6.94475E+05 1.12327E+10 1.03057E+11 % Pu238
0.00000E+00 3.68390E+10 1.25030E+12 2.42901E+12 % Pu239
0.00000E+00 2.64924E+08 1.47918E+11 5.57716E+11 % Pu240
0.00000E+00 4.52938E+08 5.07721E+12 3.98902E+13 % Pu241
0.00000E+00 8.34697E+00 1.82881E+06 3.01966E+07 % Pu242
0.00000E+00 2.24182E+03 4.82503E+08 7.90606E+09 % Am241
0.00000E+00 6.45053E+00 6.25378E+07 2.29321E+09 % Am244
0.00000E+00 3.88101E-03 3.43630E+04 1.25861E+06 % Am245
0.00000E+00 0.00000E+00 0.00000E+00 0.00000E+00 % lost data
9.98292E+09 3.39142E+18 3.77135E+18 3.83076E+18 % total
];

MAT_uco_H = [
0.00000E+00 5.82042E-09 9.52322E-08 1.79199E-07 % H3
0.00000E+00 2.41528E+03 2.43524E+03 2.44338E+03 % Xe135
4.20174E-03 4.19404E-03 4.06662E-03 3.92842E-03 % U235
2.94362E-03 2.94333E-03 2.93829E-03 2.93254E-03 % U238
0.00000E+00 6.21824E-07 1.00576E-02 9.22760E-02 % Pu238
0.00000E+00 3.09354E-02 1.04993E+00 2.03975E+00 % Pu239
0.00000E+00 2.22884E-04 1.24445E-01 4.69212E-01 % Pu240
0.00000E+00 3.88614E-07 4.35616E-03 3.42251E-02 % Pu241
0.00000E+00 6.66264E-12 1.45977E-06 2.41032E-05 % Pu242
0.00000E+00 2.00997E-09 4.32603E-04 7.08843E-03 % Am241
0.00000E+00 1.14586E-12 1.11091E-05 4.07360E-04 % Am244
0.00000E+00 1.95810E-16 1.73373E-09 6.35008E-08 % Am245
0.00000E+00 0.00000E+00 0.00000E+00 0.00000E+00 % lost data
7.14536E-03 1.20457E+06 1.24203E+06 1.23997E+06 % total
];

MAT_uco_SF = [
0.00000E+00 0.00000E+00 0.00000E+00 0.00000E+00 % H3
0.00000E+00 0.00000E+00 0.00000E+00 0.00000E+00 % Xe135
4.09356E-01 4.08606E-01 3.96193E-01 3.82728E-01 % U235
2.34639E+05 2.34616E+05 2.34214E+05 2.33756E+05 % U238
0.00000E+00 1.29172E-03 2.08929E+01 1.91686E+02 % Pu238
0.00000E+00 1.14201E-01 3.87594E+00 7.52993E+00 % Pu239
0.00000E+00 1.51007E+01 8.43135E+03 3.17898E+04 % Pu240
0.00000E+00 0.00000E+00 0.00000E+00 0.00000E+00 % Pu241
0.00000E+00 4.59083E-05 1.00584E+01 1.66081E+02 % Pu242
0.00000E+00 9.63982E-09 2.07476E-03 3.39961E-02 % Am241
0.00000E+00 0.00000E+00 0.00000E+00 0.00000E+00 % Am244
0.00000E+00 0.00000E+00 0.00000E+00 0.00000E+00 % Am245
0.00000E+00 0.00000E+00 0.00000E+00 0.00000E+00 % lost data
2.34639E+05 2.34631E+05 2.43190E+05 2.82938E+05 % total
];

MAT_uco_ING_TOX = [
0.00000E+00 2.68152E-04 4.38743E-03 8.25586E-03 % H3
0.00000E+00 5.62618E+09 5.67268E+09 5.69162E+09 % Xe135
2.67219E+02 2.66729E+02 2.58626E+02 2.49836E+02 % U235
1.93384E+02 1.93364E+02 1.93034E+02 1.92656E+02 % U238
0.00000E+00 1.59729E-01 2.58353E+03 2.37031E+04 % Pu238
0.00000E+00 9.20975E+03 3.12576E+05 6.07253E+05 % Pu239
0.00000E+00 6.62311E+01 3.69796E+04 1.39429E+05 % Pu240
0.00000E+00 2.17410E+00 2.43706E+04 1.91473E+05 % Pu241
0.00000E+00 2.00327E-06 4.38914E-01 7.24718E+00 % Pu242
0.00000E+00 4.48364E-04 9.65005E+01 1.58121E+03 % Am241
0.00000E+00 2.96724E-09 2.87674E-02 1.05488E+00 % Am244
0.00000E+00 2.40622E-13 2.13050E-06 7.80335E-05 % Am245
0.00000E+00 0.00000E+00 0.00000E+00 0.00000E+00 % lost data
4.60603E+02 4.68217E+10 6.25171E+10 6.25905E+10 % total
];

MAT_uco_INH_TOX = [
0.00000E+00 1.65999E-03 2.71603E-02 5.11077E-02 % H3
0.00000E+00 2.94705E+09 2.97140E+09 2.98133E+09 % Xe135
4.83268E+04 4.82382E+04 4.67728E+04 4.51832E+04 % U235
3.43793E+04 3.43759E+04 3.43171E+04 3.42500E+04 % U238
0.00000E+00 7.63923E+01 1.23560E+06 1.13363E+07 % Pu238
0.00000E+00 4.42068E+06 1.50036E+08 2.91481E+08 % Pu239
0.00000E+00 3.17909E+04 1.77502E+07 6.69259E+07 % Pu240
0.00000E+00 1.04176E+03 1.16776E+07 9.17475E+07 % Pu241
0.00000E+00 9.18167E-04 2.01169E+02 3.32162E+03 % Pu242
0.00000E+00 2.15215E-01 4.63202E+04 7.58982E+05 % Am241
0.00000E+00 2.38670E-08 2.31390E-01 8.48488E+00 % Am244
0.00000E+00 2.17336E-13 1.92433E-06 7.04819E-05 % Am245
0.00000E+00 0.00000E+00 0.00000E+00 0.00000E+00 % lost data
8.27061E+04 4.50087E+10 6.00866E+10 6.19915E+10 % total
];

TOT_VOLUME = [ 4.22705E+04 4.22705E+04 4.22705E+04 4.22705E+04 ];

TOT_BURNUP = [ 0.00000E+00 2.40022E-01 4.27238E+00 8.78490E+00 ];

TOT_ADENS = [
0.00000E+00 8.47194E-14 1.38616E-12 2.60834E-12 % H3
0.00000E+00 3.00871E-08 3.03357E-08 3.04371E-08 % Xe135
4.31104E-03 4.30314E-03 4.17241E-03 4.03061E-03 % U235
2.06805E-02 2.06784E-02 2.06430E-02 2.06027E-02 % U238
0.00000E+00 6.55990E-14 1.06103E-09 9.73461E-09 % Pu238
0.00000E+00 9.56634E-07 3.24678E-05 6.30764E-05 % Pu239
0.00000E+00 1.87211E-09 1.04528E-06 3.94115E-06 % Pu240
0.00000E+00 6.97128E-12 7.81445E-08 6.13959E-07 % Pu241
0.00000E+00 3.37130E-15 7.38647E-10 1.21963E-08 % Pu242
0.00000E+00 1.04455E-15 2.24816E-10 3.68373E-09 % Am241
0.00000E+00 8.00491E-24 7.76075E-17 2.84580E-15 % Am244
0.00000E+00 9.77547E-28 8.65534E-21 3.17017E-19 % Am245
0.00000E+00 5.07428E-08 9.06201E-07 1.86846E-06 % lost data
7.04520E-02 7.04581E-02 7.05618E-02 7.06777E-02 % total
];

