
DET1001 = [
    1    1    1    1    1    1    1    1    1    1  5.14081E+18 0.00422 
    2    2    1    1    1    1    1    1    1    1  2.09306E+18 0.00539 
    3    3    1    1    1    1    1    1    1    1  3.52243E+17 0.00985 
];


DET1001E = [
 1.00000E-09  6.25000E-07  3.13000E-07
 6.25000E-07  1.00000E-01  5.00003E-02
 1.00000E-01  2.00000E+01  1.00500E+01
];

DET1002 = [
    1    1    1    1    1    1    1    1    1    1  1.35380E+17 0.00773 
    2    2    1    1    1    1    1    1    1    1  3.61551E+17 0.00516 
    3    3    1    1    1    1    1    1    1    1  1.96074E+17 0.00601 
];


DET1002E = [
 1.00000E-09  6.25000E-07  3.13000E-07
 6.25000E-07  1.00000E-01  5.00003E-02
 1.00000E-01  2.00000E+01  1.00500E+01
];
