
DET1001 = [
    1    1    1    1    1    1    1    1    1    1  5.40069E+18 0.00455 
    2    2    1    1    1    1    1    1    1    1  2.21759E+18 0.00510 
    3    3    1    1    1    1    1    1    1    1  3.69644E+17 0.00975 
];


DET1001E = [
 1.00000E-09  6.25000E-07  3.13000E-07
 6.25000E-07  1.00000E-01  5.00003E-02
 1.00000E-01  2.00000E+01  1.00500E+01
];

DET1002 = [
    1    1    1    1    1    1    1    1    1    1  1.35418E+17 0.00812 
    2    2    1    1    1    1    1    1    1    1  3.81615E+17 0.00488 
    3    3    1    1    1    1    1    1    1    1  2.06637E+17 0.00622 
];


DET1002E = [
 1.00000E-09  6.25000E-07  3.13000E-07
 6.25000E-07  1.00000E-01  5.00003E-02
 1.00000E-01  2.00000E+01  1.00500E+01
];
