
DET1001 = [
    1    1    1    1    1    1    1    1    1    1  5.28605E+18 0.00447 
    2    2    1    1    1    1    1    1    1    1  2.14632E+18 0.00541 
    3    3    1    1    1    1    1    1    1    1  3.53297E+17 0.01008 
];


DET1001E = [
 1.00000E-09  6.25000E-07  3.13000E-07
 6.25000E-07  1.00000E-01  5.00003E-02
 1.00000E-01  2.00000E+01  1.00500E+01
];

DET1002 = [
    1    1    1    1    1    1    1    1    1    1  1.36206E+17 0.00752 
    2    2    1    1    1    1    1    1    1    1  3.71885E+17 0.00505 
    3    3    1    1    1    1    1    1    1    1  2.01844E+17 0.00648 
];


DET1002E = [
 1.00000E-09  6.25000E-07  3.13000E-07
 6.25000E-07  1.00000E-01  5.00003E-02
 1.00000E-01  2.00000E+01  1.00500E+01
];
