
DET1001 = [
    1    1    1    1    1    1    1    1    1    1  5.08871E+18 0.00464 
    2    2    1    1    1    1    1    1    1    1  1.96928E+18 0.00578 
    3    3    1    1    1    1    1    1    1    1  2.05353E+17 0.01160 
];


DET1001E = [
 1.00000E-09  6.25000E-07  3.13000E-07
 6.25000E-07  1.00000E-01  5.00003E-02
 1.00000E-01  2.00000E+01  1.00500E+01
];

DET1002 = [
    1    1    1    1    1    1    1    1    1    1  1.55383E+17 0.00799 
    2    2    1    1    1    1    1    1    1    1  3.95744E+17 0.00463 
    3    3    1    1    1    1    1    1    1    1  1.89119E+17 0.00660 
];


DET1002E = [
 1.00000E-09  6.25000E-07  3.13000E-07
 6.25000E-07  1.00000E-01  5.00003E-02
 1.00000E-01  2.00000E+01  1.00500E+01
];
