
DET1001 = [
    1    1    1    1    1    1    1    1    1    1  5.05876E+18 0.00457 
    2    2    1    1    1    1    1    1    1    1  1.94229E+18 0.00558 
    3    3    1    1    1    1    1    1    1    1  1.97051E+17 0.01123 
];


DET1001E = [
 1.00000E-09  6.25000E-07  3.13000E-07
 6.25000E-07  1.00000E-01  5.00003E-02
 1.00000E-01  2.00000E+01  1.00500E+01
];

DET1002 = [
    1    1    1    1    1    1    1    1    1    1  1.53045E+17 0.00755 
    2    2    1    1    1    1    1    1    1    1  3.81427E+17 0.00514 
    3    3    1    1    1    1    1    1    1    1  1.84109E+17 0.00609 
];


DET1002E = [
 1.00000E-09  6.25000E-07  3.13000E-07
 6.25000E-07  1.00000E-01  5.00003E-02
 1.00000E-01  2.00000E+01  1.00500E+01
];
