
ZAI = [
10030
541350
922350
922380
942380
942390
942400
942410
942420
952410
952440
952450
666
0
];

NAMES = [
'H3              '
'Xe135           '
'U235            '
'U238            '
'Pu238           '
'Pu239           '
'Pu240           '
'Pu241           '
'Pu242           '
'Am241           '
'Am244           '
'Am245           '
'lost            '
'total           '
];

i10030  = 1; iH3               = 1;
i541350 = 2; iXe135            = 2;
i922350 = 3; iU235             = 3;
i922380 = 4; iU238             = 4;
i942380 = 5; iPu238            = 5;
i942390 = 6; iPu239            = 6;
i942400 = 7; iPu240            = 7;
i942410 = 8; iPu241            = 8;
i942420 = 9; iPu242            = 9;
i952410 = 10; iAm241            = 10;
i952440 = 11; iAm244            = 11;
i952450 = 12; iAm245            = 12;
iLOST    = 13;
iTOT     = 14;

MAT_uco_VOLUME = [ 2.69784E+04 2.69784E+04 2.69784E+04 2.69784E+04 ];

MAT_uco_BURNUP = [ 0.00000E+00 3.76066E-01 6.69412E+00 1.37642E+01 ];

MAT_uco_ADENS = [
0.00000E+00 9.55803E-14 1.47297E-12 2.58338E-12 % H3
0.00000E+00 3.44659E-08 3.47410E-08 3.46157E-08 % Xe135
3.74777E-03 3.73561E-03 3.53670E-03 3.32501E-03 % U235
2.12374E-02 2.12344E-02 2.11829E-02 2.11239E-02 % U238
0.00000E+00 1.12776E-13 2.55508E-09 2.43066E-08 % Pu238
0.00000E+00 1.38262E-06 4.41473E-05 8.02184E-05 % Pu239
0.00000E+00 4.64503E-09 2.61217E-06 9.25176E-06 % Pu240
0.00000E+00 2.25143E-11 2.57022E-07 1.85863E-06 % Pu241
0.00000E+00 1.97964E-14 4.53350E-09 7.06285E-08 % Pu242
0.00000E+00 3.32026E-15 7.36450E-10 1.10650E-08 % Am241
0.00000E+00 7.43237E-23 7.66909E-16 2.70372E-14 % Am244
0.00000E+00 1.59394E-26 1.48837E-19 5.27543E-18 % Am245
0.00000E+00 7.94616E-08 1.42266E-06 2.93728E-06 % lost data
7.04339E-02 7.04436E-02 7.06061E-02 7.07876E-02 % total
];

MAT_uco_MDENS = [
0.00000E+00 4.78612E-13 7.37578E-12 1.29361E-11 % H3
0.00000E+00 7.72112E-06 7.78274E-06 7.75468E-06 % Xe135
1.46278E+00 1.45803E+00 1.38039E+00 1.29777E+00 % U235
8.39511E+00 8.39393E+00 8.37360E+00 8.35025E+00 % U238
0.00000E+00 4.45800E-11 1.01002E-06 9.60831E-06 % Pu238
0.00000E+00 5.48848E-04 1.75248E-02 3.18437E-02 % Pu239
0.00000E+00 1.85163E-06 1.04128E-03 3.68799E-03 % Pu240
0.00000E+00 9.01196E-09 1.02880E-04 7.43967E-04 % Pu241
0.00000E+00 7.95723E-12 1.82226E-06 2.83894E-05 % Pu242
0.00000E+00 1.32907E-12 2.94794E-07 4.42922E-06 % Am241
0.00000E+00 3.01223E-20 3.10817E-13 1.09578E-11 % Am244
0.00000E+00 6.48653E-24 6.05690E-17 2.14683E-15 % Am245
0.00000E+00 0.00000E+00 0.00000E+00 0.00000E+00 % lost data
1.10000E+01 1.09999E+01 1.09990E+01 1.09980E+01 % total
];

MAT_uco_A = [
0.00000E+00 4.59723E+06 7.08468E+07 1.24256E+08 % H3
0.00000E+00 1.95877E+16 1.97440E+16 1.96728E+16 % Xe135
3.15456E+09 3.14433E+09 2.97690E+09 2.79872E+09 % U235
2.81661E+09 2.81622E+09 2.80939E+09 2.80156E+09 % U238
0.00000E+00 7.62002E+05 1.72641E+10 1.64234E+11 % Pu238
0.00000E+00 3.39817E+10 1.08504E+12 1.97159E+12 % Pu239
0.00000E+00 4.19525E+08 2.35923E+11 8.35591E+11 % Pu240
0.00000E+00 9.33608E+08 1.06580E+13 7.70724E+13 % Pu241
0.00000E+00 3.12821E+01 7.16382E+06 1.11607E+08 % Pu242
0.00000E+00 4.54804E+03 1.00878E+09 1.51567E+10 % Am241
0.00000E+00 3.82248E+01 3.94423E+08 1.39053E+10 % Am244
0.00000E+00 4.03886E-02 3.77135E+05 1.33673E+07 % Am245
0.00000E+00 0.00000E+00 0.00000E+00 0.00000E+00 % lost data
5.97117E+09 3.35585E+18 3.72299E+18 3.76794E+18 % total
];

MAT_uco_H = [
0.00000E+00 4.19101E-09 6.45867E-08 1.13276E-07 % H3
0.00000E+00 1.76586E+03 1.77996E+03 1.77354E+03 % Xe135
2.33131E-03 2.32375E-03 2.20001E-03 2.06833E-03 % U235
1.92931E-03 1.92904E-03 1.92436E-03 1.91900E-03 % U238
0.00000E+00 6.82286E-07 1.54580E-02 1.47053E-01 % Pu238
0.00000E+00 2.85360E-02 9.11156E-01 1.65563E+00 % Pu239
0.00000E+00 3.52950E-04 1.98485E-01 7.02991E-01 % Pu240
0.00000E+00 8.01020E-07 9.14440E-03 6.61268E-02 % Pu241
0.00000E+00 2.49697E-11 5.71824E-06 8.90857E-05 % Pu242
0.00000E+00 4.07769E-09 9.04452E-04 1.35892E-02 % Am241
0.00000E+00 6.79016E-12 7.00643E-05 2.47010E-03 % Am244
0.00000E+00 2.03774E-15 1.90277E-08 6.74425E-07 % Am245
0.00000E+00 0.00000E+00 0.00000E+00 0.00000E+00 % lost data
4.26061E-03 1.20102E+06 1.23174E+06 1.22205E+06 % total
];

MAT_uco_SF = [
0.00000E+00 0.00000E+00 0.00000E+00 0.00000E+00 % H3
0.00000E+00 0.00000E+00 0.00000E+00 0.00000E+00 % Xe135
2.27129E-01 2.26392E-01 2.14337E-01 2.01508E-01 % U235
1.53787E+05 1.53765E+05 1.53393E+05 1.52965E+05 % U238
0.00000E+00 1.41732E-03 3.21112E+01 3.05475E+02 % Pu238
0.00000E+00 1.05343E-01 3.36362E+00 6.11192E+00 % Pu239
0.00000E+00 2.39129E+01 1.34476E+04 4.76287E+04 % Pu240
0.00000E+00 0.00000E+00 0.00000E+00 0.00000E+00 % Pu241
0.00000E+00 1.72052E-04 3.94010E+01 6.13837E+02 % Pu242
0.00000E+00 1.95566E-08 4.33775E-03 6.51738E-02 % Am241
0.00000E+00 0.00000E+00 0.00000E+00 0.00000E+00 % Am244
0.00000E+00 0.00000E+00 0.00000E+00 0.00000E+00 % Am245
0.00000E+00 0.00000E+00 0.00000E+00 0.00000E+00 % lost data
1.53787E+05 1.53790E+05 1.68743E+05 2.59167E+05 % total
];

MAT_uco_ING_TOX = [
0.00000E+00 1.93084E-04 2.97557E-03 5.21873E-03 % H3
0.00000E+00 4.11342E+09 4.14625E+09 4.13130E+09 % Xe135
1.48264E+02 1.47784E+02 1.39914E+02 1.31540E+02 % U235
1.26748E+02 1.26730E+02 1.26423E+02 1.26070E+02 % U238
0.00000E+00 1.75260E-01 3.97074E+03 3.77738E+04 % Pu238
0.00000E+00 8.49543E+03 2.71260E+05 4.92897E+05 % Pu239
0.00000E+00 1.04881E+02 5.89808E+04 2.08898E+05 % Pu240
0.00000E+00 4.48132E+00 5.11585E+04 3.69947E+05 % Pu241
0.00000E+00 7.50771E-06 1.71932E+00 2.67856E+01 % Pu242
0.00000E+00 9.09608E-04 2.01756E+02 3.03134E+03 % Am241
0.00000E+00 1.75834E-08 1.81435E-01 6.39643E+00 % Am244
0.00000E+00 2.50409E-12 2.33824E-05 8.28773E-04 % Am245
0.00000E+00 0.00000E+00 0.00000E+00 0.00000E+00 % lost data
2.75012E+02 4.52594E+10 6.08483E+10 6.06851E+10 % total
];

MAT_uco_INH_TOX = [
0.00000E+00 1.19528E-03 1.84202E-02 3.23064E-02 % H3
0.00000E+00 2.15465E+09 2.17184E+09 2.16401E+09 % Xe135
2.68138E+04 2.67268E+04 2.53037E+04 2.37891E+04 % U235
2.25329E+04 2.25297E+04 2.24751E+04 2.24125E+04 % U238
0.00000E+00 8.38202E+01 1.89905E+06 1.80657E+07 % Pu238
0.00000E+00 4.07780E+06 1.30205E+08 2.36590E+08 % Pu239
0.00000E+00 5.03429E+04 2.83108E+07 1.00271E+08 % Pu240
0.00000E+00 2.14730E+03 2.45135E+07 1.77267E+08 % Pu241
0.00000E+00 3.44104E-03 7.88020E+02 1.22767E+04 % Pu242
0.00000E+00 4.36612E-01 9.68427E+04 1.45504E+06 % Am241
0.00000E+00 1.41432E-07 1.45936E+00 5.14495E+01 % Am244
0.00000E+00 2.26176E-12 2.11195E-05 7.48570E-04 % Am245
0.00000E+00 0.00000E+00 0.00000E+00 0.00000E+00 % lost data
4.93467E+04 4.41438E+10 5.92066E+10 6.10077E+10 % total
];

TOT_VOLUME = [ 2.69784E+04 2.69784E+04 2.69784E+04 2.69784E+04 ];

TOT_BURNUP = [ 0.00000E+00 3.76066E-01 6.69412E+00 1.37642E+01 ];

TOT_ADENS = [
0.00000E+00 9.55803E-14 1.47297E-12 2.58338E-12 % H3
0.00000E+00 3.44659E-08 3.47410E-08 3.46157E-08 % Xe135
3.74777E-03 3.73561E-03 3.53670E-03 3.32501E-03 % U235
2.12374E-02 2.12344E-02 2.11829E-02 2.11239E-02 % U238
0.00000E+00 1.12776E-13 2.55508E-09 2.43066E-08 % Pu238
0.00000E+00 1.38262E-06 4.41473E-05 8.02184E-05 % Pu239
0.00000E+00 4.64503E-09 2.61217E-06 9.25176E-06 % Pu240
0.00000E+00 2.25143E-11 2.57022E-07 1.85863E-06 % Pu241
0.00000E+00 1.97964E-14 4.53350E-09 7.06285E-08 % Pu242
0.00000E+00 3.32026E-15 7.36450E-10 1.10650E-08 % Am241
0.00000E+00 7.43237E-23 7.66909E-16 2.70372E-14 % Am244
0.00000E+00 1.59394E-26 1.48837E-19 5.27543E-18 % Am245
0.00000E+00 7.94616E-08 1.42266E-06 2.93728E-06 % lost data
7.04339E-02 7.04436E-02 7.06061E-02 7.07876E-02 % total
];

