
DET1001 = [
    1    1    1    1    1    1    1    1    1    1  4.96816E+18 0.00465 
    2    2    1    1    1    1    1    1    1    1  1.86181E+18 0.00562 
    3    3    1    1    1    1    1    1    1    1  1.92651E+17 0.01135 
];


DET1001E = [
 1.00000E-09  6.25000E-07  3.13000E-07
 6.25000E-07  1.00000E-01  5.00003E-02
 1.00000E-01  2.00000E+01  1.00500E+01
];

DET1002 = [
    1    1    1    1    1    1    1    1    1    1  1.54154E+17 0.00767 
    2    2    1    1    1    1    1    1    1    1  3.70223E+17 0.00487 
    3    3    1    1    1    1    1    1    1    1  1.78668E+17 0.00614 
];


DET1002E = [
 1.00000E-09  6.25000E-07  3.13000E-07
 6.25000E-07  1.00000E-01  5.00003E-02
 1.00000E-01  2.00000E+01  1.00500E+01
];
