
ZAI = [
10030
541350
922350
922380
942380
942390
942400
942410
942420
952410
952440
952450
666
0
];

NAMES = [
'H3              '
'Xe135           '
'U235            '
'U238            '
'Pu238           '
'Pu239           '
'Pu240           '
'Pu241           '
'Pu242           '
'Am241           '
'Am244           '
'Am245           '
'lost            '
'total           '
];

i10030  = 1; iH3               = 1;
i541350 = 2; iXe135            = 2;
i922350 = 3; iU235             = 3;
i922380 = 4; iU238             = 4;
i942380 = 5; iPu238            = 5;
i942390 = 6; iPu239            = 6;
i942400 = 7; iPu240            = 7;
i942410 = 8; iPu241            = 8;
i942420 = 9; iPu242            = 9;
i952410 = 10; iAm241            = 10;
i952440 = 11; iAm244            = 11;
i952450 = 12; iAm245            = 12;
iLOST    = 13;
iTOT     = 14;

MAT_uco_VOLUME = [ 4.22705E+04 4.22705E+04 4.22705E+04 4.22705E+04 ];

MAT_uco_BURNUP = [ 0.00000E+00 2.40022E-01 4.27239E+00 8.78487E+00 ];

MAT_uco_ADENS = [
0.00000E+00 8.53907E-14 1.39115E-12 2.58042E-12 % H3
0.00000E+00 2.82365E-08 2.85698E-08 2.86936E-08 % Xe135
3.74777E-03 3.73991E-03 3.61036E-03 3.47079E-03 % U235
2.12374E-02 2.12352E-02 2.11973E-02 2.11541E-02 % U238
0.00000E+00 7.24264E-14 1.16511E-09 1.07304E-08 % Pu238
0.00000E+00 1.01965E-06 3.43257E-05 6.58654E-05 % Pu239
0.00000E+00 2.25434E-09 1.26975E-06 4.72240E-06 % Pu240
0.00000E+00 8.90677E-12 1.00311E-07 7.75794E-07 % Pu241
0.00000E+00 4.90103E-15 1.07963E-09 1.76172E-08 % Pu242
0.00000E+00 1.32964E-15 2.88313E-10 4.65271E-09 % Am241
0.00000E+00 1.27792E-23 1.22566E-16 4.50646E-15 % Am244
0.00000E+00 1.75104E-27 1.51953E-20 5.58416E-19 % Am245
0.00000E+00 5.07324E-08 9.06722E-07 1.87063E-06 % lost data
7.04339E-02 7.04401E-02 7.05438E-02 7.06597E-02 % total
];

MAT_uco_MDENS = [
0.00000E+00 4.27589E-13 6.96608E-12 1.29213E-11 % H3
0.00000E+00 6.32560E-06 6.40027E-06 6.42799E-06 % Xe135
1.46278E+00 1.45971E+00 1.40914E+00 1.35467E+00 % U235
8.39511E+00 8.39424E+00 8.37927E+00 8.36219E+00 % U238
0.00000E+00 2.86299E-11 4.60563E-07 4.24168E-06 % Pu238
0.00000E+00 4.04763E-04 1.36260E-02 2.61461E-02 % Pu239
0.00000E+00 8.98640E-07 5.06156E-04 1.88247E-03 % Pu240
0.00000E+00 3.56518E-09 4.01521E-05 3.10533E-04 % Pu241
0.00000E+00 1.96999E-12 4.33962E-07 7.08131E-06 % Pu242
0.00000E+00 5.32241E-13 1.15409E-07 1.86244E-06 % Am241
0.00000E+00 5.17924E-21 4.96742E-14 1.82640E-12 % Am244
0.00000E+00 7.12583E-25 6.18373E-18 2.27247E-16 % Am245
0.00000E+00 0.00000E+00 0.00000E+00 0.00000E+00 % lost data
1.10000E+01 1.10000E+01 1.09994E+01 1.09988E+01 % total
];

MAT_uco_A = [
0.00000E+00 6.43515E+06 1.04839E+08 1.94464E+08 % H3
0.00000E+00 2.51435E+16 2.54403E+16 2.55505E+16 % Xe135
4.94265E+09 4.93229E+09 4.76143E+09 4.57737E+09 % U235
4.41314E+09 4.41268E+09 4.40481E+09 4.39584E+09 % U238
0.00000E+00 7.66755E+05 1.23346E+10 1.13599E+11 % Pu238
0.00000E+00 3.92658E+10 1.32185E+12 2.53641E+12 % Pu239
0.00000E+00 3.19014E+08 1.79684E+11 6.68272E+11 % Pu240
0.00000E+00 5.78692E+08 6.51740E+12 5.04050E+13 % Pu241
0.00000E+00 1.21344E+01 2.67305E+06 4.36183E+07 % Pu242
0.00000E+00 2.85368E+03 6.18782E+08 9.98571E+09 % Am241
0.00000E+00 1.02978E+01 9.87663E+07 3.63140E+09 % Am244
0.00000E+00 6.95188E-03 6.03278E+04 2.21700E+06 % Am245
0.00000E+00 0.00000E+00 0.00000E+00 0.00000E+00 % lost data
9.35579E+09 3.41316E+18 3.80086E+18 3.85731E+18 % total
];

MAT_uco_H = [
0.00000E+00 5.86653E-09 9.55749E-08 1.77281E-07 % H3
0.00000E+00 2.26673E+03 2.29348E+03 2.30342E+03 % Xe135
3.65275E-03 3.64509E-03 3.51882E-03 3.38280E-03 % U235
3.02289E-03 3.02257E-03 3.01718E-03 3.01104E-03 % U238
0.00000E+00 6.86542E-07 1.10442E-02 1.01715E-01 % Pu238
0.00000E+00 3.29733E-02 1.11002E+00 2.12994E+00 % Pu239
0.00000E+00 2.68390E-04 1.51170E-01 5.62224E-01 % Pu240
0.00000E+00 4.96508E-07 5.59182E-03 4.32466E-02 % Pu241
0.00000E+00 9.68583E-12 2.13366E-06 3.48166E-05 % Pu242
0.00000E+00 2.55856E-09 5.54789E-04 8.95301E-03 % Am241
0.00000E+00 1.82927E-12 1.75446E-05 6.45073E-04 % Am244
0.00000E+00 3.50745E-16 3.04373E-09 1.11855E-07 % Am245
0.00000E+00 0.00000E+00 0.00000E+00 0.00000E+00 % lost data
6.67564E-03 1.20607E+06 1.24399E+06 1.23999E+06 % total
];

MAT_uco_SF = [
0.00000E+00 0.00000E+00 0.00000E+00 0.00000E+00 % H3
0.00000E+00 0.00000E+00 0.00000E+00 0.00000E+00 % Xe135
3.55871E-01 3.55125E-01 3.42823E-01 3.29570E-01 % U235
2.40957E+05 2.40932E+05 2.40503E+05 2.40013E+05 % U238
0.00000E+00 1.42616E-03 2.29424E+01 2.11294E+02 % Pu238
0.00000E+00 1.21724E-01 4.09773E+00 7.86288E+00 % Pu239
0.00000E+00 1.81838E+01 1.02420E+04 3.80915E+04 % Pu240
0.00000E+00 0.00000E+00 0.00000E+00 0.00000E+00 % Pu241
0.00000E+00 6.67393E-05 1.47018E+01 2.39901E+02 % Pu242
0.00000E+00 1.22708E-08 2.66076E-03 4.29386E-02 % Am241
0.00000E+00 0.00000E+00 0.00000E+00 0.00000E+00 % Am244
0.00000E+00 0.00000E+00 0.00000E+00 0.00000E+00 % Am245
0.00000E+00 0.00000E+00 0.00000E+00 0.00000E+00 % lost data
2.40958E+05 2.40951E+05 2.51515E+05 3.02642E+05 % total
];

MAT_uco_ING_TOX = [
0.00000E+00 2.70276E-04 4.40322E-03 8.16748E-03 % H3
0.00000E+00 5.28014E+09 5.34246E+09 5.36560E+09 % Xe135
2.32305E+02 2.31817E+02 2.23787E+02 2.15136E+02 % U235
1.98591E+02 1.98571E+02 1.98217E+02 1.97813E+02 % U238
0.00000E+00 1.76354E-01 2.83696E+03 2.61277E+04 % Pu238
0.00000E+00 9.81646E+03 3.30462E+05 6.34103E+05 % Pu239
0.00000E+00 7.97536E+01 4.49209E+04 1.67068E+05 % Pu240
0.00000E+00 2.77772E+00 3.12835E+04 2.41944E+05 % Pu241
0.00000E+00 2.91226E-06 6.41531E-01 1.04684E+01 % Pu242
0.00000E+00 5.70737E-04 1.23756E+02 1.99714E+03 % Am241
0.00000E+00 4.73698E-09 4.54325E-02 1.67045E+00 % Am244
0.00000E+00 4.31016E-13 3.74032E-06 1.37454E-04 % Am245
0.00000E+00 0.00000E+00 0.00000E+00 0.00000E+00 % lost data
4.30896E+02 4.64811E+10 6.22733E+10 6.23259E+10 % total
];

MAT_uco_INH_TOX = [
0.00000E+00 1.67314E-03 2.72580E-02 5.05606E-02 % H3
0.00000E+00 2.76579E+09 2.79843E+09 2.81055E+09 % Xe135
4.20125E+04 4.19244E+04 4.04722E+04 3.89076E+04 % U235
3.53051E+04 3.53015E+04 3.52385E+04 3.51667E+04 % U238
0.00000E+00 8.43430E+01 1.35681E+06 1.24959E+07 % Pu238
0.00000E+00 4.71190E+06 1.58622E+08 3.04369E+08 % Pu239
0.00000E+00 3.82817E+04 2.15620E+07 8.01926E+07 % Pu240
0.00000E+00 1.33099E+03 1.49900E+07 1.15931E+08 % Pu241
0.00000E+00 1.33479E-03 2.94035E+02 4.79802E+03 % Pu242
0.00000E+00 2.73954E-01 5.94031E+04 9.58628E+05 % Am241
0.00000E+00 3.81018E-08 3.65435E-01 1.34362E+01 % Am244
0.00000E+00 3.89305E-13 3.37835E-06 1.24152E-04 % Am245
0.00000E+00 0.00000E+00 0.00000E+00 0.00000E+00 % lost data
7.73176E+04 4.48348E+10 6.00440E+10 6.19804E+10 % total
];

TOT_VOLUME = [ 4.22705E+04 4.22705E+04 4.22705E+04 4.22705E+04 ];

TOT_BURNUP = [ 0.00000E+00 2.40022E-01 4.27239E+00 8.78487E+00 ];

TOT_ADENS = [
0.00000E+00 8.53907E-14 1.39115E-12 2.58042E-12 % H3
0.00000E+00 2.82365E-08 2.85698E-08 2.86936E-08 % Xe135
3.74777E-03 3.73991E-03 3.61036E-03 3.47079E-03 % U235
2.12374E-02 2.12352E-02 2.11973E-02 2.11541E-02 % U238
0.00000E+00 7.24264E-14 1.16511E-09 1.07304E-08 % Pu238
0.00000E+00 1.01965E-06 3.43257E-05 6.58654E-05 % Pu239
0.00000E+00 2.25434E-09 1.26975E-06 4.72240E-06 % Pu240
0.00000E+00 8.90677E-12 1.00311E-07 7.75794E-07 % Pu241
0.00000E+00 4.90103E-15 1.07963E-09 1.76172E-08 % Pu242
0.00000E+00 1.32964E-15 2.88313E-10 4.65271E-09 % Am241
0.00000E+00 1.27792E-23 1.22566E-16 4.50646E-15 % Am244
0.00000E+00 1.75104E-27 1.51953E-20 5.58416E-19 % Am245
0.00000E+00 5.07324E-08 9.06722E-07 1.87063E-06 % lost data
7.04339E-02 7.04401E-02 7.05438E-02 7.06597E-02 % total
];

