
DET1001 = [
    1    1    1    1    1    1    1    1    1    1  3.98849E+18 0.00493 
    2    2    1    1    1    1    1    1    1    1  1.73708E+18 0.00594 
    3    3    1    1    1    1    1    1    1    1  1.59869E+17 0.01139 
];


DET1001E = [
 1.00000E-09  6.25000E-07  3.13000E-07
 6.25000E-07  1.00000E-01  5.00003E-02
 1.00000E-01  2.00000E+01  1.00500E+01
];

DET1002 = [
    1    1    1    1    1    1    1    1    1    1  9.17564E+16 0.00962 
    2    2    1    1    1    1    1    1    1    1  3.42679E+17 0.00512 
    3    3    1    1    1    1    1    1    1    1  1.64909E+17 0.00622 
];


DET1002E = [
 1.00000E-09  6.25000E-07  3.13000E-07
 6.25000E-07  1.00000E-01  5.00003E-02
 1.00000E-01  2.00000E+01  1.00500E+01
];
