
DET1001 = [
    1    1    1    1    1    1    1    1    1    1  4.07616E+18 0.00460 
    2    2    1    1    1    1    1    1    1    1  1.80069E+18 0.00626 
    3    3    1    1    1    1    1    1    1    1  1.64441E+17 0.01158 
];


DET1001E = [
 1.00000E-09  6.25000E-07  3.13000E-07
 6.25000E-07  1.00000E-01  5.00003E-02
 1.00000E-01  2.00000E+01  1.00500E+01
];

DET1002 = [
    1    1    1    1    1    1    1    1    1    1  8.90616E+16 0.00917 
    2    2    1    1    1    1    1    1    1    1  3.62076E+17 0.00483 
    3    3    1    1    1    1    1    1    1    1  1.74562E+17 0.00615 
];


DET1002E = [
 1.00000E-09  6.25000E-07  3.13000E-07
 6.25000E-07  1.00000E-01  5.00003E-02
 1.00000E-01  2.00000E+01  1.00500E+01
];
