
DET1001 = [
    1    1    1    1    1    1    1    1    1    1  3.94796E+18 0.00476 
    2    2    1    1    1    1    1    1    1    1  1.75823E+18 0.00601 
    3    3    1    1    1    1    1    1    1    1  1.62334E+17 0.01134 
];


DET1001E = [
 1.00000E-09  6.25000E-07  3.13000E-07
 6.25000E-07  1.00000E-01  5.00003E-02
 1.00000E-01  2.00000E+01  1.00500E+01
];

DET1002 = [
    1    1    1    1    1    1    1    1    1    1  9.11172E+16 0.00943 
    2    2    1    1    1    1    1    1    1    1  3.51781E+17 0.00525 
    3    3    1    1    1    1    1    1    1    1  1.70456E+17 0.00635 
];


DET1002E = [
 1.00000E-09  6.25000E-07  3.13000E-07
 6.25000E-07  1.00000E-01  5.00003E-02
 1.00000E-01  2.00000E+01  1.00500E+01
];
