
DET1001 = [
    1    1    1    1    1    1    1    1    1    1  4.09611E+18 0.00505 
    2    2    1    1    1    1    1    1    1    1  1.81303E+18 0.00598 
    3    3    1    1    1    1    1    1    1    1  1.67295E+17 0.01182 
];


DET1001E = [
 1.00000E-09  6.25000E-07  3.13000E-07
 6.25000E-07  1.00000E-01  5.00003E-02
 1.00000E-01  2.00000E+01  1.00500E+01
];

DET1002 = [
    1    1    1    1    1    1    1    1    1    1  8.79457E+16 0.00957 
    2    2    1    1    1    1    1    1    1    1  3.67907E+17 0.00496 
    3    3    1    1    1    1    1    1    1    1  1.76715E+17 0.00661 
];


DET1002E = [
 1.00000E-09  6.25000E-07  3.13000E-07
 6.25000E-07  1.00000E-01  5.00003E-02
 1.00000E-01  2.00000E+01  1.00500E+01
];
