
DET1001 = [
    1    1    1    1    1    1    1    1    1    1  5.38899E+18 0.00431 
    2    2    1    1    1    1    1    1    1    1  1.75871E+18 0.00607 
    3    3    1    1    1    1    1    1    1    1  1.60900E+17 0.01231 
];


DET1001E = [
 1.00000E-09  6.25000E-07  3.13000E-07
 6.25000E-07  1.00000E-01  5.00003E-02
 1.00000E-01  2.00000E+01  1.00500E+01
];

DET1002 = [
    1    1    1    1    1    1    1    1    1    1  2.60295E+17 0.00566 
    2    2    1    1    1    1    1    1    1    1  4.18512E+17 0.00463 
    3    3    1    1    1    1    1    1    1    1  1.91456E+17 0.00607 
];


DET1002E = [
 1.00000E-09  6.25000E-07  3.13000E-07
 6.25000E-07  1.00000E-01  5.00003E-02
 1.00000E-01  2.00000E+01  1.00500E+01
];
