
DET1001 = [
    1    1    1    1    1    1    1    1    1    1  4.86220E+18 0.00467 
    2    2    1    1    1    1    1    1    1    1  1.89944E+18 0.00587 
    3    3    1    1    1    1    1    1    1    1  1.95904E+17 0.01221 
];


DET1001E = [
 1.00000E-09  6.25000E-07  3.13000E-07
 6.25000E-07  1.00000E-01  5.00003E-02
 1.00000E-01  2.00000E+01  1.00500E+01
];

DET1002 = [
    1    1    1    1    1    1    1    1    1    1  1.40674E+17 0.00814 
    2    2    1    1    1    1    1    1    1    1  3.91372E+17 0.00520 
    3    3    1    1    1    1    1    1    1    1  1.89417E+17 0.00688 
];


DET1002E = [
 1.00000E-09  6.25000E-07  3.13000E-07
 6.25000E-07  1.00000E-01  5.00003E-02
 1.00000E-01  2.00000E+01  1.00500E+01
];
