
DET1001 = [
    1    1    1    1    1    1    1    1    1    1  4.60306E+18 0.00437 
    2    2    1    1    1    1    1    1    1    1  1.77654E+18 0.00581 
    3    3    1    1    1    1    1    1    1    1  1.84286E+17 0.01179 
];


DET1001E = [
 1.00000E-09  6.25000E-07  3.13000E-07
 6.25000E-07  1.00000E-01  5.00003E-02
 1.00000E-01  2.00000E+01  1.00500E+01
];

DET1002 = [
    1    1    1    1    1    1    1    1    1    1  1.40260E+17 0.00803 
    2    2    1    1    1    1    1    1    1    1  3.55584E+17 0.00513 
    3    3    1    1    1    1    1    1    1    1  1.72300E+17 0.00630 
];


DET1002E = [
 1.00000E-09  6.25000E-07  3.13000E-07
 6.25000E-07  1.00000E-01  5.00003E-02
 1.00000E-01  2.00000E+01  1.00500E+01
];
