
ZAI = [
10030
541350
922350
922380
942380
942390
942400
942410
942420
952410
952440
952450
666
0
];

NAMES = [
'H3              '
'Xe135           '
'U235            '
'U238            '
'Pu238           '
'Pu239           '
'Pu240           '
'Pu241           '
'Pu242           '
'Am241           '
'Am244           '
'Am245           '
'lost            '
'total           '
];

i10030  = 1; iH3               = 1;
i541350 = 2; iXe135            = 2;
i922350 = 3; iU235             = 3;
i922380 = 4; iU238             = 4;
i942380 = 5; iPu238            = 5;
i942390 = 6; iPu239            = 6;
i942400 = 7; iPu240            = 7;
i942410 = 8; iPu241            = 8;
i942420 = 9; iPu242            = 9;
i952410 = 10; iAm241            = 10;
i952440 = 11; iAm244            = 11;
i952450 = 12; iAm245            = 12;
iLOST    = 13;
iTOT     = 14;

MAT_uco_VOLUME = [ 2.13640E+04 2.13640E+04 2.13640E+04 2.13640E+04 ];

MAT_uco_BURNUP = [ 0.00000E+00 4.74914E-01 8.45334E+00 1.73815E+01 ];

MAT_uco_ADENS = [
0.00000E+00 1.11901E-13 1.70987E-12 3.18968E-12 % H3
0.00000E+00 4.18101E-08 4.20009E-08 4.16143E-08 % Xe135
4.31104E-03 4.29565E-03 4.04393E-03 3.77621E-03 % U235
2.06805E-02 2.06770E-02 2.06164E-02 2.05463E-02 % U238
0.00000E+00 1.56318E-13 4.01223E-09 3.89189E-08 % Pu238
0.00000E+00 1.62264E-06 5.12409E-05 9.20842E-05 % Pu239
0.00000E+00 6.01929E-09 3.31043E-06 1.14990E-05 % Pu240
0.00000E+00 3.36309E-11 3.66643E-07 2.60494E-06 % Pu241
0.00000E+00 3.24689E-14 7.11229E-09 1.09569E-07 % Pu242
0.00000E+00 4.96759E-15 1.05038E-09 1.54652E-08 % Am241
0.00000E+00 1.59651E-22 1.58785E-15 5.54454E-14 % Am244
0.00000E+00 3.76720E-26 3.39527E-19 1.20036E-17 % Am245
0.00000E+00 1.00355E-07 1.79687E-06 3.71004E-06 % lost data
7.04520E-02 7.04642E-02 7.06693E-02 7.08985E-02 % total
];

MAT_uco_MDENS = [
0.00000E+00 5.60336E-13 8.56207E-12 1.59721E-11 % H3
0.00000E+00 9.36638E-06 9.40912E-06 9.32252E-06 % Xe135
1.68262E+00 1.67662E+00 1.57837E+00 1.47388E+00 % U235
8.17497E+00 8.17359E+00 8.14962E+00 8.12195E+00 % U238
0.00000E+00 6.17922E-11 1.58602E-06 1.53845E-05 % Pu238
0.00000E+00 6.44126E-04 2.03407E-02 3.65539E-02 % Pu239
0.00000E+00 2.39944E-06 1.31962E-03 4.58380E-03 % Pu240
0.00000E+00 1.34617E-08 1.46759E-04 1.04270E-03 % Pu241
0.00000E+00 1.30510E-11 2.85881E-06 4.40418E-05 % Pu242
0.00000E+00 1.98848E-12 4.20458E-07 6.19057E-06 % Am241
0.00000E+00 6.47042E-20 6.43534E-13 2.24712E-11 % Am244
0.00000E+00 1.53306E-23 1.38170E-16 4.88485E-15 % Am245
0.00000E+00 0.00000E+00 0.00000E+00 0.00000E+00 % lost data
1.10000E+01 1.09999E+01 1.09988E+01 1.09975E+01 % total
];

MAT_uco_A = [
0.00000E+00 4.26213E+06 6.51264E+07 1.21490E+08 % H3
0.00000E+00 1.88166E+16 1.89025E+16 1.87285E+16 % Xe135
2.87352E+09 2.86327E+09 2.69548E+09 2.51703E+09 % U235
2.17196E+09 2.17160E+09 2.16523E+09 2.15788E+09 % U238
0.00000E+00 8.36402E+05 2.14679E+10 2.08240E+11 % Pu238
0.00000E+00 3.15812E+10 9.97297E+11 1.79222E+12 % Pu239
0.00000E+00 4.30507E+08 2.36766E+11 8.22423E+11 % Pu240
0.00000E+00 1.10436E+09 1.20397E+13 8.55400E+13 % Pu241
0.00000E+00 4.06298E+01 8.89992E+06 1.37109E+08 % Pu242
0.00000E+00 5.38845E+03 1.13937E+09 1.67754E+10 % Am241
0.00000E+00 6.50214E+01 6.46688E+08 2.25813E+10 % Am244
0.00000E+00 7.55910E-02 6.81281E+05 2.40859E+07 % Am245
0.00000E+00 0.00000E+00 0.00000E+00 0.00000E+00 % lost data
5.04549E+09 3.33174E+18 3.68865E+18 3.73380E+18 % total
];

MAT_uco_H = [
0.00000E+00 3.88552E-09 5.93717E-08 1.10755E-07 % H3
0.00000E+00 1.69635E+03 1.70409E+03 1.68840E+03 % Xe135
2.12361E-03 2.11603E-03 1.99203E-03 1.86015E-03 % U235
1.48774E-03 1.48749E-03 1.48313E-03 1.47809E-03 % U238
0.00000E+00 7.48903E-07 1.92221E-02 1.86456E-01 % Pu238
0.00000E+00 2.65202E-02 8.37475E-01 1.50501E+00 % Pu239
0.00000E+00 3.62190E-04 1.99194E-01 6.91913E-01 % Pu240
0.00000E+00 9.47523E-07 1.03298E-02 7.33918E-02 % Pu241
0.00000E+00 3.24311E-11 7.10401E-06 1.09442E-04 % Pu242
0.00000E+00 4.83119E-09 1.02154E-03 1.50405E-02 % Am241
0.00000E+00 1.15502E-11 1.14876E-04 4.01129E-03 % Am244
0.00000E+00 3.81382E-15 3.43729E-08 1.21521E-06 % Am245
0.00000E+00 0.00000E+00 0.00000E+00 0.00000E+00 % lost data
3.61135E-03 1.19909E+06 1.22656E+06 1.21634E+06 % total
];

MAT_uco_SF = [
0.00000E+00 0.00000E+00 0.00000E+00 0.00000E+00 % H3
0.00000E+00 0.00000E+00 0.00000E+00 0.00000E+00 % Xe135
2.06893E-01 2.06155E-01 1.94074E-01 1.81226E-01 % U235
1.18589E+05 1.18569E+05 1.18222E+05 1.17820E+05 % U238
0.00000E+00 1.55571E-03 3.99304E+01 3.87327E+02 % Pu238
0.00000E+00 9.79019E-02 3.09162E+00 5.55590E+00 % Pu239
0.00000E+00 2.45389E+01 1.34957E+04 4.68781E+04 % Pu240
0.00000E+00 0.00000E+00 0.00000E+00 0.00000E+00 % Pu241
0.00000E+00 2.23464E-04 4.89496E+01 7.54099E+02 % Pu242
0.00000E+00 2.31704E-08 4.89930E-03 7.21343E-02 % Am241
0.00000E+00 0.00000E+00 0.00000E+00 0.00000E+00 % Am244
0.00000E+00 0.00000E+00 0.00000E+00 0.00000E+00 % Am245
0.00000E+00 0.00000E+00 0.00000E+00 0.00000E+00 % lost data
1.18589E+05 1.18594E+05 1.34111E+05 2.37583E+05 % total
];

MAT_uco_ING_TOX = [
0.00000E+00 1.79009E-04 2.73531E-03 5.10258E-03 % H3
0.00000E+00 3.95148E+09 3.96952E+09 3.93298E+09 % Xe135
1.35055E+02 1.34574E+02 1.26687E+02 1.18300E+02 % U235
9.77384E+01 9.77218E+01 9.74354E+01 9.71045E+01 % U238
0.00000E+00 1.92372E-01 4.93763E+03 4.78953E+04 % Pu238
0.00000E+00 7.89531E+03 2.49324E+05 4.48056E+05 % Pu239
0.00000E+00 1.07627E+02 5.91916E+04 2.05606E+05 % Pu240
0.00000E+00 5.30093E+00 5.77905E+04 4.10592E+05 % Pu241
0.00000E+00 9.75115E-06 2.13598E+00 3.29061E+01 % Pu242
0.00000E+00 1.07769E-03 2.27875E+02 3.35509E+03 % Am241
0.00000E+00 2.99098E-08 2.97477E-01 1.03874E+01 % Am244
0.00000E+00 4.68664E-12 4.22394E-05 1.49333E-03 % Am245
0.00000E+00 0.00000E+00 0.00000E+00 0.00000E+00 % lost data
2.32794E+02 4.50835E+10 6.05218E+10 6.03032E+10 % total
];

MAT_uco_INH_TOX = [
0.00000E+00 1.10815E-03 1.69329E-02 3.15874E-02 % H3
0.00000E+00 2.06982E+09 2.07927E+09 2.06013E+09 % Xe135
2.44249E+04 2.43378E+04 2.29116E+04 2.13948E+04 % U235
1.73757E+04 1.73728E+04 1.73218E+04 1.72630E+04 % U238
0.00000E+00 9.20042E+01 2.36147E+06 2.29064E+07 % Pu238
0.00000E+00 3.78975E+06 1.19676E+08 2.15067E+08 % Pu239
0.00000E+00 5.16608E+04 2.84119E+07 9.86908E+07 % Pu240
0.00000E+00 2.54003E+03 2.76913E+07 1.96742E+08 % Pu241
0.00000E+00 4.46927E-03 9.78991E+02 1.50820E+04 % Pu242
0.00000E+00 5.17292E-01 1.09380E+05 1.61044E+06 % Am241
0.00000E+00 2.40579E-07 2.39275E+00 8.35510E+01 % Am244
0.00000E+00 4.23310E-12 3.81517E-05 1.34881E-03 % Am245
0.00000E+00 0.00000E+00 0.00000E+00 0.00000E+00 % lost data
4.18006E+04 4.40409E+10 5.89588E+10 6.07255E+10 % total
];

TOT_VOLUME = [ 2.13640E+04 2.13640E+04 2.13640E+04 2.13640E+04 ];

TOT_BURNUP = [ 0.00000E+00 4.74914E-01 8.45334E+00 1.73815E+01 ];

TOT_ADENS = [
0.00000E+00 1.11901E-13 1.70987E-12 3.18968E-12 % H3
0.00000E+00 4.18101E-08 4.20009E-08 4.16143E-08 % Xe135
4.31104E-03 4.29565E-03 4.04393E-03 3.77621E-03 % U235
2.06805E-02 2.06770E-02 2.06164E-02 2.05463E-02 % U238
0.00000E+00 1.56318E-13 4.01223E-09 3.89189E-08 % Pu238
0.00000E+00 1.62264E-06 5.12409E-05 9.20842E-05 % Pu239
0.00000E+00 6.01929E-09 3.31043E-06 1.14990E-05 % Pu240
0.00000E+00 3.36309E-11 3.66643E-07 2.60494E-06 % Pu241
0.00000E+00 3.24689E-14 7.11229E-09 1.09569E-07 % Pu242
0.00000E+00 4.96759E-15 1.05038E-09 1.54652E-08 % Am241
0.00000E+00 1.59651E-22 1.58785E-15 5.54454E-14 % Am244
0.00000E+00 3.76720E-26 3.39527E-19 1.20036E-17 % Am245
0.00000E+00 1.00355E-07 1.79687E-06 3.71004E-06 % lost data
7.04520E-02 7.04642E-02 7.06693E-02 7.08985E-02 % total
];

