
DET1001 = [
    1    1    1    1    1    1    1    1    1    1  4.81334E+18 0.00472 
    2    2    1    1    1    1    1    1    1    1  1.86382E+18 0.00597 
    3    3    1    1    1    1    1    1    1    1  1.97670E+17 0.01190 
];


DET1001E = [
 1.00000E-09  6.25000E-07  3.13000E-07
 6.25000E-07  1.00000E-01  5.00003E-02
 1.00000E-01  2.00000E+01  1.00500E+01
];

DET1002 = [
    1    1    1    1    1    1    1    1    1    1  1.35591E+17 0.00788 
    2    2    1    1    1    1    1    1    1    1  3.74707E+17 0.00524 
    3    3    1    1    1    1    1    1    1    1  1.83006E+17 0.00666 
];


DET1002E = [
 1.00000E-09  6.25000E-07  3.13000E-07
 6.25000E-07  1.00000E-01  5.00003E-02
 1.00000E-01  2.00000E+01  1.00500E+01
];
