
DET1001 = [
    1    1    1    1    1    1    1    1    1    1  5.11862E+18 0.00441 
    2    2    1    1    1    1    1    1    1    1  1.88558E+18 0.00575 
    3    3    1    1    1    1    1    1    1    1  1.90092E+17 0.01124 
];


DET1001E = [
 1.00000E-09  6.25000E-07  3.13000E-07
 6.25000E-07  1.00000E-01  5.00003E-02
 1.00000E-01  2.00000E+01  1.00500E+01
];

DET1002 = [
    1    1    1    1    1    1    1    1    1    1  1.75572E+17 0.00713 
    2    2    1    1    1    1    1    1    1    1  3.80166E+17 0.00490 
    3    3    1    1    1    1    1    1    1    1  1.81319E+17 0.00656 
];


DET1002E = [
 1.00000E-09  6.25000E-07  3.13000E-07
 6.25000E-07  1.00000E-01  5.00003E-02
 1.00000E-01  2.00000E+01  1.00500E+01
];
