
DET1001 = [
    1    1    1    1    1    1    1    1    1    1  5.46936E+18 0.00465 
    2    2    1    1    1    1    1    1    1    1  2.02313E+18 0.00606 
    3    3    1    1    1    1    1    1    1    1  2.08230E+17 0.01153 
];


DET1001E = [
 1.00000E-09  6.25000E-07  3.13000E-07
 6.25000E-07  1.00000E-01  5.00003E-02
 1.00000E-01  2.00000E+01  1.00500E+01
];

DET1002 = [
    1    1    1    1    1    1    1    1    1    1  1.79012E+17 0.00690 
    2    2    1    1    1    1    1    1    1    1  4.17909E+17 0.00518 
    3    3    1    1    1    1    1    1    1    1  1.98198E+17 0.00612 
];


DET1002E = [
 1.00000E-09  6.25000E-07  3.13000E-07
 6.25000E-07  1.00000E-01  5.00003E-02
 1.00000E-01  2.00000E+01  1.00500E+01
];
