
DET1001 = [
    1    1    1    1    1    1    1    1    1    1  5.29720E+18 0.00428 
    2    2    1    1    1    1    1    1    1    1  1.94464E+18 0.00555 
    3    3    1    1    1    1    1    1    1    1  2.02887E+17 0.01146 
];


DET1001E = [
 1.00000E-09  6.25000E-07  3.13000E-07
 6.25000E-07  1.00000E-01  5.00003E-02
 1.00000E-01  2.00000E+01  1.00500E+01
];

DET1002 = [
    1    1    1    1    1    1    1    1    1    1  1.76000E+17 0.00750 
    2    2    1    1    1    1    1    1    1    1  4.01919E+17 0.00499 
    3    3    1    1    1    1    1    1    1    1  1.88886E+17 0.00631 
];


DET1002E = [
 1.00000E-09  6.25000E-07  3.13000E-07
 6.25000E-07  1.00000E-01  5.00003E-02
 1.00000E-01  2.00000E+01  1.00500E+01
];
