
ZAI = [
10030
541350
922350
922380
942380
942390
942400
942410
942420
952410
952440
952450
666
0
];

NAMES = [
'H3              '
'Xe135           '
'U235            '
'U238            '
'Pu238           '
'Pu239           '
'Pu240           '
'Pu241           '
'Pu242           '
'Am241           '
'Am244           '
'Am245           '
'lost            '
'total           '
];

i10030  = 1; iH3               = 1;
i541350 = 2; iXe135            = 2;
i922350 = 3; iU235             = 3;
i922380 = 4; iU238             = 4;
i942380 = 5; iPu238            = 5;
i942390 = 6; iPu239            = 6;
i942400 = 7; iPu240            = 7;
i942410 = 8; iPu241            = 8;
i942420 = 9; iPu242            = 9;
i952410 = 10; iAm241            = 10;
i952440 = 11; iAm244            = 11;
i952450 = 12; iAm245            = 12;
iLOST    = 13;
iTOT     = 14;

MAT_uco_VOLUME = [ 2.41547E+04 2.41547E+04 2.41547E+04 2.41547E+04 ];

MAT_uco_BURNUP = [ 0.00000E+00 4.20030E-01 7.47639E+00 1.53729E+01 ];

MAT_uco_ADENS = [
0.00000E+00 9.93078E-14 1.50810E-12 2.59854E-12 % H3
0.00000E+00 3.58680E-08 3.60119E-08 3.57037E-08 % Xe135
3.74777E-03 3.73423E-03 3.51300E-03 3.27788E-03 % U235
2.12374E-02 2.12343E-02 2.11808E-02 2.11190E-02 % U238
0.00000E+00 1.30175E-13 3.05655E-09 2.93790E-08 % Pu238
0.00000E+00 1.43457E-06 4.50678E-05 8.06839E-05 % Pu239
0.00000E+00 5.33128E-09 2.99135E-06 1.04680E-05 % Pu240
0.00000E+00 2.71005E-11 3.10327E-07 2.20420E-06 % Pu241
0.00000E+00 2.66079E-14 6.16348E-09 9.51497E-08 % Pu242
0.00000E+00 3.98607E-15 8.88308E-10 1.30742E-08 % Am241
0.00000E+00 1.08757E-22 1.15148E-15 4.04543E-14 % Am244
0.00000E+00 2.58295E-26 2.49343E-19 8.84050E-18 % Am245
0.00000E+00 8.87467E-08 1.58900E-06 3.28121E-06 % lost data
7.04339E-02 7.04447E-02 7.06262E-02 7.08289E-02 % total
];

MAT_uco_MDENS = [
0.00000E+00 4.97278E-13 7.55173E-12 1.30120E-11 % H3
0.00000E+00 8.03522E-06 8.06745E-06 7.99842E-06 % Xe135
1.46278E+00 1.45749E+00 1.37115E+00 1.27937E+00 % U235
8.39511E+00 8.39389E+00 8.37274E+00 8.34830E+00 % U238
0.00000E+00 5.14578E-11 1.20824E-06 1.16134E-05 % Pu238
0.00000E+00 5.69468E-04 1.78902E-02 3.20284E-02 % Pu239
0.00000E+00 2.12519E-06 1.19243E-03 4.17282E-03 % Pu240
0.00000E+00 1.08477E-08 1.24217E-04 8.82292E-04 % Pu241
0.00000E+00 1.06951E-11 2.47744E-06 3.82458E-05 % Pu242
0.00000E+00 1.59559E-12 3.55582E-07 5.23350E-06 % Am241
0.00000E+00 4.40778E-20 4.66677E-13 1.63955E-11 % Am244
0.00000E+00 1.05113E-23 1.01470E-16 3.59763E-15 % Am245
0.00000E+00 0.00000E+00 0.00000E+00 0.00000E+00 % lost data
1.10000E+01 1.09999E+01 1.09989E+01 1.09978E+01 % total
];

MAT_uco_A = [
0.00000E+00 4.27657E+06 6.49446E+07 1.11903E+08 % H3
0.00000E+00 1.82510E+16 1.83242E+16 1.81674E+16 % Xe135
2.82438E+09 2.81419E+09 2.64746E+09 2.47027E+09 % U235
2.52181E+09 2.52144E+09 2.51508E+09 2.50774E+09 % U238
0.00000E+00 7.87502E+05 1.84908E+10 1.77730E+11 % Pu238
0.00000E+00 3.15680E+10 9.91727E+11 1.77547E+12 % Pu239
0.00000E+00 4.31107E+08 2.41892E+11 8.46483E+11 % Pu240
0.00000E+00 1.00616E+09 1.15215E+13 8.18356E+13 % Pu241
0.00000E+00 3.76449E+01 8.72010E+06 1.34618E+08 % Pu242
0.00000E+00 4.88858E+03 1.08943E+09 1.60344E+10 % Am241
0.00000E+00 5.00797E+01 5.30222E+08 1.86281E+10 % Am244
0.00000E+00 5.85984E-02 5.65675E+05 2.00561E+07 % Am245
0.00000E+00 0.00000E+00 0.00000E+00 0.00000E+00 % lost data
5.34619E+09 3.33107E+18 3.68657E+18 3.73093E+18 % total
];

MAT_uco_H = [
0.00000E+00 3.89868E-09 5.92060E-08 1.02015E-07 % H3
0.00000E+00 1.64535E+03 1.65195E+03 1.63782E+03 % Xe135
2.08729E-03 2.07976E-03 1.95654E-03 1.82559E-03 % U235
1.72737E-03 1.72712E-03 1.72277E-03 1.71774E-03 % U238
0.00000E+00 7.05119E-07 1.65564E-02 1.59137E-01 % Pu238
0.00000E+00 2.65090E-02 8.32797E-01 1.49094E+00 % Pu239
0.00000E+00 3.62695E-04 2.03506E-01 7.12155E-01 % Pu240
0.00000E+00 8.63270E-07 9.88528E-03 7.02136E-02 % Pu241
0.00000E+00 3.00485E-11 6.96048E-06 1.07453E-04 % Pu242
0.00000E+00 4.38301E-09 9.76766E-04 1.43762E-02 % Am241
0.00000E+00 8.89603E-12 9.41873E-05 3.30904E-03 % Am244
0.00000E+00 2.95648E-15 2.85402E-08 1.01190E-06 % Am245
0.00000E+00 0.00000E+00 0.00000E+00 0.00000E+00 % lost data
3.81467E-03 1.19902E+06 1.22613E+06 1.21562E+06 % total
];

MAT_uco_SF = [
0.00000E+00 0.00000E+00 0.00000E+00 0.00000E+00 % H3
0.00000E+00 0.00000E+00 0.00000E+00 0.00000E+00 % Xe135
2.03356E-01 2.02621E-01 1.90617E-01 1.77859E-01 % U235
1.37691E+05 1.37670E+05 1.37324E+05 1.36923E+05 % U238
0.00000E+00 1.46475E-03 3.43928E+01 3.30578E+02 % Pu238
0.00000E+00 9.78607E-02 3.07435E+00 5.50395E+00 % Pu239
0.00000E+00 2.45731E+01 1.37878E+04 4.82496E+04 % Pu240
0.00000E+00 0.00000E+00 0.00000E+00 0.00000E+00 % Pu241
0.00000E+00 2.07047E-04 4.79605E+01 7.40398E+02 % Pu242
0.00000E+00 2.10209E-08 4.68456E-03 6.89480E-02 % Am241
0.00000E+00 0.00000E+00 0.00000E+00 0.00000E+00 % Am244
0.00000E+00 0.00000E+00 0.00000E+00 0.00000E+00 % Am245
0.00000E+00 0.00000E+00 0.00000E+00 0.00000E+00 % lost data
1.37691E+05 1.37695E+05 1.53395E+05 2.54752E+05 % total
];

MAT_uco_ING_TOX = [
0.00000E+00 1.79616E-04 2.72767E-03 4.69993E-03 % H3
0.00000E+00 3.83270E+09 3.84808E+09 3.81515E+09 % Xe135
1.32746E+02 1.32267E+02 1.24431E+02 1.16103E+02 % U235
1.13481E+02 1.13465E+02 1.13179E+02 1.12848E+02 % U238
0.00000E+00 1.81125E-01 4.25288E+03 4.08779E+04 % Pu238
0.00000E+00 7.89200E+03 2.47932E+05 4.43867E+05 % Pu239
0.00000E+00 1.07777E+02 6.04730E+04 2.11621E+05 % Pu240
0.00000E+00 4.82958E+00 5.53034E+04 3.92811E+05 % Pu241
0.00000E+00 9.03477E-06 2.09282E+00 3.23083E+01 % Pu242
0.00000E+00 9.77715E-04 2.17887E+02 3.20688E+03 % Am241
0.00000E+00 2.30367E-08 2.43902E-01 8.56891E+00 % Am244
0.00000E+00 3.63310E-12 3.50719E-05 1.24348E-03 % Am245
0.00000E+00 0.00000E+00 0.00000E+00 0.00000E+00 % lost data
2.46227E+02 4.49615E+10 6.03924E+10 6.01720E+10 % total
];

MAT_uco_INH_TOX = [
0.00000E+00 1.11191E-03 1.68856E-02 2.90948E-02 % H3
0.00000E+00 2.00760E+09 2.01566E+09 1.99841E+09 % Xe135
2.40073E+04 2.39206E+04 2.25034E+04 2.09973E+04 % U235
2.01744E+04 2.01715E+04 2.01207E+04 2.00620E+04 % U238
0.00000E+00 8.66252E+01 2.03398E+06 1.95503E+07 % Pu238
0.00000E+00 3.78816E+06 1.19007E+08 2.13056E+08 % Pu239
0.00000E+00 5.17329E+04 2.90270E+07 1.01578E+08 % Pu240
0.00000E+00 2.31417E+03 2.64995E+07 1.88222E+08 % Pu241
0.00000E+00 4.14093E-03 9.59211E+02 1.48080E+04 % Pu242
0.00000E+00 4.69303E-01 1.04586E+05 1.53930E+06 % Am241
0.00000E+00 1.85295E-07 1.96182E+00 6.89238E+01 % Am244
0.00000E+00 3.28151E-12 3.16778E-05 1.12314E-03 % Am245
0.00000E+00 0.00000E+00 0.00000E+00 0.00000E+00 % lost data
4.41817E+04 4.39734E+10 5.88867E+10 6.06416E+10 % total
];

TOT_VOLUME = [ 2.41547E+04 2.41547E+04 2.41547E+04 2.41547E+04 ];

TOT_BURNUP = [ 0.00000E+00 4.20030E-01 7.47639E+00 1.53729E+01 ];

TOT_ADENS = [
0.00000E+00 9.93078E-14 1.50810E-12 2.59854E-12 % H3
0.00000E+00 3.58680E-08 3.60119E-08 3.57037E-08 % Xe135
3.74777E-03 3.73423E-03 3.51300E-03 3.27788E-03 % U235
2.12374E-02 2.12343E-02 2.11808E-02 2.11190E-02 % U238
0.00000E+00 1.30175E-13 3.05655E-09 2.93790E-08 % Pu238
0.00000E+00 1.43457E-06 4.50678E-05 8.06839E-05 % Pu239
0.00000E+00 5.33128E-09 2.99135E-06 1.04680E-05 % Pu240
0.00000E+00 2.71005E-11 3.10327E-07 2.20420E-06 % Pu241
0.00000E+00 2.66079E-14 6.16348E-09 9.51497E-08 % Pu242
0.00000E+00 3.98607E-15 8.88308E-10 1.30742E-08 % Am241
0.00000E+00 1.08757E-22 1.15148E-15 4.04543E-14 % Am244
0.00000E+00 2.58295E-26 2.49343E-19 8.84050E-18 % Am245
0.00000E+00 8.87467E-08 1.58900E-06 3.28121E-06 % lost data
7.04339E-02 7.04447E-02 7.06262E-02 7.08289E-02 % total
];

