
DET1001 = [
    1    1    1    1    1    1    1    1    1    1  5.22830E+18 0.00447 
    2    2    1    1    1    1    1    1    1    1  1.92013E+18 0.00548 
    3    3    1    1    1    1    1    1    1    1  1.96571E+17 0.01120 
];


DET1001E = [
 1.00000E-09  6.25000E-07  3.13000E-07
 6.25000E-07  1.00000E-01  5.00003E-02
 1.00000E-01  2.00000E+01  1.00500E+01
];

DET1002 = [
    1    1    1    1    1    1    1    1    1    1  1.78081E+17 0.00732 
    2    2    1    1    1    1    1    1    1    1  3.88302E+17 0.00489 
    3    3    1    1    1    1    1    1    1    1  1.86939E+17 0.00682 
];


DET1002E = [
 1.00000E-09  6.25000E-07  3.13000E-07
 6.25000E-07  1.00000E-01  5.00003E-02
 1.00000E-01  2.00000E+01  1.00500E+01
];
