
DET1001 = [
    1    1    1    1    1    1    1    1    1    1  6.40634E+18 0.00438 
    2    2    1    1    1    1    1    1    1    1  1.94370E+18 0.00616 
    3    3    1    1    1    1    1    1    1    1  1.82461E+17 0.01242 
];


DET1001E = [
 1.00000E-09  6.25000E-07  3.13000E-07
 6.25000E-07  1.00000E-01  5.00003E-02
 1.00000E-01  2.00000E+01  1.00500E+01
];

DET1002 = [
    1    1    1    1    1    1    1    1    1    1  3.33451E+17 0.00580 
    2    2    1    1    1    1    1    1    1    1  4.99320E+17 0.00474 
    3    3    1    1    1    1    1    1    1    1  2.26062E+17 0.00614 
];


DET1002E = [
 1.00000E-09  6.25000E-07  3.13000E-07
 6.25000E-07  1.00000E-01  5.00003E-02
 1.00000E-01  2.00000E+01  1.00500E+01
];
