
ZAI = [
10030
541350
922350
922380
942380
942390
942400
942410
942420
952410
952440
952450
666
0
];

NAMES = [
'H3              '
'Xe135           '
'U235            '
'U238            '
'Pu238           '
'Pu239           '
'Pu240           '
'Pu241           '
'Pu242           '
'Am241           '
'Am244           '
'Am245           '
'lost            '
'total           '
];

i10030  = 1; iH3               = 1;
i541350 = 2; iXe135            = 2;
i922350 = 3; iU235             = 3;
i922380 = 4; iU238             = 4;
i942380 = 5; iPu238            = 5;
i942390 = 6; iPu239            = 6;
i942400 = 7; iPu240            = 7;
i942410 = 8; iPu241            = 8;
i942420 = 9; iPu242            = 9;
i952410 = 10; iAm241            = 10;
i952440 = 11; iAm244            = 11;
i952450 = 12; iAm245            = 12;
iLOST    = 13;
iTOT     = 14;

MAT_uco_VOLUME = [ 1.22080E+04 1.22080E+04 1.22080E+04 1.22080E+04 ];

MAT_uco_BURNUP = [ 0.00000E+00 8.31051E-01 1.47928E+01 3.04167E+01 ];

MAT_uco_ADENS = [
0.00000E+00 1.40658E-13 1.83485E-12 2.74001E-12 % H3
0.00000E+00 4.38242E-08 4.29711E-08 4.06551E-08 % Xe135
3.74777E-03 3.72127E-03 3.29517E-03 2.85487E-03 % U235
2.12374E-02 2.12320E-02 2.11376E-02 2.10261E-02 % U238
0.00000E+00 3.50751E-13 1.32845E-08 1.32352E-07 % Pu238
0.00000E+00 2.47926E-06 6.76375E-05 1.04783E-04 % Pu239
0.00000E+00 1.75336E-08 8.93796E-06 2.73494E-05 % Pu240
0.00000E+00 1.34030E-10 1.36443E-06 8.19587E-06 % Pu241
0.00000E+00 2.57435E-13 5.58465E-08 7.78141E-07 % Pu242
0.00000E+00 1.95381E-14 3.87815E-09 4.71176E-08 % Am241
0.00000E+00 2.19387E-21 2.27456E-14 7.76548E-13 % Am244
0.00000E+00 9.96158E-25 9.44415E-18 3.39905E-16 % Am245
0.00000E+00 1.75541E-07 3.15726E-06 6.52400E-06 % lost data
7.04339E-02 7.04553E-02 7.08147E-02 7.12149E-02 % total
];

MAT_uco_MDENS = [
0.00000E+00 7.04334E-13 9.18789E-12 1.37204E-11 % H3
0.00000E+00 9.81757E-06 9.62646E-06 9.10763E-06 % Xe135
1.46278E+00 1.45243E+00 1.28613E+00 1.11427E+00 % U235
8.39511E+00 8.39298E+00 8.35566E+00 8.31159E+00 % U238
0.00000E+00 1.38651E-10 5.25133E-06 5.23183E-05 % Pu238
0.00000E+00 9.84171E-04 2.68495E-02 4.15948E-02 % Pu239
0.00000E+00 6.98933E-06 3.56290E-03 1.09022E-02 % Pu240
0.00000E+00 5.36491E-08 5.46149E-04 3.28062E-03 % Pu241
0.00000E+00 1.03477E-10 2.24477E-05 3.12777E-04 % Pu242
0.00000E+00 7.82092E-12 1.55239E-06 1.88607E-05 % Am241
0.00000E+00 8.89144E-19 9.21846E-12 3.14724E-10 % Am244
0.00000E+00 4.05386E-22 3.84329E-15 1.38324E-13 % Am245
0.00000E+00 0.00000E+00 0.00000E+00 0.00000E+00 % lost data
1.10000E+01 1.09999E+01 1.09978E+01 1.09956E+01 % total
];

MAT_uco_A = [
0.00000E+00 3.06139E+06 3.99353E+07 5.96360E+07 % H3
0.00000E+00 1.12703E+16 1.10509E+16 1.04553E+16 % Xe135
1.42747E+09 1.41738E+09 1.25509E+09 1.08738E+09 % U235
1.27455E+09 1.27422E+09 1.26856E+09 1.26187E+09 % U238
0.00000E+00 1.07242E+06 4.06175E+10 4.04667E+11 % Pu238
0.00000E+00 2.75735E+10 7.52242E+11 1.16536E+12 % Pu239
0.00000E+00 7.16585E+08 3.65289E+11 1.11775E+12 % Pu240
0.00000E+00 2.51499E+09 2.56027E+13 1.53791E+14 % Pu241
0.00000E+00 1.84080E+02 3.99333E+07 5.56413E+08 % Pu242
0.00000E+00 1.21105E+04 2.40384E+09 2.92055E+10 % Am241
0.00000E+00 5.10573E+02 5.29352E+09 1.80724E+11 % Am244
0.00000E+00 1.14220E+00 1.08287E+07 3.89737E+08 % Am245
0.00000E+00 0.00000E+00 0.00000E+00 0.00000E+00 % lost data
2.70202E+09 3.28354E+18 3.58517E+18 3.59244E+18 % total
];

MAT_uco_H = [
0.00000E+00 2.79088E-09 3.64065E-08 5.43664E-08 % H3
0.00000E+00 1.01604E+03 9.96258E+02 9.42563E+02 % Xe135
1.05494E-03 1.04748E-03 9.27541E-04 8.03603E-04 % U235
8.73031E-04 8.72810E-04 8.68929E-04 8.64346E-04 % U238
0.00000E+00 9.60233E-07 3.63683E-02 3.62333E-01 % Pu238
0.00000E+00 2.31547E-02 6.31691E-01 9.78605E-01 % Pu239
0.00000E+00 6.02871E-04 3.07321E-01 9.40376E-01 % Pu240
0.00000E+00 2.15782E-06 2.19666E-02 1.31950E-01 % Pu241
0.00000E+00 1.46935E-10 3.18752E-05 4.44135E-04 % Pu242
0.00000E+00 1.08581E-08 2.15524E-03 2.61851E-02 % Am241
0.00000E+00 9.06969E-11 9.40327E-04 3.21033E-02 % Am244
0.00000E+00 5.76278E-14 5.46345E-07 1.96635E-05 % Am245
0.00000E+00 0.00000E+00 0.00000E+00 0.00000E+00 % lost data
1.92797E-03 1.19389E+06 1.19741E+06 1.16969E+06 % total
];

MAT_uco_SF = [
0.00000E+00 0.00000E+00 0.00000E+00 0.00000E+00 % H3
0.00000E+00 0.00000E+00 0.00000E+00 0.00000E+00 % Xe135
1.02778E-01 1.02051E-01 9.03662E-02 7.82914E-02 % U235
6.95902E+04 6.95726E+04 6.92632E+04 6.88979E+04 % U238
0.00000E+00 1.99471E-03 7.55485E+01 7.52681E+02 % Pu238
0.00000E+00 8.54779E-02 2.33195E+00 3.61262E+00 % Pu239
0.00000E+00 4.08453E+01 2.08214E+04 6.37118E+04 % Pu240
0.00000E+00 0.00000E+00 0.00000E+00 0.00000E+00 % Pu241
0.00000E+00 1.01244E-03 2.19633E+02 3.06027E+03 % Pu242
0.00000E+00 5.20753E-08 1.03365E-02 1.25584E-01 % Am241
0.00000E+00 0.00000E+00 0.00000E+00 0.00000E+00 % Am244
0.00000E+00 0.00000E+00 0.00000E+00 0.00000E+00 % Am245
0.00000E+00 0.00000E+00 0.00000E+00 0.00000E+00 % lost data
6.95903E+04 6.96137E+04 9.98882E+04 4.03844E+05 % total
];

MAT_uco_ING_TOX = [
0.00000E+00 1.28579E-04 1.67728E-03 2.50471E-03 % H3
0.00000E+00 2.36677E+09 2.32069E+09 2.19562E+09 % Xe135
6.70912E+01 6.66168E+01 5.89890E+01 5.11069E+01 % U235
5.73546E+01 5.73400E+01 5.70850E+01 5.67840E+01 % U238
0.00000E+00 2.46657E-01 9.34202E+03 9.30734E+04 % Pu238
0.00000E+00 6.89338E+03 1.88061E+05 2.91340E+05 % Pu239
0.00000E+00 1.79146E+02 9.13221E+04 2.79438E+05 % Pu240
0.00000E+00 1.20719E+01 1.22893E+05 7.38194E+05 % Pu241
0.00000E+00 4.41792E-05 9.58399E+00 1.33539E+02 % Pu242
0.00000E+00 2.42211E-03 4.80768E+02 5.84109E+03 % Am241
0.00000E+00 2.34864E-07 2.43502E+00 8.31330E+01 % Am244
0.00000E+00 7.08165E-11 6.71381E-04 2.41637E-02 % Am245
0.00000E+00 0.00000E+00 0.00000E+00 0.00000E+00 % lost data
1.24446E+02 4.34258E+10 5.80305E+10 5.70033E+10 % total
];

MAT_uco_INH_TOX = [
0.00000E+00 7.95962E-04 1.03832E-02 1.55054E-02 % H3
0.00000E+00 1.23973E+09 1.21560E+09 1.15008E+09 % Xe135
1.21335E+04 1.20477E+04 1.06682E+04 9.24273E+03 % U235
1.01964E+04 1.01938E+04 1.01485E+04 1.00949E+04 % U238
0.00000E+00 1.17967E+02 4.46792E+06 4.45134E+07 % Pu238
0.00000E+00 3.30882E+06 9.02691E+07 1.39843E+08 % Pu239
0.00000E+00 8.59902E+04 4.38346E+07 1.34130E+08 % Pu240
0.00000E+00 5.78447E+03 5.88861E+07 3.53718E+08 % Pu241
0.00000E+00 2.02488E-02 4.39266E+03 6.12055E+04 % Pu242
0.00000E+00 1.16261E+00 2.30769E+05 2.80373E+06 % Am241
0.00000E+00 1.88912E-06 1.95860E+01 6.68678E+02 % Am244
0.00000E+00 6.39633E-11 6.06409E-04 2.18253E-02 % Am245
0.00000E+00 0.00000E+00 0.00000E+00 0.00000E+00 % lost data
2.23299E+04 4.31214E+10 5.73895E+10 5.85794E+10 % total
];

TOT_VOLUME = [ 1.22080E+04 1.22080E+04 1.22080E+04 1.22080E+04 ];

TOT_BURNUP = [ 0.00000E+00 8.31051E-01 1.47928E+01 3.04167E+01 ];

TOT_ADENS = [
0.00000E+00 1.40658E-13 1.83485E-12 2.74001E-12 % H3
0.00000E+00 4.38242E-08 4.29711E-08 4.06551E-08 % Xe135
3.74777E-03 3.72127E-03 3.29517E-03 2.85487E-03 % U235
2.12374E-02 2.12320E-02 2.11376E-02 2.10261E-02 % U238
0.00000E+00 3.50751E-13 1.32845E-08 1.32352E-07 % Pu238
0.00000E+00 2.47926E-06 6.76375E-05 1.04783E-04 % Pu239
0.00000E+00 1.75336E-08 8.93796E-06 2.73494E-05 % Pu240
0.00000E+00 1.34030E-10 1.36443E-06 8.19587E-06 % Pu241
0.00000E+00 2.57435E-13 5.58465E-08 7.78141E-07 % Pu242
0.00000E+00 1.95381E-14 3.87815E-09 4.71176E-08 % Am241
0.00000E+00 2.19387E-21 2.27456E-14 7.76548E-13 % Am244
0.00000E+00 9.96158E-25 9.44415E-18 3.39905E-16 % Am245
0.00000E+00 1.75541E-07 3.15726E-06 6.52400E-06 % lost data
7.04339E-02 7.04553E-02 7.08147E-02 7.12149E-02 % total
];

