
DET1001 = [
    1    1    1    1    1    1    1    1    1    1  5.84487E+18 0.00439 
    2    2    1    1    1    1    1    1    1    1  1.84585E+18 0.00614 
    3    3    1    1    1    1    1    1    1    1  1.68019E+17 0.01248 
];


DET1001E = [
 1.00000E-09  6.25000E-07  3.13000E-07
 6.25000E-07  1.00000E-01  5.00003E-02
 1.00000E-01  2.00000E+01  1.00500E+01
];

DET1002 = [
    1    1    1    1    1    1    1    1    1    1  3.05777E+17 0.00583 
    2    2    1    1    1    1    1    1    1    1  4.41140E+17 0.00484 
    3    3    1    1    1    1    1    1    1    1  1.99150E+17 0.00621 
];


DET1002E = [
 1.00000E-09  6.25000E-07  3.13000E-07
 6.25000E-07  1.00000E-01  5.00003E-02
 1.00000E-01  2.00000E+01  1.00500E+01
];
