
DET1001 = [
    1    1    1    1    1    1    1    1    1    1  4.29689E+18 0.00474 
    2    2    1    1    1    1    1    1    1    1  1.78163E+18 0.00629 
    3    3    1    1    1    1    1    1    1    1  1.64308E+17 0.01178 
];


DET1001E = [
 1.00000E-09  6.25000E-07  3.13000E-07
 6.25000E-07  1.00000E-01  5.00003E-02
 1.00000E-01  2.00000E+01  1.00500E+01
];

DET1002 = [
    1    1    1    1    1    1    1    1    1    1  1.18406E+17 0.00771 
    2    2    1    1    1    1    1    1    1    1  3.82009E+17 0.00459 
    3    3    1    1    1    1    1    1    1    1  1.78024E+17 0.00608 
];


DET1002E = [
 1.00000E-09  6.25000E-07  3.13000E-07
 6.25000E-07  1.00000E-01  5.00003E-02
 1.00000E-01  2.00000E+01  1.00500E+01
];
