
DET1001 = [
    1    1    1    1    1    1    1    1    1    1  4.09446E+18 0.00493 
    2    2    1    1    1    1    1    1    1    1  1.66199E+18 0.00593 
    3    3    1    1    1    1    1    1    1    1  1.50301E+17 0.01196 
];


DET1001E = [
 1.00000E-09  6.25000E-07  3.13000E-07
 6.25000E-07  1.00000E-01  5.00003E-02
 1.00000E-01  2.00000E+01  1.00500E+01
];

DET1002 = [
    1    1    1    1    1    1    1    1    1    1  1.19104E+17 0.00783 
    2    2    1    1    1    1    1    1    1    1  3.52605E+17 0.00477 
    3    3    1    1    1    1    1    1    1    1  1.66002E+17 0.00624 
];


DET1002E = [
 1.00000E-09  6.25000E-07  3.13000E-07
 6.25000E-07  1.00000E-01  5.00003E-02
 1.00000E-01  2.00000E+01  1.00500E+01
];
