
ZAI = [
10030
541350
922350
922380
942380
942390
942400
942410
942420
952410
952440
952450
666
0
];

NAMES = [
'H3              '
'Xe135           '
'U235            '
'U238            '
'Pu238           '
'Pu239           '
'Pu240           '
'Pu241           '
'Pu242           '
'Am241           '
'Am244           '
'Am245           '
'lost            '
'total           '
];

i10030  = 1; iH3               = 1;
i541350 = 2; iXe135            = 2;
i922350 = 3; iU235             = 3;
i922380 = 4; iU238             = 4;
i942380 = 5; iPu238            = 5;
i942390 = 6; iPu239            = 6;
i942400 = 7; iPu240            = 7;
i942410 = 8; iPu241            = 8;
i942420 = 9; iPu242            = 9;
i952410 = 10; iAm241            = 10;
i952440 = 11; iAm244            = 11;
i952450 = 12; iAm245            = 12;
iLOST    = 13;
iTOT     = 14;

MAT_uco_VOLUME = [ 2.61710E+04 2.61710E+04 2.61710E+04 2.61710E+04 ];

MAT_uco_BURNUP = [ 0.00000E+00 3.87689E-01 6.90088E+00 1.41895E+01 ];

MAT_uco_ADENS = [
0.00000E+00 8.66148E-14 1.38840E-12 2.51278E-12 % H3
0.00000E+00 4.06832E-08 4.08491E-08 4.07478E-08 % Xe135
4.87458E-03 4.86196E-03 4.65378E-03 4.42927E-03 % U235
2.01233E-02 2.01205E-02 2.00727E-02 2.00178E-02 % U238
0.00000E+00 9.09741E-14 2.09827E-09 2.02749E-08 % Pu238
0.00000E+00 1.29276E-06 4.24584E-05 7.95891E-05 % Pu239
0.00000E+00 3.49237E-09 1.98131E-06 7.26390E-06 % Pu240
0.00000E+00 1.53363E-11 1.72874E-07 1.30844E-06 % Pu241
0.00000E+00 1.05718E-14 2.35827E-09 3.82589E-08 % Pu242
0.00000E+00 2.27536E-15 4.96160E-10 7.80329E-09 % Am241
0.00000E+00 3.30786E-23 3.29885E-16 1.19776E-14 % Am244
0.00000E+00 5.58013E-27 5.06395E-20 1.84724E-18 % Am245
0.00000E+00 8.19302E-08 1.46409E-06 3.02014E-06 % lost data
7.04699E-02 7.04798E-02 7.06472E-02 7.08343E-02 % total
];

MAT_uco_MDENS = [
0.00000E+00 4.33718E-13 6.95230E-12 1.25826E-11 % H3
0.00000E+00 9.11392E-06 9.15109E-06 9.12840E-06 % Xe135
1.90258E+00 1.89765E+00 1.81640E+00 1.72877E+00 % U235
7.95473E+00 7.95362E+00 7.93471E+00 7.91300E+00 % U238
0.00000E+00 3.59618E-11 8.29441E-07 8.01460E-06 % Pu238
0.00000E+00 5.13176E-04 1.68544E-02 3.15938E-02 % Pu239
0.00000E+00 1.39215E-06 7.89802E-04 2.89558E-03 % Pu240
0.00000E+00 6.13876E-09 6.91973E-05 5.23739E-04 % Pu241
0.00000E+00 4.24938E-12 9.47917E-07 1.53783E-05 % Pu242
0.00000E+00 9.10804E-13 1.98608E-07 3.12358E-06 % Am241
0.00000E+00 1.34063E-20 1.33697E-13 4.85434E-12 % Am244
0.00000E+00 2.27083E-24 2.06077E-17 7.51733E-16 % Am245
0.00000E+00 0.00000E+00 0.00000E+00 0.00000E+00 % lost data
1.10000E+01 1.09999E+01 1.09990E+01 1.09979E+01 % total
];

MAT_uco_A = [
0.00000E+00 4.04131E+06 6.47804E+07 1.17242E+08 % H3
0.00000E+00 2.24291E+16 2.25205E+16 2.24647E+16 % Xe135
3.98022E+09 3.96991E+09 3.79992E+09 3.61661E+09 % U235
2.58898E+09 2.58862E+09 2.58247E+09 2.57540E+09 % U238
0.00000E+00 5.96293E+05 1.37532E+10 1.32892E+11 % Pu238
0.00000E+00 3.08221E+10 1.01230E+12 1.89757E+12 % Pu239
0.00000E+00 3.05980E+08 1.73590E+11 6.36417E+11 % Pu240
0.00000E+00 6.16919E+08 6.95404E+12 5.26335E+13 % Pu241
0.00000E+00 1.62055E+01 3.61499E+06 5.86471E+07 % Pu242
0.00000E+00 3.02346E+03 6.59290E+08 1.03689E+10 % Am241
0.00000E+00 1.65032E+01 1.64582E+08 5.97572E+09 % Am244
0.00000E+00 1.37162E-02 1.24474E+05 4.54059E+06 % Am245
0.00000E+00 0.00000E+00 0.00000E+00 0.00000E+00 % lost data
6.56920E+09 3.32804E+18 3.68819E+18 3.74242E+18 % total
];

MAT_uco_H = [
0.00000E+00 3.68421E-09 5.90563E-08 1.06883E-07 % H3
0.00000E+00 2.02202E+03 2.03026E+03 2.02523E+03 % Xe135
2.94149E-03 2.93387E-03 2.80824E-03 2.67277E-03 % U235
1.77338E-03 1.77314E-03 1.76892E-03 1.76408E-03 % U238
0.00000E+00 5.33912E-07 1.23144E-02 1.18990E-01 % Pu238
0.00000E+00 2.58827E-02 8.50070E-01 1.59347E+00 % Pu239
0.00000E+00 2.57424E-04 1.46043E-01 5.35424E-01 % Pu240
0.00000E+00 5.29306E-07 5.96645E-03 4.51587E-02 % Pu241
0.00000E+00 1.29354E-11 2.88553E-06 4.68127E-05 % Pu242
0.00000E+00 2.71078E-09 5.91107E-04 9.29656E-03 % Am241
0.00000E+00 2.93159E-12 2.92360E-05 1.06151E-03 % Am244
0.00000E+00 6.92026E-16 6.28012E-09 2.29088E-07 % Am245
0.00000E+00 0.00000E+00 0.00000E+00 0.00000E+00 % lost data
4.71487E-03 1.19913E+06 1.23069E+06 1.22588E+06 % total
];

MAT_uco_SF = [
0.00000E+00 0.00000E+00 0.00000E+00 0.00000E+00 % H3
0.00000E+00 0.00000E+00 0.00000E+00 0.00000E+00 % Xe135
2.86576E-01 2.85833E-01 2.73594E-01 2.60396E-01 % U235
1.41358E+05 1.41339E+05 1.41003E+05 1.40617E+05 % U238
0.00000E+00 1.10910E-03 2.55809E+01 2.47180E+02 % Pu238
0.00000E+00 9.55484E-02 3.13812E+00 5.88247E+00 % Pu239
0.00000E+00 1.74408E+01 9.89463E+03 3.62758E+04 % Pu240
0.00000E+00 0.00000E+00 0.00000E+00 0.00000E+00 % Pu241
0.00000E+00 8.91303E-05 1.98825E+01 3.22559E+02 % Pu242
0.00000E+00 1.30009E-08 2.83495E-03 4.45863E-02 % Am241
0.00000E+00 0.00000E+00 0.00000E+00 0.00000E+00 % Am244
0.00000E+00 0.00000E+00 0.00000E+00 0.00000E+00 % Am245
0.00000E+00 0.00000E+00 0.00000E+00 0.00000E+00 % lost data
1.41359E+05 1.41357E+05 1.51900E+05 2.08683E+05 % total
];

MAT_uco_ING_TOX = [
0.00000E+00 1.69735E-04 2.72078E-03 4.92418E-03 % H3
0.00000E+00 4.71011E+09 4.72931E+09 4.71758E+09 % Xe135
1.87070E+02 1.86586E+02 1.78596E+02 1.69981E+02 % U235
1.16504E+02 1.16488E+02 1.16211E+02 1.15893E+02 % U238
0.00000E+00 1.37147E-01 3.16323E+03 3.05652E+04 % Pu238
0.00000E+00 7.70551E+03 2.53074E+05 4.74392E+05 % Pu239
0.00000E+00 7.64949E+01 4.33975E+04 1.59104E+05 % Pu240
0.00000E+00 2.96121E+00 3.33794E+04 2.52641E+05 % Pu241
0.00000E+00 3.88932E-06 8.67598E-01 1.40753E+01 % Pu242
0.00000E+00 6.04692E-04 1.31858E+02 2.07378E+03 % Am241
0.00000E+00 7.59148E-09 7.57079E-02 2.74883E+00 % Am244
0.00000E+00 8.50403E-13 7.71738E-06 2.81517E-04 % Am245
0.00000E+00 0.00000E+00 0.00000E+00 0.00000E+00 % lost data
3.03574E+02 4.58467E+10 6.13283E+10 6.12857E+10 % total
];

MAT_uco_INH_TOX = [
0.00000E+00 1.05074E-03 1.68429E-02 3.04830E-02 % H3
0.00000E+00 2.46720E+09 2.47726E+09 2.47112E+09 % Xe135
3.38319E+04 3.37442E+04 3.22993E+04 3.07412E+04 % U235
2.07118E+04 2.07090E+04 2.06597E+04 2.06032E+04 % U238
0.00000E+00 6.55922E+01 1.51285E+06 1.46182E+07 % Pu238
0.00000E+00 3.69865E+06 1.21476E+08 2.27708E+08 % Pu239
0.00000E+00 3.67176E+04 2.08308E+07 7.63700E+07 % Pu240
0.00000E+00 1.41891E+03 1.59943E+07 1.21057E+08 % Pu241
0.00000E+00 1.78261E-03 3.97649E+02 6.45118E+03 % Pu242
0.00000E+00 2.90252E-01 6.32918E+04 9.95414E+05 % Am241
0.00000E+00 6.10619E-08 6.08955E-01 2.21102E+01 % Am244
0.00000E+00 7.68106E-13 6.97054E-06 2.54273E-04 % Am245
0.00000E+00 0.00000E+00 0.00000E+00 0.00000E+00 % lost data
5.45437E+04 4.44394E+10 5.93237E+10 6.11427E+10 % total
];

TOT_VOLUME = [ 2.61710E+04 2.61710E+04 2.61710E+04 2.61710E+04 ];

TOT_BURNUP = [ 0.00000E+00 3.87689E-01 6.90088E+00 1.41895E+01 ];

TOT_ADENS = [
0.00000E+00 8.66148E-14 1.38840E-12 2.51278E-12 % H3
0.00000E+00 4.06832E-08 4.08491E-08 4.07478E-08 % Xe135
4.87458E-03 4.86196E-03 4.65378E-03 4.42927E-03 % U235
2.01233E-02 2.01205E-02 2.00727E-02 2.00178E-02 % U238
0.00000E+00 9.09741E-14 2.09827E-09 2.02749E-08 % Pu238
0.00000E+00 1.29276E-06 4.24584E-05 7.95891E-05 % Pu239
0.00000E+00 3.49237E-09 1.98131E-06 7.26390E-06 % Pu240
0.00000E+00 1.53363E-11 1.72874E-07 1.30844E-06 % Pu241
0.00000E+00 1.05718E-14 2.35827E-09 3.82589E-08 % Pu242
0.00000E+00 2.27536E-15 4.96160E-10 7.80329E-09 % Am241
0.00000E+00 3.30786E-23 3.29885E-16 1.19776E-14 % Am244
0.00000E+00 5.58013E-27 5.06395E-20 1.84724E-18 % Am245
0.00000E+00 8.19302E-08 1.46409E-06 3.02014E-06 % lost data
7.04699E-02 7.04798E-02 7.06472E-02 7.08343E-02 % total
];

