
DET1001 = [
    1    1    1    1    1    1    1    1    1    1  4.24962E+18 0.00472 
    2    2    1    1    1    1    1    1    1    1  1.74165E+18 0.00578 
    3    3    1    1    1    1    1    1    1    1  1.61024E+17 0.01216 
];


DET1001E = [
 1.00000E-09  6.25000E-07  3.13000E-07
 6.25000E-07  1.00000E-01  5.00003E-02
 1.00000E-01  2.00000E+01  1.00500E+01
];

DET1002 = [
    1    1    1    1    1    1    1    1    1    1  1.19380E+17 0.00810 
    2    2    1    1    1    1    1    1    1    1  3.72366E+17 0.00472 
    3    3    1    1    1    1    1    1    1    1  1.74190E+17 0.00646 
];


DET1002E = [
 1.00000E-09  6.25000E-07  3.13000E-07
 6.25000E-07  1.00000E-01  5.00003E-02
 1.00000E-01  2.00000E+01  1.00500E+01
];
