
DET1001 = [
    1    1    1    1    1    1    1    1    1    1  4.18034E+18 0.00451 
    2    2    1    1    1    1    1    1    1    1  1.71039E+18 0.00585 
    3    3    1    1    1    1    1    1    1    1  1.59650E+17 0.01185 
];


DET1001E = [
 1.00000E-09  6.25000E-07  3.13000E-07
 6.25000E-07  1.00000E-01  5.00003E-02
 1.00000E-01  2.00000E+01  1.00500E+01
];

DET1002 = [
    1    1    1    1    1    1    1    1    1    1  1.17696E+17 0.00780 
    2    2    1    1    1    1    1    1    1    1  3.61986E+17 0.00461 
    3    3    1    1    1    1    1    1    1    1  1.67467E+17 0.00631 
];


DET1002E = [
 1.00000E-09  6.25000E-07  3.13000E-07
 6.25000E-07  1.00000E-01  5.00003E-02
 1.00000E-01  2.00000E+01  1.00500E+01
];
