
DET1001 = [
    1    1    1    1    1    1    1    1    1    1  5.50359E+18 0.00436 
    2    2    1    1    1    1    1    1    1    1  1.85996E+18 0.00584 
    3    3    1    1    1    1    1    1    1    1  1.66985E+17 0.01249 
];


DET1001E = [
 1.00000E-09  6.25000E-07  3.13000E-07
 6.25000E-07  1.00000E-01  5.00003E-02
 1.00000E-01  2.00000E+01  1.00500E+01
];

DET1002 = [
    1    1    1    1    1    1    1    1    1    1  2.42077E+17 0.00622 
    2    2    1    1    1    1    1    1    1    1  4.45803E+17 0.00486 
    3    3    1    1    1    1    1    1    1    1  1.97388E+17 0.00628 
];


DET1002E = [
 1.00000E-09  6.25000E-07  3.13000E-07
 6.25000E-07  1.00000E-01  5.00003E-02
 1.00000E-01  2.00000E+01  1.00500E+01
];
