
DET1001 = [
    1    1    1    1    1    1    1    1    1    1  5.20872E+18 0.00459 
    2    2    1    1    1    1    1    1    1    1  1.76777E+18 0.00617 
    3    3    1    1    1    1    1    1    1    1  1.59253E+17 0.01155 
];


DET1001E = [
 1.00000E-09  6.25000E-07  3.13000E-07
 6.25000E-07  1.00000E-01  5.00003E-02
 1.00000E-01  2.00000E+01  1.00500E+01
];

DET1002 = [
    1    1    1    1    1    1    1    1    1    1  2.28637E+17 0.00605 
    2    2    1    1    1    1    1    1    1    1  4.08838E+17 0.00468 
    3    3    1    1    1    1    1    1    1    1  1.81557E+17 0.00589 
];


DET1002E = [
 1.00000E-09  6.25000E-07  3.13000E-07
 6.25000E-07  1.00000E-01  5.00003E-02
 1.00000E-01  2.00000E+01  1.00500E+01
];
