
DET1001 = [
    1    1    1    1    1    1    1    1    1    1  5.09037E+18 0.00451 
    2    2    1    1    1    1    1    1    1    1  1.71631E+18 0.00608 
    3    3    1    1    1    1    1    1    1    1  1.55325E+17 0.01181 
];


DET1001E = [
 1.00000E-09  6.25000E-07  3.13000E-07
 6.25000E-07  1.00000E-01  5.00003E-02
 1.00000E-01  2.00000E+01  1.00500E+01
];

DET1002 = [
    1    1    1    1    1    1    1    1    1    1  2.26125E+17 0.00643 
    2    2    1    1    1    1    1    1    1    1  3.96309E+17 0.00479 
    3    3    1    1    1    1    1    1    1    1  1.77465E+17 0.00604 
];


DET1002E = [
 1.00000E-09  6.25000E-07  3.13000E-07
 6.25000E-07  1.00000E-01  5.00003E-02
 1.00000E-01  2.00000E+01  1.00500E+01
];
