
DET1001 = [
    1    1    1    1    1    1    1    1    1    1  5.35564E+18 0.00452 
    2    2    1    1    1    1    1    1    1    1  1.83606E+18 0.00609 
    3    3    1    1    1    1    1    1    1    1  1.67412E+17 0.01191 
];


DET1001E = [
 1.00000E-09  6.25000E-07  3.13000E-07
 6.25000E-07  1.00000E-01  5.00003E-02
 1.00000E-01  2.00000E+01  1.00500E+01
];

DET1002 = [
    1    1    1    1    1    1    1    1    1    1  2.31052E+17 0.00639 
    2    2    1    1    1    1    1    1    1    1  4.22430E+17 0.00474 
    3    3    1    1    1    1    1    1    1    1  1.90764E+17 0.00633 
];


DET1002E = [
 1.00000E-09  6.25000E-07  3.13000E-07
 6.25000E-07  1.00000E-01  5.00003E-02
 1.00000E-01  2.00000E+01  1.00500E+01
];
