
DET1001 = [
    1    1    1    1    1    1    1    1    1    1  4.63659E+18 0.00467 
    2    2    1    1    1    1    1    1    1    1  2.08508E+18 0.00547 
    3    3    1    1    1    1    1    1    1    1  3.58716E+17 0.01003 
];


DET1001E = [
 1.00000E-09  6.25000E-07  3.13000E-07
 6.25000E-07  1.00000E-01  5.00003E-02
 1.00000E-01  2.00000E+01  1.00500E+01
];

DET1002 = [
    1    1    1    1    1    1    1    1    1    1  8.96776E+16 0.00970 
    2    2    1    1    1    1    1    1    1    1  3.52532E+17 0.00534 
    3    3    1    1    1    1    1    1    1    1  2.03368E+17 0.00682 
];


DET1002E = [
 1.00000E-09  6.25000E-07  3.13000E-07
 6.25000E-07  1.00000E-01  5.00003E-02
 1.00000E-01  2.00000E+01  1.00500E+01
];
