
DET1001 = [
    1    1    1    1    1    1    1    1    1    1  4.71957E+18 0.00479 
    2    2    1    1    1    1    1    1    1    1  2.14354E+18 0.00533 
    3    3    1    1    1    1    1    1    1    1  3.63451E+17 0.00994 
];


DET1001E = [
 1.00000E-09  6.25000E-07  3.13000E-07
 6.25000E-07  1.00000E-01  5.00003E-02
 1.00000E-01  2.00000E+01  1.00500E+01
];

DET1002 = [
    1    1    1    1    1    1    1    1    1    1  8.93108E+16 0.00999 
    2    2    1    1    1    1    1    1    1    1  3.60068E+17 0.00545 
    3    3    1    1    1    1    1    1    1    1  2.04804E+17 0.00649 
];


DET1002E = [
 1.00000E-09  6.25000E-07  3.13000E-07
 6.25000E-07  1.00000E-01  5.00003E-02
 1.00000E-01  2.00000E+01  1.00500E+01
];
