
DET1001 = [
    1    1    1    1    1    1    1    1    1    1  4.49984E+18 0.00469 
    2    2    1    1    1    1    1    1    1    1  2.00482E+18 0.00516 
    3    3    1    1    1    1    1    1    1    1  3.37378E+17 0.00969 
];


DET1001E = [
 1.00000E-09  6.25000E-07  3.13000E-07
 6.25000E-07  1.00000E-01  5.00003E-02
 1.00000E-01  2.00000E+01  1.00500E+01
];

DET1002 = [
    1    1    1    1    1    1    1    1    1    1  9.27914E+16 0.00967 
    2    2    1    1    1    1    1    1    1    1  3.30752E+17 0.00518 
    3    3    1    1    1    1    1    1    1    1  1.88706E+17 0.00640 
];


DET1002E = [
 1.00000E-09  6.25000E-07  3.13000E-07
 6.25000E-07  1.00000E-01  5.00003E-02
 1.00000E-01  2.00000E+01  1.00500E+01
];
