
DET1001 = [
    1    1    1    1    1    1    1    1    1    1  4.58098E+18 0.00461 
    2    2    1    1    1    1    1    1    1    1  2.02134E+18 0.00523 
    3    3    1    1    1    1    1    1    1    1  3.42694E+17 0.00985 
];


DET1001E = [
 1.00000E-09  6.25000E-07  3.13000E-07
 6.25000E-07  1.00000E-01  5.00003E-02
 1.00000E-01  2.00000E+01  1.00500E+01
];

DET1002 = [
    1    1    1    1    1    1    1    1    1    1  9.01416E+16 0.00939 
    2    2    1    1    1    1    1    1    1    1  3.35646E+17 0.00522 
    3    3    1    1    1    1    1    1    1    1  1.91648E+17 0.00658 
];


DET1002E = [
 1.00000E-09  6.25000E-07  3.13000E-07
 6.25000E-07  1.00000E-01  5.00003E-02
 1.00000E-01  2.00000E+01  1.00500E+01
];
