
DET1001 = [
    1    1    1    1    1    1    1    1    1    1  4.49021E+18 0.00472 
    2    2    1    1    1    1    1    1    1    1  1.71177E+18 0.00640 
    3    3    1    1    1    1    1    1    1    1  1.60309E+17 0.01232 
];


DET1001E = [
 1.00000E-09  6.25000E-07  3.13000E-07
 6.25000E-07  1.00000E-01  5.00003E-02
 1.00000E-01  2.00000E+01  1.00500E+01
];

DET1002 = [
    1    1    1    1    1    1    1    1    1    1  1.53212E+17 0.00737 
    2    2    1    1    1    1    1    1    1    1  3.83317E+17 0.00506 
    3    3    1    1    1    1    1    1    1    1  1.78425E+17 0.00684 
];


DET1002E = [
 1.00000E-09  6.25000E-07  3.13000E-07
 6.25000E-07  1.00000E-01  5.00003E-02
 1.00000E-01  2.00000E+01  1.00500E+01
];
