
DET1001 = [
    1    1    1    1    1    1    1    1    1    1  4.38217E+18 0.00458 
    2    2    1    1    1    1    1    1    1    1  1.67837E+18 0.00602 
    3    3    1    1    1    1    1    1    1    1  1.51710E+17 0.01222 
];


DET1001E = [
 1.00000E-09  6.25000E-07  3.13000E-07
 6.25000E-07  1.00000E-01  5.00003E-02
 1.00000E-01  2.00000E+01  1.00500E+01
];

DET1002 = [
    1    1    1    1    1    1    1    1    1    1  1.52878E+17 0.00758 
    2    2    1    1    1    1    1    1    1    1  3.72334E+17 0.00490 
    3    3    1    1    1    1    1    1    1    1  1.75568E+17 0.00627 
];


DET1002E = [
 1.00000E-09  6.25000E-07  3.13000E-07
 6.25000E-07  1.00000E-01  5.00003E-02
 1.00000E-01  2.00000E+01  1.00500E+01
];
