
ZAI = [
10030
541350
922350
922380
942380
942390
942400
942410
942420
952410
952440
952450
666
0
];

NAMES = [
'H3              '
'Xe135           '
'U235            '
'U238            '
'Pu238           '
'Pu239           '
'Pu240           '
'Pu241           '
'Pu242           '
'Am241           '
'Am244           '
'Am245           '
'lost            '
'total           '
];

i10030  = 1; iH3               = 1;
i541350 = 2; iXe135            = 2;
i922350 = 3; iU235             = 3;
i922380 = 4; iU238             = 4;
i942380 = 5; iPu238            = 5;
i942390 = 6; iPu239            = 6;
i942400 = 7; iPu240            = 7;
i942410 = 8; iPu241            = 8;
i942420 = 9; iPu242            = 9;
i952410 = 10; iAm241            = 10;
i952440 = 11; iAm244            = 11;
i952450 = 12; iAm245            = 12;
iLOST    = 13;
iTOT     = 14;

MAT_uco_VOLUME = [ 1.97179E+04 1.97179E+04 1.97179E+04 1.97179E+04 ];

MAT_uco_BURNUP = [ 0.00000E+00 5.14551E-01 9.15892E+00 1.88326E+01 ];

MAT_uco_ADENS = [
0.00000E+00 1.15085E-13 1.79269E-12 3.02032E-12 % H3
0.00000E+00 4.29980E-08 4.29939E-08 4.23761E-08 % Xe135
4.31104E-03 4.29441E-03 4.02228E-03 3.73279E-03 % U235
2.06805E-02 2.06770E-02 2.06163E-02 2.05462E-02 % U238
0.00000E+00 1.71049E-13 4.58653E-09 4.50485E-08 % Pu238
0.00000E+00 1.62274E-06 5.06046E-05 8.94907E-05 % Pu239
0.00000E+00 6.45332E-09 3.53875E-06 1.22002E-05 % Pu240
0.00000E+00 3.70115E-11 4.09238E-07 2.85459E-06 % Pu241
0.00000E+00 3.81955E-14 8.54195E-09 1.30994E-07 % Pu242
0.00000E+00 5.45841E-15 1.17200E-09 1.69203E-08 % Am241
0.00000E+00 1.97550E-22 1.99062E-15 6.96666E-14 % Am244
0.00000E+00 4.91636E-26 4.49311E-19 1.60692E-17 % Am245
0.00000E+00 1.08726E-07 1.94651E-06 4.01852E-06 % lost data
7.04520E-02 7.04652E-02 7.06875E-02 7.09357E-02 % total
];

MAT_uco_MDENS = [
0.00000E+00 5.76280E-13 8.97678E-12 1.51241E-11 % H3
0.00000E+00 9.63248E-06 9.63157E-06 9.49317E-06 % Xe135
1.68262E+00 1.67613E+00 1.56992E+00 1.45693E+00 % U235
8.17497E+00 8.17358E+00 8.14958E+00 8.12189E+00 % U238
0.00000E+00 6.76150E-11 1.81304E-06 1.78075E-05 % Pu238
0.00000E+00 6.44167E-04 2.00881E-02 3.55244E-02 % Pu239
0.00000E+00 2.57246E-06 1.41064E-03 4.86333E-03 % Pu240
0.00000E+00 1.48148E-08 1.63809E-04 1.14263E-03 % Pu241
0.00000E+00 1.53528E-11 3.43347E-06 5.26537E-05 % Pu242
0.00000E+00 2.18495E-12 4.69139E-07 6.77305E-06 % Am241
0.00000E+00 8.00640E-20 8.06768E-13 2.82349E-11 % Am244
0.00000E+00 2.00071E-23 1.82847E-16 6.53936E-15 % Am245
0.00000E+00 0.00000E+00 0.00000E+00 0.00000E+00 % lost data
1.10000E+01 1.09999E+01 1.09987E+01 1.09973E+01 % total
];

MAT_uco_A = [
0.00000E+00 4.04566E+06 6.30197E+07 1.06176E+08 % H3
0.00000E+00 1.78601E+16 1.78585E+16 1.76018E+16 % Xe135
2.65211E+09 2.64188E+09 2.47447E+09 2.29638E+09 % U235
2.00461E+09 2.00427E+09 1.99839E+09 1.99160E+09 % U238
0.00000E+00 8.44699E+05 2.26499E+10 2.22465E+11 % Pu238
0.00000E+00 2.91497E+10 9.09023E+11 1.60754E+12 % Pu239
0.00000E+00 4.25987E+08 2.33595E+11 8.05343E+11 % Pu240
0.00000E+00 1.12172E+09 1.24030E+13 8.65155E+13 % Pu241
0.00000E+00 4.41130E+01 9.86532E+06 1.51289E+08 % Pu242
0.00000E+00 5.46464E+03 1.17334E+09 1.69397E+10 % Am241
0.00000E+00 7.42571E+01 7.48255E+08 2.61871E+10 % Am244
0.00000E+00 9.10486E-02 8.32103E+05 2.97594E+07 % Am245
0.00000E+00 0.00000E+00 0.00000E+00 0.00000E+00 % lost data
4.65672E+09 3.30712E+18 3.65244E+18 3.69383E+18 % total
];

MAT_uco_H = [
0.00000E+00 3.68818E-09 5.74512E-08 9.67937E-08 % H3
0.00000E+00 1.61012E+03 1.60997E+03 1.58683E+03 % Xe135
1.95998E-03 1.95242E-03 1.82870E-03 1.69709E-03 % U235
1.37311E-03 1.37287E-03 1.36884E-03 1.36419E-03 % U238
0.00000E+00 7.56333E-07 2.02804E-02 1.99193E-01 % Pu238
0.00000E+00 2.44783E-02 7.63347E-01 1.34993E+00 % Pu239
0.00000E+00 3.58387E-04 1.96526E-01 6.77543E-01 % Pu240
0.00000E+00 9.62420E-07 1.06415E-02 7.42288E-02 % Pu241
0.00000E+00 3.52115E-11 7.87461E-06 1.20760E-04 % Pu242
0.00000E+00 4.89950E-09 1.05199E-03 1.51878E-02 % Am241
0.00000E+00 1.31908E-11 1.32918E-04 4.65180E-03 % Am244
0.00000E+00 4.59370E-15 4.19823E-08 1.50146E-06 % Am245
0.00000E+00 0.00000E+00 0.00000E+00 0.00000E+00 % lost data
3.33309E-03 1.19714E+06 1.22137E+06 1.21025E+06 % total
];

MAT_uco_SF = [
0.00000E+00 0.00000E+00 0.00000E+00 0.00000E+00 % H3
0.00000E+00 0.00000E+00 0.00000E+00 0.00000E+00 % Xe135
1.90952E-01 1.90216E-01 1.78162E-01 1.65339E-01 % U235
1.09452E+05 1.09433E+05 1.09112E+05 1.08741E+05 % U238
0.00000E+00 1.57114E-03 4.21288E+01 4.13786E+02 % Pu238
0.00000E+00 9.03641E-02 2.81797E+00 4.98339E+00 % Pu239
0.00000E+00 2.42812E+01 1.33149E+04 4.59045E+04 % Pu240
0.00000E+00 0.00000E+00 0.00000E+00 0.00000E+00 % Pu241
0.00000E+00 2.42622E-04 5.42593E+01 8.32089E+02 % Pu242
0.00000E+00 2.34980E-08 5.04534E-03 7.28406E-02 % Am241
0.00000E+00 0.00000E+00 0.00000E+00 0.00000E+00 % Am244
0.00000E+00 0.00000E+00 0.00000E+00 0.00000E+00 % Am245
0.00000E+00 0.00000E+00 0.00000E+00 0.00000E+00 % lost data
1.09452E+05 1.09458E+05 1.25049E+05 2.34170E+05 % total
];

MAT_uco_ING_TOX = [
0.00000E+00 1.69918E-04 2.64683E-03 4.45937E-03 % H3
0.00000E+00 3.75063E+09 3.75028E+09 3.69639E+09 % Xe135
1.24649E+02 1.24168E+02 1.16300E+02 1.07930E+02 % U235
9.02075E+01 9.01922E+01 8.99274E+01 8.96219E+01 % U238
0.00000E+00 1.94281E-01 5.20948E+03 5.11671E+04 % Pu238
0.00000E+00 7.28743E+03 2.27256E+05 4.01886E+05 % Pu239
0.00000E+00 1.06497E+02 5.83987E+04 2.01336E+05 % Pu240
0.00000E+00 5.38427E+00 5.95343E+04 4.15274E+05 % Pu241
0.00000E+00 1.05871E-05 2.36768E+00 3.63093E+01 % Pu242
0.00000E+00 1.09293E-03 2.34667E+02 3.38793E+03 % Am241
0.00000E+00 3.41583E-08 3.44197E-01 1.20461E+01 % Am244
0.00000E+00 5.64501E-12 5.15904E-05 1.84509E-03 % Am245
0.00000E+00 0.00000E+00 0.00000E+00 0.00000E+00 % lost data
2.14857E+02 4.48659E+10 6.01422E+10 5.98545E+10 % total
];

MAT_uco_INH_TOX = [
0.00000E+00 1.05187E-03 1.63851E-02 2.76056E-02 % H3
0.00000E+00 1.96462E+09 1.96443E+09 1.93620E+09 % Xe135
2.25430E+04 2.24560E+04 2.10330E+04 1.95192E+04 % U235
1.60369E+04 1.60342E+04 1.59871E+04 1.59328E+04 % U238
0.00000E+00 9.29169E+01 2.49149E+06 2.44712E+07 % Pu238
0.00000E+00 3.49797E+06 1.09083E+08 1.92905E+08 % Pu239
0.00000E+00 5.11184E+04 2.80314E+07 9.66411E+07 % Pu240
0.00000E+00 2.57996E+03 2.85268E+07 1.98986E+08 % Pu241
0.00000E+00 4.85243E-03 1.08519E+03 1.66418E+04 % Pu242
0.00000E+00 5.24606E-01 1.12640E+05 1.62621E+06 % Am241
0.00000E+00 2.74751E-07 2.76854E+00 9.68921E+01 % Am244
0.00000E+00 5.09872E-12 4.65977E-05 1.66653E-03 % Am245
0.00000E+00 0.00000E+00 0.00000E+00 0.00000E+00 % lost data
3.85798E+04 4.39133E+10 5.86689E+10 6.03628E+10 % total
];

TOT_VOLUME = [ 1.97179E+04 1.97179E+04 1.97179E+04 1.97179E+04 ];

TOT_BURNUP = [ 0.00000E+00 5.14551E-01 9.15892E+00 1.88326E+01 ];

TOT_ADENS = [
0.00000E+00 1.15085E-13 1.79269E-12 3.02032E-12 % H3
0.00000E+00 4.29980E-08 4.29939E-08 4.23761E-08 % Xe135
4.31104E-03 4.29441E-03 4.02228E-03 3.73279E-03 % U235
2.06805E-02 2.06770E-02 2.06163E-02 2.05462E-02 % U238
0.00000E+00 1.71049E-13 4.58653E-09 4.50485E-08 % Pu238
0.00000E+00 1.62274E-06 5.06046E-05 8.94907E-05 % Pu239
0.00000E+00 6.45332E-09 3.53875E-06 1.22002E-05 % Pu240
0.00000E+00 3.70115E-11 4.09238E-07 2.85459E-06 % Pu241
0.00000E+00 3.81955E-14 8.54195E-09 1.30994E-07 % Pu242
0.00000E+00 5.45841E-15 1.17200E-09 1.69203E-08 % Am241
0.00000E+00 1.97550E-22 1.99062E-15 6.96666E-14 % Am244
0.00000E+00 4.91636E-26 4.49311E-19 1.60692E-17 % Am245
0.00000E+00 1.08726E-07 1.94651E-06 4.01852E-06 % lost data
7.04520E-02 7.04652E-02 7.06875E-02 7.09357E-02 % total
];

