
DET1001 = [
    1    1    1    1    1    1    1    1    1    1  4.37566E+18 0.00461 
    2    2    1    1    1    1    1    1    1    1  1.63403E+18 0.00599 
    3    3    1    1    1    1    1    1    1    1  1.51618E+17 0.01221 
];


DET1001E = [
 1.00000E-09  6.25000E-07  3.13000E-07
 6.25000E-07  1.00000E-01  5.00003E-02
 1.00000E-01  2.00000E+01  1.00500E+01
];

DET1002 = [
    1    1    1    1    1    1    1    1    1    1  1.50622E+17 0.00790 
    2    2    1    1    1    1    1    1    1    1  3.59009E+17 0.00501 
    3    3    1    1    1    1    1    1    1    1  1.66881E+17 0.00655 
];


DET1002E = [
 1.00000E-09  6.25000E-07  3.13000E-07
 6.25000E-07  1.00000E-01  5.00003E-02
 1.00000E-01  2.00000E+01  1.00500E+01
];
