
ZAI = [
10030
541350
922350
922380
942380
942390
942400
942410
942420
952410
952440
952450
666
0
];

NAMES = [
'H3              '
'Xe135           '
'U235            '
'U238            '
'Pu238           '
'Pu239           '
'Pu240           '
'Pu241           '
'Pu242           '
'Am241           '
'Am244           '
'Am245           '
'lost            '
'total           '
];

i10030  = 1; iH3               = 1;
i541350 = 2; iXe135            = 2;
i922350 = 3; iU235             = 3;
i922380 = 4; iU238             = 4;
i942380 = 5; iPu238            = 5;
i942390 = 6; iPu239            = 6;
i942400 = 7; iPu240            = 7;
i942410 = 8; iPu241            = 8;
i942420 = 9; iPu242            = 9;
i952410 = 10; iAm241            = 10;
i952440 = 11; iAm244            = 11;
i952450 = 12; iAm245            = 12;
iLOST    = 13;
iTOT     = 14;

MAT_uco_VOLUME = [ 2.41547E+04 2.41547E+04 2.41547E+04 2.41547E+04 ];

MAT_uco_BURNUP = [ 0.00000E+00 4.20036E-01 7.47667E+00 1.53733E+01 ];

MAT_uco_ADENS = [
0.00000E+00 9.49709E-14 1.48148E-12 2.61130E-12 % H3
0.00000E+00 3.91815E-08 3.92903E-08 3.89760E-08 % Xe135
4.31104E-03 4.29745E-03 4.07420E-03 3.83495E-03 % U235
2.06805E-02 2.06776E-02 2.06272E-02 2.05692E-02 % U238
0.00000E+00 1.09239E-13 2.69912E-09 2.60712E-08 % Pu238
0.00000E+00 1.35315E-06 4.34120E-05 7.92663E-05 % Pu239
0.00000E+00 4.40210E-09 2.49630E-06 8.91859E-06 % Pu240
0.00000E+00 2.09865E-11 2.40317E-07 1.76943E-06 % Pu241
0.00000E+00 1.76792E-14 4.06537E-09 6.47640E-08 % Pu242
0.00000E+00 3.09732E-15 6.88656E-10 1.05097E-08 % Am241
0.00000E+00 6.36673E-23 6.65100E-16 2.41443E-14 % Am244
0.00000E+00 1.30008E-26 1.23056E-19 4.53318E-18 % Am245
0.00000E+00 8.87549E-08 1.58736E-06 3.27564E-06 % lost data
7.04520E-02 7.04628E-02 7.06442E-02 7.08469E-02 % total
];

MAT_uco_MDENS = [
0.00000E+00 4.75561E-13 7.41841E-12 1.30759E-11 % H3
0.00000E+00 8.77751E-06 8.80190E-06 8.73147E-06 % Xe135
1.68262E+00 1.67732E+00 1.59018E+00 1.49680E+00 % U235
8.17497E+00 8.17382E+00 8.15391E+00 8.13099E+00 % U238
0.00000E+00 4.31819E-11 1.06695E-06 1.03059E-05 % Pu238
0.00000E+00 5.37149E-04 1.72329E-02 3.14657E-02 % Pu239
0.00000E+00 1.75479E-06 9.95090E-04 3.55518E-03 % Pu240
0.00000E+00 8.40043E-09 9.61933E-05 7.08262E-04 % Pu241
0.00000E+00 7.10624E-12 1.63409E-06 2.60321E-05 % Pu242
0.00000E+00 1.23983E-12 2.75663E-07 4.20692E-06 % Am241
0.00000E+00 2.58034E-20 2.69555E-13 9.78534E-12 % Am244
0.00000E+00 5.29065E-24 5.00777E-17 1.84477E-15 % Am245
0.00000E+00 0.00000E+00 0.00000E+00 0.00000E+00 % lost data
1.10000E+01 1.09999E+01 1.09989E+01 1.09978E+01 % total
];

MAT_uco_A = [
0.00000E+00 4.08981E+06 6.37980E+07 1.12452E+08 % H3
0.00000E+00 1.99370E+16 1.99924E+16 1.98324E+16 % Xe135
3.24887E+09 3.23863E+09 3.07039E+09 2.89008E+09 % U235
2.45568E+09 2.45533E+09 2.44935E+09 2.44247E+09 % U238
0.00000E+00 6.60848E+05 1.63284E+10 1.57719E+11 % Pu238
0.00000E+00 2.97764E+10 9.55291E+11 1.74427E+12 % Pu239
0.00000E+00 3.55970E+08 2.01860E+11 7.21190E+11 % Pu240
0.00000E+00 7.79168E+08 8.92226E+12 6.56937E+13 % Pu241
0.00000E+00 2.50126E+01 5.75169E+06 9.16282E+07 % Pu242
0.00000E+00 3.79860E+03 8.44577E+08 1.28892E+10 % Am241
0.00000E+00 2.93170E+01 3.06260E+08 1.11178E+10 % Am244
0.00000E+00 2.94944E-02 2.79174E+05 1.02843E+07 % Am245
0.00000E+00 0.00000E+00 0.00000E+00 0.00000E+00 % lost data
5.70455E+09 3.31541E+18 3.66891E+18 3.71738E+18 % total
];

MAT_uco_H = [
0.00000E+00 3.72842E-09 5.81607E-08 1.02516E-07 % H3
0.00000E+00 1.79735E+03 1.80234E+03 1.78792E+03 % Xe135
2.40100E-03 2.39344E-03 2.26910E-03 2.13585E-03 % U235
1.68208E-03 1.68184E-03 1.67774E-03 1.67303E-03 % U238
0.00000E+00 5.91714E-07 1.46203E-02 1.41220E-01 % Pu238
0.00000E+00 2.50045E-02 8.02200E-01 1.46474E+00 % Pu239
0.00000E+00 2.99482E-04 1.69827E-01 6.06745E-01 % Pu240
0.00000E+00 6.68513E-07 7.65515E-03 5.63641E-02 % Pu241
0.00000E+00 1.99653E-11 4.59106E-06 7.31386E-05 % Pu242
0.00000E+00 3.40576E-09 7.57233E-04 1.15562E-02 % Am241
0.00000E+00 5.20779E-12 5.44032E-05 1.97493E-03 % Am244
0.00000E+00 1.48809E-15 1.40853E-08 5.18875E-07 % Am245
0.00000E+00 0.00000E+00 0.00000E+00 0.00000E+00 % lost data
4.08308E-03 1.19800E+06 1.22637E+06 1.21867E+06 % total
];

MAT_uco_SF = [
0.00000E+00 0.00000E+00 0.00000E+00 0.00000E+00 % H3
0.00000E+00 0.00000E+00 0.00000E+00 0.00000E+00 % Xe135
2.33919E-01 2.33182E-01 2.21068E-01 2.08086E-01 % U235
1.34080E+05 1.34061E+05 1.33735E+05 1.33359E+05 % U238
0.00000E+00 1.22918E-03 3.03709E+01 2.93357E+02 % Pu238
0.00000E+00 9.23067E-02 2.96140E+00 5.40725E+00 % Pu239
0.00000E+00 2.02903E+01 1.15060E+04 4.11078E+04 % Pu240
0.00000E+00 0.00000E+00 0.00000E+00 0.00000E+00 % Pu241
0.00000E+00 1.37569E-04 3.16343E+01 5.03955E+02 % Pu242
0.00000E+00 1.63340E-08 3.63168E-03 5.54235E-02 % Am241
0.00000E+00 0.00000E+00 0.00000E+00 0.00000E+00 % Am244
0.00000E+00 0.00000E+00 0.00000E+00 0.00000E+00 % Am245
0.00000E+00 0.00000E+00 0.00000E+00 0.00000E+00 % lost data
1.34080E+05 1.34082E+05 1.46782E+05 2.22617E+05 % total
];

MAT_uco_ING_TOX = [
0.00000E+00 1.71772E-04 2.67952E-03 4.72300E-03 % H3
0.00000E+00 4.18676E+09 4.19840E+09 4.16480E+09 % Xe135
1.52697E+02 1.52216E+02 1.44308E+02 1.35834E+02 % U235
1.10505E+02 1.10490E+02 1.10221E+02 1.09911E+02 % U238
0.00000E+00 1.51995E-01 3.75554E+03 3.62754E+04 % Pu238
0.00000E+00 7.44409E+03 2.38823E+05 4.36068E+05 % Pu239
0.00000E+00 8.89926E+01 5.04651E+04 1.80298E+05 % Pu240
0.00000E+00 3.74001E+00 4.28268E+04 3.15330E+05 % Pu241
0.00000E+00 6.00302E-06 1.38040E+00 2.19908E+01 % Pu242
0.00000E+00 7.59720E-04 1.68915E+02 2.57784E+03 % Am241
0.00000E+00 1.34858E-08 1.40880E-01 5.11418E+00 % Am244
0.00000E+00 1.82865E-12 1.73088E-05 6.37624E-04 % Am245
0.00000E+00 0.00000E+00 0.00000E+00 0.00000E+00 % lost data
2.63203E+02 4.53111E+10 6.07082E+10 6.05542E+10 % total
];

MAT_uco_INH_TOX = [
0.00000E+00 1.06335E-03 1.65875E-02 2.92376E-02 % H3
0.00000E+00 2.19307E+09 2.19916E+09 2.18156E+09 % Xe135
2.76154E+04 2.75284E+04 2.60983E+04 2.45657E+04 % U235
1.96454E+04 1.96426E+04 1.95948E+04 1.95397E+04 % U238
0.00000E+00 7.26932E+01 1.79613E+06 1.73491E+07 % Pu238
0.00000E+00 3.57316E+06 1.14635E+08 2.09313E+08 % Pu239
0.00000E+00 4.27164E+04 2.42232E+07 8.65428E+07 % Pu240
0.00000E+00 1.79209E+03 2.05212E+07 1.51095E+08 % Pu241
0.00000E+00 2.75139E-03 6.32686E+02 1.00791E+04 % Pu242
0.00000E+00 3.64666E-01 8.10794E+04 1.23736E+06 % Am241
0.00000E+00 1.08473E-07 1.13316E+00 4.11358E+01 % Am244
0.00000E+00 1.65169E-12 1.56337E-05 5.75919E-04 % Am245
0.00000E+00 0.00000E+00 0.00000E+00 0.00000E+00 % lost data
4.72609E+04 4.41505E+10 5.89822E+10 6.07390E+10 % total
];

TOT_VOLUME = [ 2.41547E+04 2.41547E+04 2.41547E+04 2.41547E+04 ];

TOT_BURNUP = [ 0.00000E+00 4.20036E-01 7.47667E+00 1.53733E+01 ];

TOT_ADENS = [
0.00000E+00 9.49709E-14 1.48148E-12 2.61130E-12 % H3
0.00000E+00 3.91815E-08 3.92903E-08 3.89760E-08 % Xe135
4.31104E-03 4.29745E-03 4.07420E-03 3.83495E-03 % U235
2.06805E-02 2.06776E-02 2.06272E-02 2.05692E-02 % U238
0.00000E+00 1.09239E-13 2.69912E-09 2.60712E-08 % Pu238
0.00000E+00 1.35315E-06 4.34120E-05 7.92663E-05 % Pu239
0.00000E+00 4.40210E-09 2.49630E-06 8.91859E-06 % Pu240
0.00000E+00 2.09865E-11 2.40317E-07 1.76943E-06 % Pu241
0.00000E+00 1.76792E-14 4.06537E-09 6.47640E-08 % Pu242
0.00000E+00 3.09732E-15 6.88656E-10 1.05097E-08 % Am241
0.00000E+00 6.36673E-23 6.65100E-16 2.41443E-14 % Am244
0.00000E+00 1.30008E-26 1.23056E-19 4.53318E-18 % Am245
0.00000E+00 8.87549E-08 1.58736E-06 3.27564E-06 % lost data
7.04520E-02 7.04628E-02 7.06442E-02 7.08469E-02 % total
];

