
DET1001 = [
    1    1    1    1    1    1    1    1    1    1  4.63123E+18 0.00476 
    2    2    1    1    1    1    1    1    1    1  1.79810E+18 0.00586 
    3    3    1    1    1    1    1    1    1    1  1.65063E+17 0.01209 
];


DET1001E = [
 1.00000E-09  6.25000E-07  3.13000E-07
 6.25000E-07  1.00000E-01  5.00003E-02
 1.00000E-01  2.00000E+01  1.00500E+01
];

DET1002 = [
    1    1    1    1    1    1    1    1    1    1  1.54013E+17 0.00732 
    2    2    1    1    1    1    1    1    1    1  4.00137E+17 0.00482 
    3    3    1    1    1    1    1    1    1    1  1.84085E+17 0.00628 
];


DET1002E = [
 1.00000E-09  6.25000E-07  3.13000E-07
 6.25000E-07  1.00000E-01  5.00003E-02
 1.00000E-01  2.00000E+01  1.00500E+01
];
