
DET1001 = [
    1    1    1    1    1    1    1    1    1    1  4.49739E+18 0.00463 
    2    2    1    1    1    1    1    1    1    1  1.74570E+18 0.00616 
    3    3    1    1    1    1    1    1    1    1  1.56899E+17 0.01179 
];


DET1001E = [
 1.00000E-09  6.25000E-07  3.13000E-07
 6.25000E-07  1.00000E-01  5.00003E-02
 1.00000E-01  2.00000E+01  1.00500E+01
];

DET1002 = [
    1    1    1    1    1    1    1    1    1    1  1.52837E+17 0.00734 
    2    2    1    1    1    1    1    1    1    1  3.76513E+17 0.00480 
    3    3    1    1    1    1    1    1    1    1  1.72690E+17 0.00637 
];


DET1002E = [
 1.00000E-09  6.25000E-07  3.13000E-07
 6.25000E-07  1.00000E-01  5.00003E-02
 1.00000E-01  2.00000E+01  1.00500E+01
];
