
DET1001 = [
    1    1    1    1    1    1    1    1    1    1  4.41958E+18 0.00453 
    2    2    1    1    1    1    1    1    1    1  1.69715E+18 0.00612 
    3    3    1    1    1    1    1    1    1    1  1.54749E+17 0.01243 
];


DET1001E = [
 1.00000E-09  6.25000E-07  3.13000E-07
 6.25000E-07  1.00000E-01  5.00003E-02
 1.00000E-01  2.00000E+01  1.00500E+01
];

DET1002 = [
    1    1    1    1    1    1    1    1    1    1  1.51065E+17 0.00740 
    2    2    1    1    1    1    1    1    1    1  3.69182E+17 0.00491 
    3    3    1    1    1    1    1    1    1    1  1.69280E+17 0.00615 
];


DET1002E = [
 1.00000E-09  6.25000E-07  3.13000E-07
 6.25000E-07  1.00000E-01  5.00003E-02
 1.00000E-01  2.00000E+01  1.00500E+01
];
