
DET1001 = [
    1    1    1    1    1    1    1    1    1    1  4.58561E+18 0.00455 
    2    2    1    1    1    1    1    1    1    1  1.76446E+18 0.00586 
    3    3    1    1    1    1    1    1    1    1  1.62086E+17 0.01176 
];


DET1001E = [
 1.00000E-09  6.25000E-07  3.13000E-07
 6.25000E-07  1.00000E-01  5.00003E-02
 1.00000E-01  2.00000E+01  1.00500E+01
];

DET1002 = [
    1    1    1    1    1    1    1    1    1    1  1.53420E+17 0.00746 
    2    2    1    1    1    1    1    1    1    1  3.90447E+17 0.00476 
    3    3    1    1    1    1    1    1    1    1  1.77851E+17 0.00611 
];


DET1002E = [
 1.00000E-09  6.25000E-07  3.13000E-07
 6.25000E-07  1.00000E-01  5.00003E-02
 1.00000E-01  2.00000E+01  1.00500E+01
];
