
ZAI = [
10030
541350
922350
922380
942380
942390
942400
942410
942420
952410
952440
952450
666
0
];

NAMES = [
'H3              '
'Xe135           '
'U235            '
'U238            '
'Pu238           '
'Pu239           '
'Pu240           '
'Pu241           '
'Pu242           '
'Am241           '
'Am244           '
'Am245           '
'lost            '
'total           '
];

i10030  = 1; iH3               = 1;
i541350 = 2; iXe135            = 2;
i922350 = 3; iU235             = 3;
i922380 = 4; iU238             = 4;
i942380 = 5; iPu238            = 5;
i942390 = 6; iPu239            = 6;
i942400 = 7; iPu240            = 7;
i942410 = 8; iPu241            = 8;
i942420 = 9; iPu242            = 9;
i952410 = 10; iAm241            = 10;
i952440 = 11; iAm244            = 11;
i952450 = 12; iAm245            = 12;
iLOST    = 13;
iTOT     = 14;

MAT_uco_VOLUME = [ 4.22705E+04 4.22705E+04 4.22705E+04 4.22705E+04 ];

MAT_uco_BURNUP = [ 0.00000E+00 2.40037E-01 4.27256E+00 8.78513E+00 ];

MAT_uco_ADENS = [
0.00000E+00 8.04073E-14 1.36638E-12 2.56709E-12 % H3
0.00000E+00 3.16958E-08 3.18856E-08 3.19800E-08 % Xe135
4.87458E-03 4.86664E-03 4.73486E-03 4.59119E-03 % U235
2.01233E-02 2.01214E-02 2.00879E-02 2.00498E-02 % U238
0.00000E+00 5.54731E-14 9.40723E-10 8.63583E-09 % Pu238
0.00000E+00 9.04026E-07 3.10039E-05 6.08760E-05 % Pu239
0.00000E+00 1.57577E-09 8.73276E-07 3.34638E-06 % Pu240
0.00000E+00 5.54429E-12 6.12845E-08 4.87512E-07 % Pu241
0.00000E+00 2.33599E-15 5.00242E-10 8.37597E-09 % Pu242
0.00000E+00 8.34046E-16 1.76470E-10 2.92718E-09 % Am241
0.00000E+00 4.99676E-24 4.62110E-17 1.71929E-15 % Am244
0.00000E+00 5.34455E-28 4.49406E-21 1.67489E-19 % Am245
0.00000E+00 5.07521E-08 9.05726E-07 1.86679E-06 % lost data
7.04699E-02 7.04760E-02 7.05797E-02 7.06955E-02 % total
];

MAT_uco_MDENS = [
0.00000E+00 4.02635E-13 6.84205E-12 1.28545E-11 % H3
0.00000E+00 7.10056E-06 7.14307E-06 7.16423E-06 % Xe135
1.90258E+00 1.89948E+00 1.84804E+00 1.79197E+00 % U235
7.95473E+00 7.95395E+00 7.94074E+00 7.92566E+00 % U238
0.00000E+00 2.19283E-11 3.71865E-07 3.41372E-06 % Pu238
0.00000E+00 3.58864E-04 1.23074E-02 2.41655E-02 % Pu239
0.00000E+00 6.28142E-07 3.48111E-04 1.33395E-03 % Pu240
0.00000E+00 2.21925E-09 2.45308E-05 1.95140E-04 % Pu241
0.00000E+00 9.38961E-13 2.01074E-07 3.36675E-06 % Pu242
0.00000E+00 3.33861E-13 7.06391E-08 1.17172E-06 % Am241
0.00000E+00 2.02511E-21 1.87287E-14 6.96804E-13 % Am244
0.00000E+00 2.17496E-25 1.82885E-18 6.81593E-17 % Am245
0.00000E+00 0.00000E+00 0.00000E+00 0.00000E+00 % lost data
1.10000E+01 1.10000E+01 1.09994E+01 1.09987E+01 % total
];

MAT_uco_A = [
0.00000E+00 6.05960E+06 1.02972E+08 1.93459E+08 % H3
0.00000E+00 2.82239E+16 2.83928E+16 2.84769E+16 % Xe135
6.42873E+09 6.41825E+09 6.24446E+09 6.05497E+09 % U235
4.18164E+09 4.18123E+09 4.17429E+09 4.16636E+09 % U238
0.00000E+00 5.87276E+05 9.95913E+09 9.14247E+10 % Pu238
0.00000E+00 3.48131E+10 1.19393E+12 2.34427E+12 % Pu239
0.00000E+00 2.22988E+08 1.23578E+11 4.73549E+11 % Pu240
0.00000E+00 3.60224E+08 3.98178E+12 3.16746E+13 % Pu241
0.00000E+00 5.78366E+00 1.23854E+06 2.07380E+07 % Pu242
0.00000E+00 1.79004E+03 3.78742E+08 6.28235E+09 % Am241
0.00000E+00 4.02650E+00 3.72379E+07 1.38544E+09 % Am244
0.00000E+00 2.12187E-03 1.78421E+04 6.64954E+05 % Am245
0.00000E+00 0.00000E+00 0.00000E+00 0.00000E+00 % lost data
1.06104E+10 3.37333E+18 3.74880E+18 3.81115E+18 % total
];

MAT_uco_H = [
0.00000E+00 5.52417E-09 9.38732E-08 1.76365E-07 % H3
0.00000E+00 2.54443E+03 2.55966E+03 2.56724E+03 % Xe135
4.75100E-03 4.74325E-03 4.61482E-03 4.47478E-03 % U235
2.86432E-03 2.86404E-03 2.85928E-03 2.85385E-03 % U238
0.00000E+00 5.25839E-07 8.91727E-03 8.18605E-02 % Pu238
0.00000E+00 2.92341E-02 1.00260E+00 1.96859E+00 % Pu239
0.00000E+00 1.87603E-04 1.03968E-01 3.98401E-01 % Pu240
0.00000E+00 3.09066E-07 3.41630E-03 2.71763E-02 % Pu241
0.00000E+00 4.61658E-12 9.88619E-07 1.65533E-05 % Pu242
0.00000E+00 1.60492E-09 3.39573E-04 5.63264E-03 % Am241
0.00000E+00 7.15256E-13 6.61484E-06 2.46107E-04 % Am244
0.00000E+00 1.07055E-16 9.00191E-10 3.35491E-08 % Am245
0.00000E+00 0.00000E+00 0.00000E+00 0.00000E+00 % lost data
7.61531E-03 1.20330E+06 1.24060E+06 1.24022E+06 % total
];

MAT_uco_SF = [
0.00000E+00 0.00000E+00 0.00000E+00 0.00000E+00 % H3
0.00000E+00 0.00000E+00 0.00000E+00 0.00000E+00 % Xe135
4.62868E-01 4.62114E-01 4.49601E-01 4.35958E-01 % U235
2.28317E+05 2.28295E+05 2.27916E+05 2.27483E+05 % U238
0.00000E+00 1.09233E-03 1.85240E+01 1.70050E+02 % Pu238
0.00000E+00 1.07921E-01 3.70119E+00 7.26725E+00 % Pu239
0.00000E+00 1.27103E+01 7.04395E+03 2.69923E+04 % Pu240
0.00000E+00 0.00000E+00 0.00000E+00 0.00000E+00 % Pu241
0.00000E+00 3.18101E-05 6.81199E+00 1.14059E+02 % Pu242
0.00000E+00 7.69718E-09 1.62859E-03 2.70141E-02 % Am241
0.00000E+00 0.00000E+00 0.00000E+00 0.00000E+00 % Am244
0.00000E+00 0.00000E+00 0.00000E+00 0.00000E+00 % Am245
0.00000E+00 0.00000E+00 0.00000E+00 0.00000E+00 % lost data
2.28318E+05 2.28309E+05 2.35342E+05 2.66679E+05 % total
];

MAT_uco_ING_TOX = [
0.00000E+00 2.54503E-04 4.32482E-03 8.12529E-03 % H3
0.00000E+00 5.92701E+09 5.96250E+09 5.98016E+09 % Xe135
3.02150E+02 3.01658E+02 2.93490E+02 2.84584E+02 % U235
1.88174E+02 1.88155E+02 1.87843E+02 1.87486E+02 % U238
0.00000E+00 1.35073E-01 2.29060E+03 2.10277E+04 % Pu238
0.00000E+00 8.70328E+03 2.98483E+05 5.86068E+05 % Pu239
0.00000E+00 5.57471E+01 3.08945E+04 1.18387E+05 % Pu240
0.00000E+00 1.72907E+00 1.91126E+04 1.52038E+05 % Pu241
0.00000E+00 1.38808E-06 2.97251E-01 4.97712E+00 % Pu242
0.00000E+00 3.58008E-04 7.57483E+01 1.25647E+03 % Am241
0.00000E+00 1.85219E-09 1.71294E-02 6.37304E-01 % Am244
0.00000E+00 1.31556E-13 1.10621E-06 4.12272E-05 % Am245
0.00000E+00 0.00000E+00 0.00000E+00 0.00000E+00 % lost data
4.90324E+02 4.71169E+10 6.27452E+10 6.28451E+10 % total
];

MAT_uco_INH_TOX = [
0.00000E+00 1.57550E-03 2.67727E-02 5.02994E-02 % H3
0.00000E+00 3.10463E+09 3.12321E+09 3.13246E+09 % Xe135
5.46442E+04 5.45551E+04 5.30779E+04 5.14673E+04 % U235
3.34531E+04 3.34499E+04 3.33943E+04 3.33309E+04 % U238
0.00000E+00 6.46003E+01 1.09550E+06 1.00567E+07 % Pu238
0.00000E+00 4.17758E+06 1.43272E+08 2.81313E+08 % Pu239
0.00000E+00 2.67586E+04 1.48294E+07 5.68258E+07 % Pu240
0.00000E+00 8.28515E+02 9.15810E+06 7.28517E+07 % Pu241
0.00000E+00 6.36202E-04 1.36240E+02 2.28118E+03 % Pu242
0.00000E+00 1.71844E-01 3.63592E+04 6.03105E+05 % Am241
0.00000E+00 1.48980E-08 1.37780E-01 5.12614E+00 % Am244
0.00000E+00 1.18824E-13 9.99156E-07 3.72374E-05 % Am245
0.00000E+00 0.00000E+00 0.00000E+00 0.00000E+00 % lost data
8.80973E+04 4.51572E+10 6.01407E+10 6.20300E+10 % total
];

TOT_VOLUME = [ 4.22705E+04 4.22705E+04 4.22705E+04 4.22705E+04 ];

TOT_BURNUP = [ 0.00000E+00 2.40037E-01 4.27256E+00 8.78513E+00 ];

TOT_ADENS = [
0.00000E+00 8.04073E-14 1.36638E-12 2.56709E-12 % H3
0.00000E+00 3.16958E-08 3.18856E-08 3.19800E-08 % Xe135
4.87458E-03 4.86664E-03 4.73486E-03 4.59119E-03 % U235
2.01233E-02 2.01214E-02 2.00879E-02 2.00498E-02 % U238
0.00000E+00 5.54731E-14 9.40723E-10 8.63583E-09 % Pu238
0.00000E+00 9.04026E-07 3.10039E-05 6.08760E-05 % Pu239
0.00000E+00 1.57577E-09 8.73276E-07 3.34638E-06 % Pu240
0.00000E+00 5.54429E-12 6.12845E-08 4.87512E-07 % Pu241
0.00000E+00 2.33599E-15 5.00242E-10 8.37597E-09 % Pu242
0.00000E+00 8.34046E-16 1.76470E-10 2.92718E-09 % Am241
0.00000E+00 4.99676E-24 4.62110E-17 1.71929E-15 % Am244
0.00000E+00 5.34455E-28 4.49406E-21 1.67489E-19 % Am245
0.00000E+00 5.07521E-08 9.05726E-07 1.86679E-06 % lost data
7.04699E-02 7.04760E-02 7.05797E-02 7.06955E-02 % total
];

