
DET1001 = [
    1    1    1    1    1    1    1    1    1    1  3.63990E+18 0.00521 
    2    2    1    1    1    1    1    1    1    1  1.70783E+18 0.00572 
    3    3    1    1    1    1    1    1    1    1  1.58780E+17 0.01176 
];


DET1001E = [
 1.00000E-09  6.25000E-07  3.13000E-07
 6.25000E-07  1.00000E-01  5.00003E-02
 1.00000E-01  2.00000E+01  1.00500E+01
];

DET1002 = [
    1    1    1    1    1    1    1    1    1    1  6.62893E+16 0.01083 
    2    2    1    1    1    1    1    1    1    1  3.30539E+17 0.00491 
    3    3    1    1    1    1    1    1    1    1  1.60873E+17 0.00641 
];


DET1002E = [
 1.00000E-09  6.25000E-07  3.13000E-07
 6.25000E-07  1.00000E-01  5.00003E-02
 1.00000E-01  2.00000E+01  1.00500E+01
];
