
DET1001 = [
    1    1    1    1    1    1    1    1    1    1  3.67831E+18 0.00484 
    2    2    1    1    1    1    1    1    1    1  1.72678E+18 0.00584 
    3    3    1    1    1    1    1    1    1    1  1.63335E+17 0.01161 
];


DET1001E = [
 1.00000E-09  6.25000E-07  3.13000E-07
 6.25000E-07  1.00000E-01  5.00003E-02
 1.00000E-01  2.00000E+01  1.00500E+01
];

DET1002 = [
    1    1    1    1    1    1    1    1    1    1  6.54811E+16 0.01023 
    2    2    1    1    1    1    1    1    1    1  3.38401E+17 0.00486 
    3    3    1    1    1    1    1    1    1    1  1.65689E+17 0.00619 
];


DET1002E = [
 1.00000E-09  6.25000E-07  3.13000E-07
 6.25000E-07  1.00000E-01  5.00003E-02
 1.00000E-01  2.00000E+01  1.00500E+01
];
