
DET1001 = [
    1    1    1    1    1    1    1    1    1    1  3.73194E+18 0.00514 
    2    2    1    1    1    1    1    1    1    1  1.74662E+18 0.00612 
    3    3    1    1    1    1    1    1    1    1  1.63919E+17 0.01188 
];


DET1001E = [
 1.00000E-09  6.25000E-07  3.13000E-07
 6.25000E-07  1.00000E-01  5.00003E-02
 1.00000E-01  2.00000E+01  1.00500E+01
];

DET1002 = [
    1    1    1    1    1    1    1    1    1    1  6.44123E+16 0.01078 
    2    2    1    1    1    1    1    1    1    1  3.39941E+17 0.00504 
    3    3    1    1    1    1    1    1    1    1  1.65359E+17 0.00652 
];


DET1002E = [
 1.00000E-09  6.25000E-07  3.13000E-07
 6.25000E-07  1.00000E-01  5.00003E-02
 1.00000E-01  2.00000E+01  1.00500E+01
];
