
DET1001 = [
    1    1    1    1    1    1    1    1    1    1  4.76645E+18 0.00443 
    2    2    1    1    1    1    1    1    1    1  2.12183E+18 0.00495 
    3    3    1    1    1    1    1    1    1    1  3.50789E+17 0.00978 
];


DET1001E = [
 1.00000E-09  6.25000E-07  3.13000E-07
 6.25000E-07  1.00000E-01  5.00003E-02
 1.00000E-01  2.00000E+01  1.00500E+01
];

DET1002 = [
    1    1    1    1    1    1    1    1    1    1  9.87732E+16 0.00918 
    2    2    1    1    1    1    1    1    1    1  3.43397E+17 0.00511 
    3    3    1    1    1    1    1    1    1    1  1.92142E+17 0.00684 
];


DET1002E = [
 1.00000E-09  6.25000E-07  3.13000E-07
 6.25000E-07  1.00000E-01  5.00003E-02
 1.00000E-01  2.00000E+01  1.00500E+01
];
