
DET1001 = [
    1    1    1    1    1    1    1    1    1    1  4.83232E+18 0.00431 
    2    2    1    1    1    1    1    1    1    1  2.15178E+18 0.00490 
    3    3    1    1    1    1    1    1    1    1  3.61450E+17 0.01033 
];


DET1001E = [
 1.00000E-09  6.25000E-07  3.13000E-07
 6.25000E-07  1.00000E-01  5.00003E-02
 1.00000E-01  2.00000E+01  1.00500E+01
];

DET1002 = [
    1    1    1    1    1    1    1    1    1    1  9.74327E+16 0.00863 
    2    2    1    1    1    1    1    1    1    1  3.51038E+17 0.00494 
    3    3    1    1    1    1    1    1    1    1  1.96044E+17 0.00660 
];


DET1002E = [
 1.00000E-09  6.25000E-07  3.13000E-07
 6.25000E-07  1.00000E-01  5.00003E-02
 1.00000E-01  2.00000E+01  1.00500E+01
];
