
DET1001 = [
    1    1    1    1    1    1    1    1    1    1  4.83646E+18 0.00450 
    2    2    1    1    1    1    1    1    1    1  2.18819E+18 0.00502 
    3    3    1    1    1    1    1    1    1    1  3.68448E+17 0.00984 
];


DET1001E = [
 1.00000E-09  6.25000E-07  3.13000E-07
 6.25000E-07  1.00000E-01  5.00003E-02
 1.00000E-01  2.00000E+01  1.00500E+01
];

DET1002 = [
    1    1    1    1    1    1    1    1    1    1  9.64763E+16 0.00951 
    2    2    1    1    1    1    1    1    1    1  3.60902E+17 0.00537 
    3    3    1    1    1    1    1    1    1    1  2.00884E+17 0.00684 
];


DET1002E = [
 1.00000E-09  6.25000E-07  3.13000E-07
 6.25000E-07  1.00000E-01  5.00003E-02
 1.00000E-01  2.00000E+01  1.00500E+01
];
