
ZAI = [
10030
541350
922350
922380
942380
942390
942400
942410
942420
952410
952440
952450
666
0
];

NAMES = [
'H3              '
'Xe135           '
'U235            '
'U238            '
'Pu238           '
'Pu239           '
'Pu240           '
'Pu241           '
'Pu242           '
'Am241           '
'Am244           '
'Am245           '
'lost            '
'total           '
];

i10030  = 1; iH3               = 1;
i541350 = 2; iXe135            = 2;
i922350 = 3; iU235             = 3;
i922380 = 4; iU238             = 4;
i942380 = 5; iPu238            = 5;
i942390 = 6; iPu239            = 6;
i942400 = 7; iPu240            = 7;
i942410 = 8; iPu241            = 8;
i942420 = 9; iPu242            = 9;
i952410 = 10; iAm241            = 10;
i952440 = 11; iAm244            = 11;
i952450 = 12; iAm245            = 12;
iLOST    = 13;
iTOT     = 14;

MAT_uco_VOLUME = [ 3.43362E+04 3.43362E+04 3.43362E+04 3.43362E+04 ];

MAT_uco_BURNUP = [ 0.00000E+00 2.95494E-01 5.25969E+00 1.08150E+01 ];

MAT_uco_ADENS = [
0.00000E+00 9.49584E-14 1.52132E-12 2.82576E-12 % H3
0.00000E+00 3.35256E-08 3.38154E-08 3.38752E-08 % Xe135
4.31104E-03 4.30137E-03 4.14199E-03 3.97011E-03 % U235
2.06805E-02 2.06781E-02 2.06364E-02 2.05887E-02 % U238
0.00000E+00 8.82544E-14 1.57854E-09 1.48663E-08 % Pu238
0.00000E+00 1.11878E-06 3.73699E-05 7.12207E-05 % Pu239
0.00000E+00 2.69392E-09 1.51186E-06 5.58263E-06 % Pu240
0.00000E+00 1.14468E-11 1.29541E-07 9.84252E-07 % Pu241
0.00000E+00 7.13850E-15 1.59100E-09 2.56418E-08 % Pu242
0.00000E+00 1.70459E-15 3.72110E-10 5.89038E-09 % Am241
0.00000E+00 2.17977E-23 2.15287E-16 7.87110E-15 % Am244
0.00000E+00 3.44744E-27 3.08027E-20 1.13108E-18 % Am245
0.00000E+00 6.24617E-08 1.11623E-06 2.30263E-06 % lost data
7.04520E-02 7.04596E-02 7.05872E-02 7.07298E-02 % total
];

MAT_uco_MDENS = [
0.00000E+00 4.75499E-13 7.61791E-12 1.41498E-11 % H3
0.00000E+00 7.51048E-06 7.57539E-06 7.58879E-06 % Xe135
1.68262E+00 1.67885E+00 1.61664E+00 1.54956E+00 % U235
8.17497E+00 8.17401E+00 8.15757E+00 8.13870E+00 % U238
0.00000E+00 3.48867E-11 6.23991E-07 5.87659E-06 % Pu238
0.00000E+00 4.44113E-04 1.48344E-02 2.82719E-02 % Pu239
0.00000E+00 1.07387E-06 6.02666E-04 2.22538E-03 % Pu240
0.00000E+00 4.58188E-09 5.18525E-05 3.93974E-04 % Pu241
0.00000E+00 2.86935E-12 6.39510E-07 1.03068E-05 % Pu242
0.00000E+00 6.82331E-13 1.48952E-07 2.35786E-06 % Am241
0.00000E+00 8.83430E-21 8.72529E-14 3.19004E-12 % Am244
0.00000E+00 1.40293E-24 1.25351E-17 4.60290E-16 % Am245
0.00000E+00 0.00000E+00 0.00000E+00 0.00000E+00 % lost data
1.10000E+01 1.10000E+01 1.09992E+01 1.09984E+01 % total
];

MAT_uco_A = [
0.00000E+00 5.81295E+06 9.31286E+07 1.72981E+08 % H3
0.00000E+00 2.42497E+16 2.44593E+16 2.45025E+16 % Xe135
4.61831E+09 4.60796E+09 4.43722E+09 4.25309E+09 % U235
3.49078E+09 3.49037E+09 3.48334E+09 3.47529E+09 % U238
0.00000E+00 7.58945E+05 1.35747E+10 1.27843E+11 % Pu238
0.00000E+00 3.49962E+10 1.16896E+12 2.22784E+12 % Pu239
0.00000E+00 3.09663E+08 1.73786E+11 6.41717E+11 % Pu240
0.00000E+00 6.04121E+08 6.83675E+12 5.19454E+13 % Pu241
0.00000E+00 1.43566E+01 3.19975E+06 5.15697E+07 % Pu242
0.00000E+00 2.97171E+03 6.48723E+08 1.02691E+10 % Am241
0.00000E+00 1.42681E+01 1.40920E+08 5.15216E+09 % Am244
0.00000E+00 1.11178E-02 9.93366E+04 3.64765E+06 % Am245
0.00000E+00 0.00000E+00 0.00000E+00 0.00000E+00 % lost data
8.10909E+09 3.37098E+18 3.74595E+18 3.80305E+18 % total
];

MAT_uco_H = [
0.00000E+00 5.29931E-09 8.48996E-08 1.57696E-07 % H3
0.00000E+00 2.18615E+03 2.20504E+03 2.20894E+03 % Xe135
3.41306E-03 3.40541E-03 3.27922E-03 3.14314E-03 % U235
2.39109E-03 2.39081E-03 2.38600E-03 2.38048E-03 % U238
0.00000E+00 6.79549E-07 1.21546E-02 1.14469E-01 % Pu238
0.00000E+00 2.93879E-02 9.81627E-01 1.87081E+00 % Pu239
0.00000E+00 2.60522E-04 1.46208E-01 5.39883E-01 % Pu240
0.00000E+00 5.18326E-07 5.86582E-03 4.45683E-02 % Pu241
0.00000E+00 1.14596E-11 2.55408E-06 4.11635E-05 % Pu242
0.00000E+00 2.66438E-09 5.81633E-04 9.20705E-03 % Am241
0.00000E+00 2.53454E-12 2.50326E-05 9.15216E-04 % Am244
0.00000E+00 5.60928E-16 5.01186E-09 1.84036E-07 % Am245
0.00000E+00 0.00000E+00 0.00000E+00 0.00000E+00 % lost data
5.80415E-03 1.20281E+06 1.23784E+06 1.23379E+06 % total
];

MAT_uco_SF = [
0.00000E+00 0.00000E+00 0.00000E+00 0.00000E+00 % H3
0.00000E+00 0.00000E+00 0.00000E+00 0.00000E+00 % Xe135
3.32519E-01 3.31773E-01 3.19480E-01 3.06222E-01 % U235
1.90596E+05 1.90574E+05 1.90191E+05 1.89751E+05 % U238
0.00000E+00 1.41164E-03 2.52489E+01 2.37787E+02 % Pu238
0.00000E+00 1.08488E-01 3.62377E+00 6.90629E+00 % Pu239
0.00000E+00 1.76508E+01 9.90583E+03 3.65779E+04 % Pu240
0.00000E+00 0.00000E+00 0.00000E+00 0.00000E+00 % Pu241
0.00000E+00 7.89615E-05 1.75987E+01 2.83633E+02 % Pu242
0.00000E+00 1.27784E-08 2.78951E-03 4.41569E-02 % Am241
0.00000E+00 0.00000E+00 0.00000E+00 0.00000E+00 % Am244
0.00000E+00 0.00000E+00 0.00000E+00 0.00000E+00 % Am245
0.00000E+00 0.00000E+00 0.00000E+00 0.00000E+00 % lost data
1.90597E+05 1.90592E+05 2.01008E+05 2.55110E+05 % total
];

MAT_uco_ING_TOX = [
0.00000E+00 2.44144E-04 3.91140E-03 7.26520E-03 % H3
0.00000E+00 5.09243E+09 5.13645E+09 5.14553E+09 % Xe135
2.17061E+02 2.16574E+02 2.08549E+02 1.99895E+02 % U235
1.57085E+02 1.57067E+02 1.56750E+02 1.56388E+02 % U238
0.00000E+00 1.74557E-01 3.12217E+03 2.94038E+04 % Pu238
0.00000E+00 8.74905E+03 2.92240E+05 5.56959E+05 % Pu239
0.00000E+00 7.74157E+01 4.34466E+04 1.60429E+05 % Pu240
0.00000E+00 2.89978E+00 3.28164E+04 2.49338E+05 % Pu241
0.00000E+00 3.44559E-06 7.67941E-01 1.23767E+01 % Pu242
0.00000E+00 5.94343E-04 1.29745E+02 2.05381E+03 % Am241
0.00000E+00 6.56331E-09 6.48231E-02 2.36999E+00 % Am244
0.00000E+00 6.89302E-13 6.15887E-06 2.26154E-04 % Am245
0.00000E+00 0.00000E+00 0.00000E+00 0.00000E+00 % lost data
3.74146E+02 4.62702E+10 6.19161E+10 6.19333E+10 % total
];

MAT_uco_INH_TOX = [
0.00000E+00 1.51137E-03 2.42134E-02 4.49751E-02 % H3
0.00000E+00 2.66746E+09 2.69052E+09 2.69528E+09 % Xe135
3.92557E+04 3.91677E+04 3.77163E+04 3.61512E+04 % U235
2.79262E+04 2.79229E+04 2.78667E+04 2.78023E+04 % U238
0.00000E+00 8.34839E+01 1.49321E+06 1.40627E+07 % Pu238
0.00000E+00 4.19954E+06 1.40275E+08 2.67340E+08 % Pu239
0.00000E+00 3.71595E+04 2.08544E+07 7.70060E+07 % Pu240
0.00000E+00 1.38948E+03 1.57245E+07 1.19475E+08 % Pu241
0.00000E+00 1.57923E-03 3.51973E+02 5.67267E+03 % Pu242
0.00000E+00 2.85285E-01 6.22774E+04 9.85829E+05 % Am241
0.00000E+00 5.27918E-08 5.21404E-01 1.90630E+01 % Am244
0.00000E+00 6.22595E-13 5.56285E-06 2.04268E-04 % Am245
0.00000E+00 0.00000E+00 0.00000E+00 0.00000E+00 % lost data
6.71819E+04 4.47036E+10 5.97555E+10 6.16441E+10 % total
];

TOT_VOLUME = [ 3.43362E+04 3.43362E+04 3.43362E+04 3.43362E+04 ];

TOT_BURNUP = [ 0.00000E+00 2.95494E-01 5.25969E+00 1.08150E+01 ];

TOT_ADENS = [
0.00000E+00 9.49584E-14 1.52132E-12 2.82576E-12 % H3
0.00000E+00 3.35256E-08 3.38154E-08 3.38752E-08 % Xe135
4.31104E-03 4.30137E-03 4.14199E-03 3.97011E-03 % U235
2.06805E-02 2.06781E-02 2.06364E-02 2.05887E-02 % U238
0.00000E+00 8.82544E-14 1.57854E-09 1.48663E-08 % Pu238
0.00000E+00 1.11878E-06 3.73699E-05 7.12207E-05 % Pu239
0.00000E+00 2.69392E-09 1.51186E-06 5.58263E-06 % Pu240
0.00000E+00 1.14468E-11 1.29541E-07 9.84252E-07 % Pu241
0.00000E+00 7.13850E-15 1.59100E-09 2.56418E-08 % Pu242
0.00000E+00 1.70459E-15 3.72110E-10 5.89038E-09 % Am241
0.00000E+00 2.17977E-23 2.15287E-16 7.87110E-15 % Am244
0.00000E+00 3.44744E-27 3.08027E-20 1.13108E-18 % Am245
0.00000E+00 6.24617E-08 1.11623E-06 2.30263E-06 % lost data
7.04520E-02 7.04596E-02 7.05872E-02 7.07298E-02 % total
];

