
DET1001 = [
    1    1    1    1    1    1    1    1    1    1  4.67518E+18 0.00467 
    2    2    1    1    1    1    1    1    1    1  1.82859E+18 0.00559 
    3    3    1    1    1    1    1    1    1    1  1.65152E+17 0.01163 
];


DET1001E = [
 1.00000E-09  6.25000E-07  3.13000E-07
 6.25000E-07  1.00000E-01  5.00003E-02
 1.00000E-01  2.00000E+01  1.00500E+01
];

DET1002 = [
    1    1    1    1    1    1    1    1    1    1  1.51767E+17 0.00695 
    2    2    1    1    1    1    1    1    1    1  3.91500E+17 0.00465 
    3    3    1    1    1    1    1    1    1    1  1.79198E+17 0.00624 
];


DET1002E = [
 1.00000E-09  6.25000E-07  3.13000E-07
 6.25000E-07  1.00000E-01  5.00003E-02
 1.00000E-01  2.00000E+01  1.00500E+01
];
