
DET1001 = [
    1    1    1    1    1    1    1    1    1    1  4.76043E+18 0.00480 
    2    2    1    1    1    1    1    1    1    1  1.86698E+18 0.00620 
    3    3    1    1    1    1    1    1    1    1  1.67412E+17 0.01142 
];


DET1001E = [
 1.00000E-09  6.25000E-07  3.13000E-07
 6.25000E-07  1.00000E-01  5.00003E-02
 1.00000E-01  2.00000E+01  1.00500E+01
];

DET1002 = [
    1    1    1    1    1    1    1    1    1    1  1.53316E+17 0.00740 
    2    2    1    1    1    1    1    1    1    1  4.01588E+17 0.00508 
    3    3    1    1    1    1    1    1    1    1  1.83350E+17 0.00617 
];


DET1002E = [
 1.00000E-09  6.25000E-07  3.13000E-07
 6.25000E-07  1.00000E-01  5.00003E-02
 1.00000E-01  2.00000E+01  1.00500E+01
];
