
DET1001 = [
    1    1    1    1    1    1    1    1    1    1  4.80955E+18 0.00452 
    2    2    1    1    1    1    1    1    1    1  1.90161E+18 0.00591 
    3    3    1    1    1    1    1    1    1    1  1.75373E+17 0.01166 
];


DET1001E = [
 1.00000E-09  6.25000E-07  3.13000E-07
 6.25000E-07  1.00000E-01  5.00003E-02
 1.00000E-01  2.00000E+01  1.00500E+01
];

DET1002 = [
    1    1    1    1    1    1    1    1    1    1  1.50509E+17 0.00754 
    2    2    1    1    1    1    1    1    1    1  4.15456E+17 0.00484 
    3    3    1    1    1    1    1    1    1    1  1.91887E+17 0.00639 
];


DET1002E = [
 1.00000E-09  6.25000E-07  3.13000E-07
 6.25000E-07  1.00000E-01  5.00003E-02
 1.00000E-01  2.00000E+01  1.00500E+01
];
