
DET1001 = [
    1    1    1    1    1    1    1    1    1    1  4.63540E+18 0.00482 
    2    2    1    1    1    1    1    1    1    1  1.79746E+18 0.00599 
    3    3    1    1    1    1    1    1    1    1  1.62513E+17 0.01101 
];


DET1001E = [
 1.00000E-09  6.25000E-07  3.13000E-07
 6.25000E-07  1.00000E-01  5.00003E-02
 1.00000E-01  2.00000E+01  1.00500E+01
];

DET1002 = [
    1    1    1    1    1    1    1    1    1    1  1.54657E+17 0.00730 
    2    2    1    1    1    1    1    1    1    1  3.85875E+17 0.00450 
    3    3    1    1    1    1    1    1    1    1  1.74133E+17 0.00637 
];


DET1002E = [
 1.00000E-09  6.25000E-07  3.13000E-07
 6.25000E-07  1.00000E-01  5.00003E-02
 1.00000E-01  2.00000E+01  1.00500E+01
];
