
DET1001 = [
    1    1    1    1    1    1    1    1    1    1  4.88495E+18 0.00476 
    2    2    1    1    1    1    1    1    1    1  2.27791E+18 0.00506 
    3    3    1    1    1    1    1    1    1    1  3.77447E+17 0.00983 
];


DET1001E = [
 1.00000E-09  6.25000E-07  3.13000E-07
 6.25000E-07  1.00000E-01  5.00003E-02
 1.00000E-01  2.00000E+01  1.00500E+01
];

DET1002 = [
    1    1    1    1    1    1    1    1    1    1  8.81797E+16 0.00986 
    2    2    1    1    1    1    1    1    1    1  3.56244E+17 0.00489 
    3    3    1    1    1    1    1    1    1    1  1.96849E+17 0.00632 
];


DET1002E = [
 1.00000E-09  6.25000E-07  3.13000E-07
 6.25000E-07  1.00000E-01  5.00003E-02
 1.00000E-01  2.00000E+01  1.00500E+01
];
