
DET1001 = [
    1    1    1    1    1    1    1    1    1    1  5.01389E+18 0.00461 
    2    2    1    1    1    1    1    1    1    1  2.38658E+18 0.00492 
    3    3    1    1    1    1    1    1    1    1  4.07860E+17 0.00943 
];


DET1001E = [
 1.00000E-09  6.25000E-07  3.13000E-07
 6.25000E-07  1.00000E-01  5.00003E-02
 1.00000E-01  2.00000E+01  1.00500E+01
];

DET1002 = [
    1    1    1    1    1    1    1    1    1    1  8.48958E+16 0.00982 
    2    2    1    1    1    1    1    1    1    1  3.77933E+17 0.00507 
    3    3    1    1    1    1    1    1    1    1  2.11033E+17 0.00631 
];


DET1002E = [
 1.00000E-09  6.25000E-07  3.13000E-07
 6.25000E-07  1.00000E-01  5.00003E-02
 1.00000E-01  2.00000E+01  1.00500E+01
];
