
DET1001 = [
    1    1    1    1    1    1    1    1    1    1  4.90879E+18 0.00467 
    2    2    1    1    1    1    1    1    1    1  2.32128E+18 0.00488 
    3    3    1    1    1    1    1    1    1    1  3.84958E+17 0.00948 
];


DET1001E = [
 1.00000E-09  6.25000E-07  3.13000E-07
 6.25000E-07  1.00000E-01  5.00003E-02
 1.00000E-01  2.00000E+01  1.00500E+01
];

DET1002 = [
    1    1    1    1    1    1    1    1    1    1  8.70095E+16 0.00975 
    2    2    1    1    1    1    1    1    1    1  3.59514E+17 0.00546 
    3    3    1    1    1    1    1    1    1    1  2.01608E+17 0.00647 
];


DET1002E = [
 1.00000E-09  6.25000E-07  3.13000E-07
 6.25000E-07  1.00000E-01  5.00003E-02
 1.00000E-01  2.00000E+01  1.00500E+01
];
