
DET1001 = [
    1    1    1    1    1    1    1    1    1    1  5.02083E+18 0.00476 
    2    2    1    1    1    1    1    1    1    1  2.36155E+18 0.00504 
    3    3    1    1    1    1    1    1    1    1  3.93518E+17 0.00972 
];


DET1001E = [
 1.00000E-09  6.25000E-07  3.13000E-07
 6.25000E-07  1.00000E-01  5.00003E-02
 1.00000E-01  2.00000E+01  1.00500E+01
];

DET1002 = [
    1    1    1    1    1    1    1    1    1    1  8.66924E+16 0.00973 
    2    2    1    1    1    1    1    1    1    1  3.76066E+17 0.00545 
    3    3    1    1    1    1    1    1    1    1  2.06916E+17 0.00656 
];


DET1002E = [
 1.00000E-09  6.25000E-07  3.13000E-07
 6.25000E-07  1.00000E-01  5.00003E-02
 1.00000E-01  2.00000E+01  1.00500E+01
];
