
ZAI = [
10030
541350
922350
922380
942380
942390
942400
942410
942420
952410
952440
952450
666
0
];

NAMES = [
'H3              '
'Xe135           '
'U235            '
'U238            '
'Pu238           '
'Pu239           '
'Pu240           '
'Pu241           '
'Pu242           '
'Am241           '
'Am244           '
'Am245           '
'lost            '
'total           '
];

i10030  = 1; iH3               = 1;
i541350 = 2; iXe135            = 2;
i922350 = 3; iU235             = 3;
i922380 = 4; iU238             = 4;
i942380 = 5; iPu238            = 5;
i942390 = 6; iPu239            = 6;
i942400 = 7; iPu240            = 7;
i942410 = 8; iPu241            = 8;
i942420 = 9; iPu242            = 9;
i952410 = 10; iAm241            = 10;
i952440 = 11; iAm244            = 11;
i952450 = 12; iAm245            = 12;
iLOST    = 13;
iTOT     = 14;

MAT_uco_VOLUME = [ 5.00346E+04 5.00346E+04 5.00346E+04 5.00346E+04 ];

MAT_uco_BURNUP = [ 0.00000E+00 2.02777E-01 3.60943E+00 7.42164E+00 ];

MAT_uco_ADENS = [
0.00000E+00 8.07361E-14 1.33776E-12 2.51775E-12 % H3
0.00000E+00 2.53906E-08 2.56808E-08 2.58128E-08 % Xe135
3.74777E-03 3.74111E-03 3.63124E-03 3.51237E-03 % U235
2.12374E-02 2.12354E-02 2.12024E-02 2.11647E-02 % U238
0.00000E+00 6.09493E-14 8.56262E-10 7.62704E-09 % Pu238
0.00000E+00 8.90612E-07 3.02915E-05 5.89729E-05 % Pu239
0.00000E+00 1.70730E-09 9.65589E-07 3.64607E-06 % Pu240
0.00000E+00 6.16269E-12 6.94934E-08 5.43384E-07 % Pu241
0.00000E+00 3.01955E-15 6.66246E-10 1.09675E-08 % Pu242
0.00000E+00 9.21053E-16 1.99798E-10 3.26263E-09 % Am241
0.00000E+00 6.65294E-24 6.41902E-17 2.37588E-15 % Am244
0.00000E+00 8.36286E-28 7.32844E-21 2.71511E-19 % Am245
0.00000E+00 4.28662E-08 7.65784E-07 1.57933E-06 % lost data
7.04339E-02 7.04392E-02 7.05267E-02 7.06246E-02 % total
];

MAT_uco_MDENS = [
0.00000E+00 4.04281E-13 6.69875E-12 1.26075E-11 % H3
0.00000E+00 5.68804E-06 5.75306E-06 5.78264E-06 % Xe135
1.46278E+00 1.46018E+00 1.41729E+00 1.37090E+00 % U235
8.39511E+00 8.39435E+00 8.38130E+00 8.36639E+00 % U238
0.00000E+00 2.40931E-11 3.38478E-07 3.01495E-06 % Pu238
0.00000E+00 3.53539E-04 1.20246E-02 2.34100E-02 % Pu239
0.00000E+00 6.80573E-07 3.84909E-04 1.45342E-03 % Pu240
0.00000E+00 2.46678E-09 2.78166E-05 2.17504E-04 % Pu241
0.00000E+00 1.21372E-12 2.67800E-07 4.40844E-06 % Pu242
0.00000E+00 3.68689E-13 7.99773E-08 1.30600E-06 % Am241
0.00000E+00 2.69634E-21 2.60154E-14 9.62911E-13 % Am244
0.00000E+00 3.40326E-25 2.98230E-18 1.10491E-16 % Am245
0.00000E+00 0.00000E+00 0.00000E+00 0.00000E+00 % lost data
1.10000E+01 1.10000E+01 1.09995E+01 1.09990E+01 % total
];

MAT_uco_A = [
0.00000E+00 7.20192E+06 1.19333E+08 2.24591E+08 % H3
0.00000E+00 2.67620E+16 2.70679E+16 2.72071E+16 % Xe135
5.85049E+09 5.84011E+09 5.66858E+09 5.48302E+09 % U235
5.22372E+09 5.22325E+09 5.21513E+09 5.20585E+09 % U238
0.00000E+00 7.63767E+05 1.07300E+10 9.55758E+10 % Pu238
0.00000E+00 4.05960E+10 1.38075E+12 2.68811E+12 % Pu239
0.00000E+00 2.85977E+08 1.61739E+11 6.10727E+11 % Pu240
0.00000E+00 4.73947E+08 5.34445E+12 4.17894E+13 % Pu241
0.00000E+00 8.84924E+00 1.95253E+06 3.21420E+07 % Pu242
0.00000E+00 2.33986E+03 5.07571E+08 8.28846E+09 % Am241
0.00000E+00 6.34578E+00 6.12267E+07 2.26619E+09 % Am244
0.00000E+00 3.93001E-03 3.44390E+04 1.27593E+06 % Am245
0.00000E+00 0.00000E+00 0.00000E+00 0.00000E+00 % lost data
1.10742E+10 3.42794E+18 3.81814E+18 3.87788E+18 % total
];

MAT_uco_H = [
0.00000E+00 6.56555E-09 1.08788E-07 2.04746E-07 % H3
0.00000E+00 2.41264E+03 2.44022E+03 2.45277E+03 % Xe135
4.32367E-03 4.31599E-03 4.18923E-03 4.05209E-03 % U235
3.57812E-03 3.57779E-03 3.57223E-03 3.56588E-03 % U238
0.00000E+00 6.83866E-07 9.60748E-03 8.55773E-02 % Pu238
0.00000E+00 3.40903E-02 1.15948E+00 2.25733E+00 % Pu239
0.00000E+00 2.40596E-04 1.36073E-01 5.13811E-01 % Pu240
0.00000E+00 4.06638E-07 4.58545E-03 3.58546E-02 % Pu241
0.00000E+00 7.06356E-12 1.55853E-06 2.56561E-05 % Pu242
0.00000E+00 2.09788E-09 4.55079E-04 7.43128E-03 % Am241
0.00000E+00 1.12725E-12 1.08761E-05 4.02561E-04 % Am244
0.00000E+00 1.98282E-16 1.73756E-09 6.43748E-08 % Am245
0.00000E+00 0.00000E+00 0.00000E+00 0.00000E+00 % lost data
7.90178E-03 1.20746E+06 1.24661E+06 1.24402E+06 % total
];

MAT_uco_SF = [
0.00000E+00 0.00000E+00 0.00000E+00 0.00000E+00 % H3
0.00000E+00 0.00000E+00 0.00000E+00 0.00000E+00 % Xe135
4.21235E-01 4.20488E-01 4.08138E-01 3.94777E-01 % U235
2.85215E+05 2.85189E+05 2.84746E+05 2.84240E+05 % U238
0.00000E+00 1.42061E-03 1.99578E+01 1.77771E+02 % Pu238
0.00000E+00 1.25848E-01 4.28032E+00 8.33314E+00 % Pu239
0.00000E+00 1.63007E+01 9.21912E+03 3.48114E+04 % Pu240
0.00000E+00 0.00000E+00 0.00000E+00 0.00000E+00 % Pu241
0.00000E+00 4.86708E-05 1.07389E+01 1.76781E+02 % Pu242
0.00000E+00 1.00614E-08 2.18256E-03 3.56404E-02 % Am241
0.00000E+00 0.00000E+00 0.00000E+00 0.00000E+00 % Am244
0.00000E+00 0.00000E+00 0.00000E+00 0.00000E+00 % Am245
0.00000E+00 0.00000E+00 0.00000E+00 0.00000E+00 % lost data
2.85216E+05 2.85206E+05 2.94539E+05 3.37301E+05 % total
];

MAT_uco_ING_TOX = [
0.00000E+00 3.02481E-04 5.01197E-03 9.43283E-03 % H3
0.00000E+00 5.62003E+09 5.68427E+09 5.71349E+09 % Xe135
2.74973E+02 2.74485E+02 2.66423E+02 2.57702E+02 % U235
2.35068E+02 2.35046E+02 2.34681E+02 2.34263E+02 % U238
0.00000E+00 1.75666E-01 2.46789E+03 2.19824E+04 % Pu238
0.00000E+00 1.01490E+04 3.45187E+05 6.72027E+05 % Pu239
0.00000E+00 7.14943E+01 4.04347E+04 1.52682E+05 % Pu240
0.00000E+00 2.27494E+00 2.56534E+04 2.00589E+05 % Pu241
0.00000E+00 2.12382E-06 4.68608E-01 7.71407E+00 % Pu242
0.00000E+00 4.67972E-04 1.01514E+02 1.65769E+03 % Am241
0.00000E+00 2.91906E-09 2.81643E-02 1.04245E+00 % Am244
0.00000E+00 2.43661E-13 2.13522E-06 7.91075E-05 % Am245
0.00000E+00 0.00000E+00 0.00000E+00 0.00000E+00 % lost data
5.10041E+02 4.68389E+10 6.26452E+10 6.27320E+10 % total
];

MAT_uco_INH_TOX = [
0.00000E+00 1.87250E-03 3.10265E-02 5.83937E-02 % H3
0.00000E+00 2.94382E+09 2.97747E+09 2.99278E+09 % Xe135
4.97292E+04 4.96409E+04 4.81830E+04 4.66056E+04 % U235
4.17898E+04 4.17860E+04 4.17210E+04 4.16468E+04 % U238
0.00000E+00 8.40143E+01 1.18030E+06 1.05133E+07 % Pu238
0.00000E+00 4.87152E+06 1.65690E+08 3.22573E+08 % Pu239
0.00000E+00 3.43173E+04 1.94087E+07 7.32872E+07 % Pu240
0.00000E+00 1.09008E+03 1.22922E+07 9.61157E+07 % Pu241
0.00000E+00 9.73416E-04 2.14779E+02 3.53562E+03 % Pu242
0.00000E+00 2.24627E-01 4.87268E+04 7.95692E+05 % Am241
0.00000E+00 2.34794E-08 2.26539E-01 8.38491E+00 % Am244
0.00000E+00 2.20081E-13 1.92859E-06 7.14520E-05 % Am245
0.00000E+00 0.00000E+00 0.00000E+00 0.00000E+00 % lost data
9.15190E+04 4.50407E+10 6.02486E+10 6.21925E+10 % total
];

TOT_VOLUME = [ 5.00346E+04 5.00346E+04 5.00346E+04 5.00346E+04 ];

TOT_BURNUP = [ 0.00000E+00 2.02777E-01 3.60943E+00 7.42164E+00 ];

TOT_ADENS = [
0.00000E+00 8.07361E-14 1.33776E-12 2.51775E-12 % H3
0.00000E+00 2.53906E-08 2.56808E-08 2.58128E-08 % Xe135
3.74777E-03 3.74111E-03 3.63124E-03 3.51237E-03 % U235
2.12374E-02 2.12354E-02 2.12024E-02 2.11647E-02 % U238
0.00000E+00 6.09493E-14 8.56262E-10 7.62704E-09 % Pu238
0.00000E+00 8.90612E-07 3.02915E-05 5.89729E-05 % Pu239
0.00000E+00 1.70730E-09 9.65589E-07 3.64607E-06 % Pu240
0.00000E+00 6.16269E-12 6.94934E-08 5.43384E-07 % Pu241
0.00000E+00 3.01955E-15 6.66246E-10 1.09675E-08 % Pu242
0.00000E+00 9.21053E-16 1.99798E-10 3.26263E-09 % Am241
0.00000E+00 6.65294E-24 6.41902E-17 2.37588E-15 % Am244
0.00000E+00 8.36286E-28 7.32844E-21 2.71511E-19 % Am245
0.00000E+00 4.28662E-08 7.65784E-07 1.57933E-06 % lost data
7.04339E-02 7.04392E-02 7.05267E-02 7.06246E-02 % total
];

