
DET1001 = [
    1    1    1    1    1    1    1    1    1    1  7.18769E+18 0.00390 
    2    2    1    1    1    1    1    1    1    1  2.30964E+18 0.00522 
    3    3    1    1    1    1    1    1    1    1  3.75096E+17 0.01031 
];


DET1001E = [
 1.00000E-09  6.25000E-07  3.13000E-07
 6.25000E-07  1.00000E-01  5.00003E-02
 1.00000E-01  2.00000E+01  1.00500E+01
];

DET1002 = [
    1    1    1    1    1    1    1    1    1    1  3.01144E+17 0.00577 
    2    2    1    1    1    1    1    1    1    1  4.28901E+17 0.00487 
    3    3    1    1    1    1    1    1    1    1  2.20504E+17 0.00621 
];


DET1002E = [
 1.00000E-09  6.25000E-07  3.13000E-07
 6.25000E-07  1.00000E-01  5.00003E-02
 1.00000E-01  2.00000E+01  1.00500E+01
];
