
DET1001 = [
    1    1    1    1    1    1    1    1    1    1  7.31243E+18 0.00382 
    2    2    1    1    1    1    1    1    1    1  2.37541E+18 0.00536 
    3    3    1    1    1    1    1    1    1    1  3.92512E+17 0.00953 
];


DET1001E = [
 1.00000E-09  6.25000E-07  3.13000E-07
 6.25000E-07  1.00000E-01  5.00003E-02
 1.00000E-01  2.00000E+01  1.00500E+01
];

DET1002 = [
    1    1    1    1    1    1    1    1    1    1  2.95821E+17 0.00551 
    2    2    1    1    1    1    1    1    1    1  4.44014E+17 0.00470 
    3    3    1    1    1    1    1    1    1    1  2.24557E+17 0.00616 
];


DET1002E = [
 1.00000E-09  6.25000E-07  3.13000E-07
 6.25000E-07  1.00000E-01  5.00003E-02
 1.00000E-01  2.00000E+01  1.00500E+01
];
