
ZAI = [
10030
541350
922350
922380
942380
942390
942400
942410
942420
952410
952440
952450
666
0
];

NAMES = [
'H3              '
'Xe135           '
'U235            '
'U238            '
'Pu238           '
'Pu239           '
'Pu240           '
'Pu241           '
'Pu242           '
'Am241           '
'Am244           '
'Am245           '
'lost            '
'total           '
];

i10030  = 1; iH3               = 1;
i541350 = 2; iXe135            = 2;
i922350 = 3; iU235             = 3;
i922380 = 4; iU238             = 4;
i942380 = 5; iPu238            = 5;
i942390 = 6; iPu239            = 6;
i942400 = 7; iPu240            = 7;
i942410 = 8; iPu241            = 8;
i942420 = 9; iPu242            = 9;
i952410 = 10; iAm241            = 10;
i952440 = 11; iAm244            = 11;
i952450 = 12; iAm245            = 12;
iLOST    = 13;
iTOT     = 14;

MAT_uco_VOLUME = [ 1.77016E+04 1.77016E+04 1.77016E+04 1.77016E+04 ];

MAT_uco_BURNUP = [ 0.00000E+00 5.73139E-01 1.02020E+01 2.09770E+01 ];

MAT_uco_ADENS = [
0.00000E+00 1.03306E-13 1.47217E-12 2.39368E-12 % H3
0.00000E+00 3.89721E-08 3.87421E-08 3.77251E-08 % Xe135
3.74777E-03 3.72947E-03 3.43198E-03 3.11872E-03 % U235
2.12374E-02 2.12336E-02 2.11681E-02 2.10920E-02 % U238
0.00000E+00 1.69074E-13 5.01048E-09 4.89731E-08 % Pu238
0.00000E+00 1.74450E-06 5.17517E-05 8.71254E-05 % Pu239
0.00000E+00 8.68609E-09 4.83793E-06 1.61855E-05 % Pu240
0.00000E+00 4.84516E-11 5.42805E-07 3.63113E-06 % Pu241
0.00000E+00 6.69724E-14 1.55982E-08 2.32663E-07 % Pu242
0.00000E+00 7.06488E-15 1.54702E-09 2.12296E-08 % Am241
0.00000E+00 3.13262E-22 3.43399E-15 1.19221E-13 % Am244
0.00000E+00 1.04634E-25 1.04347E-18 3.71845E-17 % Am245
0.00000E+00 1.21073E-07 2.17137E-06 4.48443E-06 % lost data
7.04339E-02 7.04487E-02 7.06964E-02 7.09728E-02 % total
];

MAT_uco_MDENS = [
0.00000E+00 5.17297E-13 7.37178E-12 1.19862E-11 % H3
0.00000E+00 8.73060E-06 8.67907E-06 8.45126E-06 % Xe135
1.46278E+00 1.45564E+00 1.33952E+00 1.21725E+00 % U235
8.39511E+00 8.39362E+00 8.36772E+00 8.33763E+00 % U238
0.00000E+00 6.68346E-11 1.98063E-06 1.93589E-05 % Pu238
0.00000E+00 6.92502E-04 2.05434E-02 3.45855E-02 % Pu239
0.00000E+00 3.46250E-06 1.92853E-03 6.45196E-03 % Pu240
0.00000E+00 1.93941E-08 2.17272E-04 1.45346E-03 % Pu241
0.00000E+00 2.69198E-11 6.26975E-06 9.35197E-05 % Pu242
0.00000E+00 2.82800E-12 6.19256E-07 8.49800E-06 % Am241
0.00000E+00 1.26960E-19 1.39175E-12 4.83185E-11 % Am244
0.00000E+00 4.25805E-23 4.24639E-16 1.51322E-14 % Am245
0.00000E+00 0.00000E+00 0.00000E+00 0.00000E+00 % lost data
1.10000E+01 1.09999E+01 1.09985E+01 1.09969E+01 % total
];

MAT_uco_A = [
0.00000E+00 3.26023E+06 4.64601E+07 7.55424E+07 % H3
0.00000E+00 1.45326E+16 1.44468E+16 1.40676E+16 % Xe135
2.06983E+09 2.05973E+09 1.89543E+09 1.72242E+09 % U235
1.84809E+09 1.84776E+09 1.84206E+09 1.83544E+09 % U238
0.00000E+00 7.49571E+05 2.22134E+10 2.17116E+11 % Pu238
0.00000E+00 2.81326E+10 8.34569E+11 1.40502E+12 % Pu239
0.00000E+00 5.14742E+08 2.86698E+11 9.59161E+11 % Pu240
0.00000E+00 1.31829E+09 1.47688E+13 9.87970E+13 % Pu241
0.00000E+00 6.94389E+01 1.61726E+07 2.41231E+08 % Pu242
0.00000E+00 6.34970E+03 1.39041E+09 1.90805E+10 % Am241
0.00000E+00 1.05711E+02 1.15881E+09 4.02315E+10 % Am244
0.00000E+00 1.73961E-01 1.73485E+06 6.18222E+07 % Am245
0.00000E+00 0.00000E+00 0.00000E+00 0.00000E+00 % lost data
3.91792E+09 3.29312E+18 3.62239E+18 3.65013E+18 % total
];

MAT_uco_H = [
0.00000E+00 2.97215E-09 4.23548E-08 6.88673E-08 % H3
0.00000E+00 1.31014E+03 1.30241E+03 1.26822E+03 % Xe135
1.52966E-03 1.52219E-03 1.40077E-03 1.27291E-03 % U235
1.26589E-03 1.26567E-03 1.26176E-03 1.25723E-03 % U238
0.00000E+00 6.71156E-07 1.98895E-02 1.94403E-01 % Pu238
0.00000E+00 2.36242E-02 7.00825E-01 1.17986E+00 % Pu239
0.00000E+00 4.33058E-04 2.41202E-01 8.06952E-01 % Pu240
0.00000E+00 1.13107E-06 1.26714E-02 8.47662E-02 % Pu241
0.00000E+00 5.54269E-11 1.29092E-05 1.92553E-04 % Pu242
0.00000E+00 5.69302E-09 1.24662E-03 1.71072E-02 % Am241
0.00000E+00 1.87783E-11 2.05849E-04 7.14663E-03 % Am244
0.00000E+00 8.77693E-15 8.75289E-08 3.11913E-06 % Am245
0.00000E+00 0.00000E+00 0.00000E+00 0.00000E+00 % lost data
2.79556E-03 1.19545E+06 1.21250E+06 1.19522E+06 % total
];

MAT_uco_SF = [
0.00000E+00 0.00000E+00 0.00000E+00 0.00000E+00 % H3
0.00000E+00 0.00000E+00 0.00000E+00 0.00000E+00 % Xe135
1.49028E-01 1.48301E-01 1.36471E-01 1.24014E-01 % U235
1.00906E+05 1.00888E+05 1.00577E+05 1.00215E+05 % U238
0.00000E+00 1.39420E-03 4.13168E+01 4.03836E+02 % Pu238
0.00000E+00 8.72110E-02 2.58716E+00 4.35556E+00 % Pu239
0.00000E+00 2.93403E+01 1.63418E+04 5.46722E+04 % Pu240
0.00000E+00 0.00000E+00 0.00000E+00 0.00000E+00 % Pu241
0.00000E+00 3.81914E-04 8.89494E+01 1.32677E+03 % Pu242
0.00000E+00 2.73037E-08 5.97877E-03 8.20461E-02 % Am241
0.00000E+00 0.00000E+00 0.00000E+00 0.00000E+00 % Am244
0.00000E+00 0.00000E+00 0.00000E+00 0.00000E+00 % Am245
0.00000E+00 0.00000E+00 0.00000E+00 0.00000E+00 % lost data
1.00906E+05 1.00917E+05 1.20913E+05 2.71996E+05 % total
];

MAT_uco_ING_TOX = [
0.00000E+00 1.36930E-04 1.95132E-03 3.17278E-03 % H3
0.00000E+00 3.05185E+09 3.03384E+09 2.95420E+09 % Xe135
9.72821E+01 9.68073E+01 8.90851E+01 8.09537E+01 % U235
8.31640E+01 8.31493E+01 8.28927E+01 8.25946E+01 % U238
0.00000E+00 1.72401E-01 5.10907E+03 4.99367E+04 % Pu238
0.00000E+00 7.03315E+03 2.08642E+05 3.51255E+05 % Pu239
0.00000E+00 1.28686E+02 7.16746E+04 2.39790E+05 % Pu240
0.00000E+00 6.32778E+00 7.08903E+04 4.74226E+05 % Pu241
0.00000E+00 1.66653E-05 3.88143E+00 5.78955E+01 % Pu242
0.00000E+00 1.26994E-03 2.78082E+02 3.81610E+03 % Am241
0.00000E+00 4.86273E-08 5.33054E-01 1.85065E+01 % Am244
0.00000E+00 1.07856E-11 1.07561E-04 3.83298E-03 % Am245
0.00000E+00 0.00000E+00 0.00000E+00 0.00000E+00 % lost data
1.80446E+02 4.41379E+10 5.91916E+10 5.86419E+10 % total
];

MAT_uco_INH_TOX = [
0.00000E+00 8.47660E-04 1.20796E-02 1.96410E-02 % H3
0.00000E+00 1.59859E+09 1.58915E+09 1.54744E+09 % Xe135
1.75936E+04 1.75077E+04 1.61111E+04 1.46406E+04 % U235
1.47847E+04 1.47821E+04 1.47365E+04 1.46835E+04 % U238
0.00000E+00 8.24528E+01 2.44347E+06 2.38828E+07 % Pu238
0.00000E+00 3.37591E+06 1.00148E+08 1.68602E+08 % Pu239
0.00000E+00 6.17691E+04 3.44038E+07 1.15099E+08 % Pu240
0.00000E+00 3.03206E+03 3.39683E+07 2.27233E+08 % Pu241
0.00000E+00 7.63828E-03 1.77899E+03 2.65354E+04 % Pu242
0.00000E+00 6.09571E-01 1.33479E+05 1.83173E+06 % Am241
0.00000E+00 3.91132E-07 4.28761E+00 1.48857E+02 % Am244
0.00000E+00 9.74184E-12 9.71516E-05 3.46204E-03 % Am245
0.00000E+00 0.00000E+00 0.00000E+00 0.00000E+00 % lost data
3.23783E+04 4.35075E+10 5.81000E+10 5.95852E+10 % total
];

TOT_VOLUME = [ 1.77016E+04 1.77016E+04 1.77016E+04 1.77016E+04 ];

TOT_BURNUP = [ 0.00000E+00 5.73139E-01 1.02020E+01 2.09770E+01 ];

TOT_ADENS = [
0.00000E+00 1.03306E-13 1.47217E-12 2.39368E-12 % H3
0.00000E+00 3.89721E-08 3.87421E-08 3.77251E-08 % Xe135
3.74777E-03 3.72947E-03 3.43198E-03 3.11872E-03 % U235
2.12374E-02 2.12336E-02 2.11681E-02 2.10920E-02 % U238
0.00000E+00 1.69074E-13 5.01048E-09 4.89731E-08 % Pu238
0.00000E+00 1.74450E-06 5.17517E-05 8.71254E-05 % Pu239
0.00000E+00 8.68609E-09 4.83793E-06 1.61855E-05 % Pu240
0.00000E+00 4.84516E-11 5.42805E-07 3.63113E-06 % Pu241
0.00000E+00 6.69724E-14 1.55982E-08 2.32663E-07 % Pu242
0.00000E+00 7.06488E-15 1.54702E-09 2.12296E-08 % Am241
0.00000E+00 3.13262E-22 3.43399E-15 1.19221E-13 % Am244
0.00000E+00 1.04634E-25 1.04347E-18 3.71845E-17 % Am245
0.00000E+00 1.21073E-07 2.17137E-06 4.48443E-06 % lost data
7.04339E-02 7.04487E-02 7.06964E-02 7.09728E-02 % total
];

