
DET1001 = [
    1    1    1    1    1    1    1    1    1    1  7.77706E+18 0.00394 
    2    2    1    1    1    1    1    1    1    1  2.48784E+18 0.00519 
    3    3    1    1    1    1    1    1    1    1  4.11060E+17 0.00970 
];


DET1001E = [
 1.00000E-09  6.25000E-07  3.13000E-07
 6.25000E-07  1.00000E-01  5.00003E-02
 1.00000E-01  2.00000E+01  1.00500E+01
];

DET1002 = [
    1    1    1    1    1    1    1    1    1    1  3.19356E+17 0.00550 
    2    2    1    1    1    1    1    1    1    1  4.78623E+17 0.00473 
    3    3    1    1    1    1    1    1    1    1  2.47875E+17 0.00593 
];


DET1002E = [
 1.00000E-09  6.25000E-07  3.13000E-07
 6.25000E-07  1.00000E-01  5.00003E-02
 1.00000E-01  2.00000E+01  1.00500E+01
];
