
DET1001 = [
    1    1    1    1    1    1    1    1    1    1  3.84976E+18 0.00491 
    2    2    1    1    1    1    1    1    1    1  1.71849E+18 0.00618 
    3    3    1    1    1    1    1    1    1    1  1.56967E+17 0.01187 
];


DET1001E = [
 1.00000E-09  6.25000E-07  3.13000E-07
 6.25000E-07  1.00000E-01  5.00003E-02
 1.00000E-01  2.00000E+01  1.00500E+01
];

DET1002 = [
    1    1    1    1    1    1    1    1    1    1  8.47609E+16 0.00877 
    2    2    1    1    1    1    1    1    1    1  3.42738E+17 0.00492 
    3    3    1    1    1    1    1    1    1    1  1.63946E+17 0.00626 
];


DET1002E = [
 1.00000E-09  6.25000E-07  3.13000E-07
 6.25000E-07  1.00000E-01  5.00003E-02
 1.00000E-01  2.00000E+01  1.00500E+01
];
