
DET1001 = [
    1    1    1    1    1    1    1    1    1    1  3.89126E+18 0.00490 
    2    2    1    1    1    1    1    1    1    1  1.75165E+18 0.00592 
    3    3    1    1    1    1    1    1    1    1  1.61388E+17 0.01125 
];


DET1001E = [
 1.00000E-09  6.25000E-07  3.13000E-07
 6.25000E-07  1.00000E-01  5.00003E-02
 1.00000E-01  2.00000E+01  1.00500E+01
];

DET1002 = [
    1    1    1    1    1    1    1    1    1    1  8.41297E+16 0.00887 
    2    2    1    1    1    1    1    1    1    1  3.50212E+17 0.00503 
    3    3    1    1    1    1    1    1    1    1  1.66979E+17 0.00620 
];


DET1002E = [
 1.00000E-09  6.25000E-07  3.13000E-07
 6.25000E-07  1.00000E-01  5.00003E-02
 1.00000E-01  2.00000E+01  1.00500E+01
];
