
ZAI = [
10030
541350
922350
922380
942380
942390
942400
942410
942420
952410
952440
952450
666
0
];

NAMES = [
'H3              '
'Xe135           '
'U235            '
'U238            '
'Pu238           '
'Pu239           '
'Pu240           '
'Pu241           '
'Pu242           '
'Am241           '
'Am244           '
'Am245           '
'lost            '
'total           '
];

i10030  = 1; iH3               = 1;
i541350 = 2; iXe135            = 2;
i922350 = 3; iU235             = 3;
i922380 = 4; iU238             = 4;
i942380 = 5; iPu238            = 5;
i942390 = 6; iPu239            = 6;
i942400 = 7; iPu240            = 7;
i942410 = 8; iPu241            = 8;
i942420 = 9; iPu242            = 9;
i952410 = 10; iAm241            = 10;
i952440 = 11; iAm244            = 11;
i952450 = 12; iAm245            = 12;
iLOST    = 13;
iTOT     = 14;

MAT_uco_VOLUME = [ 3.43362E+04 3.43362E+04 3.43362E+04 3.43362E+04 ];

MAT_uco_BURNUP = [ 0.00000E+00 2.95501E-01 5.25984E+00 1.08151E+01 ];

MAT_uco_ADENS = [
0.00000E+00 8.28672E-14 1.35655E-12 2.57062E-12 % H3
0.00000E+00 3.56328E-08 3.58564E-08 3.58808E-08 % Xe135
4.87458E-03 4.86488E-03 4.70423E-03 4.52988E-03 % U235
2.01233E-02 2.01210E-02 2.00819E-02 2.00372E-02 % U238
0.00000E+00 6.89600E-14 1.29452E-09 1.23591E-08 % Pu238
0.00000E+00 1.05731E-06 3.57162E-05 6.88518E-05 % Pu239
0.00000E+00 2.22585E-09 1.25574E-06 4.72396E-06 % Pu240
0.00000E+00 8.69055E-12 9.71635E-08 7.59571E-07 % Pu241
0.00000E+00 4.52541E-15 9.92242E-10 1.64469E-08 % Pu242
0.00000E+00 1.29899E-15 2.79381E-10 4.54758E-09 % Am241
0.00000E+00 1.15523E-23 1.08498E-16 4.06926E-15 % Am244
0.00000E+00 1.50285E-27 1.28271E-20 4.84473E-19 % Am245
0.00000E+00 6.24638E-08 1.11539E-06 2.29961E-06 % lost data
7.04699E-02 7.04775E-02 7.06050E-02 7.07477E-02 % total
];

MAT_uco_MDENS = [
0.00000E+00 4.14952E-13 6.79284E-12 1.28722E-11 % H3
0.00000E+00 7.98253E-06 8.03261E-06 8.03808E-06 % Xe135
1.90258E+00 1.89879E+00 1.83609E+00 1.76804E+00 % U235
7.95473E+00 7.95382E+00 7.93836E+00 7.92067E+00 % U238
0.00000E+00 2.72597E-11 5.11718E-07 4.88550E-06 % Pu238
0.00000E+00 4.19711E-04 1.41780E-02 2.73315E-02 % Pu239
0.00000E+00 8.87281E-07 5.00569E-04 1.88309E-03 % Pu240
0.00000E+00 3.47863E-09 3.88923E-05 3.04039E-04 % Pu241
0.00000E+00 1.81901E-12 3.98836E-07 6.61089E-06 % Pu242
0.00000E+00 5.19973E-13 1.11833E-07 1.82035E-06 % Am241
0.00000E+00 4.68198E-21 4.39727E-14 1.64921E-12 % Am244
0.00000E+00 6.11585E-25 5.21998E-18 1.97156E-16 % Am245
0.00000E+00 0.00000E+00 0.00000E+00 0.00000E+00 % lost data
1.10000E+01 1.10000E+01 1.09992E+01 1.09984E+01 % total
];

MAT_uco_A = [
0.00000E+00 5.07277E+06 8.30422E+07 1.57362E+08 % H3
0.00000E+00 2.57738E+16 2.59355E+16 2.59532E+16 % Xe135
5.22203E+09 5.21163E+09 5.03953E+09 4.85276E+09 % U235
3.39673E+09 3.39634E+09 3.38974E+09 3.38219E+09 % U238
0.00000E+00 5.93022E+05 1.11322E+10 1.06282E+11 % Pu238
0.00000E+00 3.30734E+10 1.11723E+12 2.15373E+12 % Pu239
0.00000E+00 2.55859E+08 1.44345E+11 5.43014E+11 % Pu240
0.00000E+00 4.58657E+08 5.12796E+12 4.00875E+13 % Pu241
0.00000E+00 9.10132E+00 1.99555E+06 3.30773E+07 % Pu242
0.00000E+00 2.26461E+03 4.87062E+08 7.92807E+09 % Am241
0.00000E+00 7.56175E+00 7.10193E+07 2.66360E+09 % Am244
0.00000E+00 4.84661E-03 4.13666E+04 1.56240E+06 % Am245
0.00000E+00 0.00000E+00 0.00000E+00 0.00000E+00 % lost data
8.61876E+09 3.35364E+18 3.72425E+18 3.78274E+18 % total
];

MAT_uco_H = [
0.00000E+00 4.62453E-09 7.57044E-08 1.43457E-07 % H3
0.00000E+00 2.32355E+03 2.33813E+03 2.33972E+03 % Xe135
3.85922E-03 3.85153E-03 3.72435E-03 3.58632E-03 % U235
2.32667E-03 2.32641E-03 2.32188E-03 2.31671E-03 % U238
0.00000E+00 5.30984E-07 9.96764E-03 9.51634E-02 % Pu238
0.00000E+00 2.77732E-02 9.38187E-01 1.80859E+00 % Pu239
0.00000E+00 2.15257E-04 1.21439E-01 4.56843E-01 % Pu240
0.00000E+00 3.93520E-07 4.39970E-03 3.43944E-02 % Pu241
0.00000E+00 7.26477E-12 1.59287E-06 2.64026E-05 % Pu242
0.00000E+00 2.03040E-09 4.36690E-04 7.10816E-03 % Am241
0.00000E+00 1.34325E-12 1.26157E-05 4.73155E-04 % Am244
0.00000E+00 2.44527E-16 2.08708E-09 7.88280E-08 % Am245
0.00000E+00 0.00000E+00 0.00000E+00 0.00000E+00 % lost data
6.18589E-03 1.20148E+06 1.23685E+06 1.23457E+06 % total
];

MAT_uco_SF = [
0.00000E+00 0.00000E+00 0.00000E+00 0.00000E+00 % H3
0.00000E+00 0.00000E+00 0.00000E+00 0.00000E+00 % Xe135
3.75986E-01 3.75237E-01 3.62846E-01 3.49399E-01 % U235
1.85461E+05 1.85440E+05 1.85080E+05 1.84667E+05 % U238
0.00000E+00 1.10302E-03 2.07059E+01 1.97684E+02 % Pu238
0.00000E+00 1.02527E-01 3.46341E+00 6.67657E+00 % Pu239
0.00000E+00 1.45839E+01 8.22768E+03 3.09518E+04 % Pu240
0.00000E+00 0.00000E+00 0.00000E+00 0.00000E+00 % Pu241
0.00000E+00 5.00572E-05 1.09756E+01 1.81925E+02 % Pu242
0.00000E+00 9.73781E-09 2.09436E-03 3.40907E-02 % Am241
0.00000E+00 0.00000E+00 0.00000E+00 0.00000E+00 % Am244
0.00000E+00 0.00000E+00 0.00000E+00 0.00000E+00 % Am245
0.00000E+00 0.00000E+00 0.00000E+00 0.00000E+00 % lost data
1.85462E+05 1.85456E+05 1.93891E+05 2.34384E+05 % total
];

MAT_uco_ING_TOX = [
0.00000E+00 2.13056E-04 3.48777E-03 6.60922E-03 % H3
0.00000E+00 5.41251E+09 5.44646E+09 5.45017E+09 % Xe135
2.45435E+02 2.44947E+02 2.36858E+02 2.28080E+02 % U235
1.52853E+02 1.52835E+02 1.52538E+02 1.52198E+02 % U238
0.00000E+00 1.36395E-01 2.56041E+03 2.44448E+04 % Pu238
0.00000E+00 8.26834E+03 2.79307E+05 5.38433E+05 % Pu239
0.00000E+00 6.39647E+01 3.60863E+04 1.35753E+05 % Pu240
0.00000E+00 2.20156E+00 2.46142E+04 1.92420E+05 % Pu241
0.00000E+00 2.18432E-06 4.78933E-01 7.93855E+00 % Pu242
0.00000E+00 4.52921E-04 9.74123E+01 1.58561E+03 % Am241
0.00000E+00 3.47841E-09 3.26689E-02 1.22526E+00 % Am244
0.00000E+00 3.00490E-13 2.56473E-06 9.68685E-05 % Am245
0.00000E+00 0.00000E+00 0.00000E+00 0.00000E+00 % lost data
3.98288E+02 4.65782E+10 6.21701E+10 6.22099E+10 % total
];

MAT_uco_INH_TOX = [
0.00000E+00 1.31892E-03 2.15910E-02 4.09142E-02 % H3
0.00000E+00 2.83512E+09 2.85291E+09 2.85485E+09 % Xe135
4.43872E+04 4.42989E+04 4.28360E+04 4.12485E+04 % U235
2.71738E+04 2.71708E+04 2.71179E+04 2.70575E+04 % U238
0.00000E+00 6.52324E+01 1.22454E+06 1.16910E+07 % Pu238
0.00000E+00 3.96880E+06 1.34067E+08 2.58448E+08 % Pu239
0.00000E+00 3.07031E+04 1.73214E+07 6.51616E+07 % Pu240
0.00000E+00 1.05491E+03 1.17943E+07 9.22013E+07 % Pu241
0.00000E+00 1.00114E-03 2.19511E+02 3.63850E+03 % Pu242
0.00000E+00 2.17402E-01 4.67579E+04 7.61095E+05 % Am241
0.00000E+00 2.79785E-08 2.62771E-01 9.85533E+00 % Am244
0.00000E+00 2.71410E-13 2.31653E-06 8.74942E-05 % Am245
0.00000E+00 0.00000E+00 0.00000E+00 0.00000E+00 % lost data
7.15611E+04 4.48503E+10 5.98140E+10 6.16734E+10 % total
];

TOT_VOLUME = [ 3.43362E+04 3.43362E+04 3.43362E+04 3.43362E+04 ];

TOT_BURNUP = [ 0.00000E+00 2.95501E-01 5.25984E+00 1.08151E+01 ];

TOT_ADENS = [
0.00000E+00 8.28672E-14 1.35655E-12 2.57062E-12 % H3
0.00000E+00 3.56328E-08 3.58564E-08 3.58808E-08 % Xe135
4.87458E-03 4.86488E-03 4.70423E-03 4.52988E-03 % U235
2.01233E-02 2.01210E-02 2.00819E-02 2.00372E-02 % U238
0.00000E+00 6.89600E-14 1.29452E-09 1.23591E-08 % Pu238
0.00000E+00 1.05731E-06 3.57162E-05 6.88518E-05 % Pu239
0.00000E+00 2.22585E-09 1.25574E-06 4.72396E-06 % Pu240
0.00000E+00 8.69055E-12 9.71635E-08 7.59571E-07 % Pu241
0.00000E+00 4.52541E-15 9.92242E-10 1.64469E-08 % Pu242
0.00000E+00 1.29899E-15 2.79381E-10 4.54758E-09 % Am241
0.00000E+00 1.15523E-23 1.08498E-16 4.06926E-15 % Am244
0.00000E+00 1.50285E-27 1.28271E-20 4.84473E-19 % Am245
0.00000E+00 6.24638E-08 1.11539E-06 2.29961E-06 % lost data
7.04699E-02 7.04775E-02 7.06050E-02 7.07477E-02 % total
];

