
DET1001 = [
    1    1    1    1    1    1    1    1    1    1  3.79790E+18 0.00488 
    2    2    1    1    1    1    1    1    1    1  1.68633E+18 0.00599 
    3    3    1    1    1    1    1    1    1    1  1.55829E+17 0.01153 
];


DET1001E = [
 1.00000E-09  6.25000E-07  3.13000E-07
 6.25000E-07  1.00000E-01  5.00003E-02
 1.00000E-01  2.00000E+01  1.00500E+01
];

DET1002 = [
    1    1    1    1    1    1    1    1    1    1  8.50859E+16 0.00909 
    2    2    1    1    1    1    1    1    1    1  3.33014E+17 0.00464 
    3    3    1    1    1    1    1    1    1    1  1.59875E+17 0.00632 
];


DET1002E = [
 1.00000E-09  6.25000E-07  3.13000E-07
 6.25000E-07  1.00000E-01  5.00003E-02
 1.00000E-01  2.00000E+01  1.00500E+01
];
