
DET1001 = [
    1    1    1    1    1    1    1    1    1    1  3.94800E+18 0.00509 
    2    2    1    1    1    1    1    1    1    1  1.76405E+18 0.00580 
    3    3    1    1    1    1    1    1    1    1  1.63546E+17 0.01156 
];


DET1001E = [
 1.00000E-09  6.25000E-07  3.13000E-07
 6.25000E-07  1.00000E-01  5.00003E-02
 1.00000E-01  2.00000E+01  1.00500E+01
];

DET1002 = [
    1    1    1    1    1    1    1    1    1    1  8.38362E+16 0.00960 
    2    2    1    1    1    1    1    1    1    1  3.57836E+17 0.00498 
    3    3    1    1    1    1    1    1    1    1  1.71161E+17 0.00618 
];


DET1002E = [
 1.00000E-09  6.25000E-07  3.13000E-07
 6.25000E-07  1.00000E-01  5.00003E-02
 1.00000E-01  2.00000E+01  1.00500E+01
];
