
DET1001 = [
    1    1    1    1    1    1    1    1    1    1  4.86503E+18 0.00459 
    2    2    1    1    1    1    1    1    1    1  1.91348E+18 0.00580 
    3    3    1    1    1    1    1    1    1    1  1.73899E+17 0.01191 
];


DET1001E = [
 1.00000E-09  6.25000E-07  3.13000E-07
 6.25000E-07  1.00000E-01  5.00003E-02
 1.00000E-01  2.00000E+01  1.00500E+01
];

DET1002 = [
    1    1    1    1    1    1    1    1    1    1  1.55287E+17 0.00757 
    2    2    1    1    1    1    1    1    1    1  4.19303E+17 0.00481 
    3    3    1    1    1    1    1    1    1    1  1.93258E+17 0.00650 
];


DET1002E = [
 1.00000E-09  6.25000E-07  3.13000E-07
 6.25000E-07  1.00000E-01  5.00003E-02
 1.00000E-01  2.00000E+01  1.00500E+01
];
