
DET1001 = [
    1    1    1    1    1    1    1    1    1    1  4.74051E+18 0.00469 
    2    2    1    1    1    1    1    1    1    1  1.84230E+18 0.00554 
    3    3    1    1    1    1    1    1    1    1  1.64785E+17 0.01165 
];


DET1001E = [
 1.00000E-09  6.25000E-07  3.13000E-07
 6.25000E-07  1.00000E-01  5.00003E-02
 1.00000E-01  2.00000E+01  1.00500E+01
];

DET1002 = [
    1    1    1    1    1    1    1    1    1    1  1.57807E+17 0.00673 
    2    2    1    1    1    1    1    1    1    1  3.97245E+17 0.00487 
    3    3    1    1    1    1    1    1    1    1  1.82281E+17 0.00597 
];


DET1002E = [
 1.00000E-09  6.25000E-07  3.13000E-07
 6.25000E-07  1.00000E-01  5.00003E-02
 1.00000E-01  2.00000E+01  1.00500E+01
];
