
DET1001 = [
    1    1    1    1    1    1    1    1    1    1  4.82310E+18 0.00458 
    2    2    1    1    1    1    1    1    1    1  1.88728E+18 0.00580 
    3    3    1    1    1    1    1    1    1    1  1.72813E+17 0.01231 
];


DET1001E = [
 1.00000E-09  6.25000E-07  3.13000E-07
 6.25000E-07  1.00000E-01  5.00003E-02
 1.00000E-01  2.00000E+01  1.00500E+01
];

DET1002 = [
    1    1    1    1    1    1    1    1    1    1  1.56658E+17 0.00772 
    2    2    1    1    1    1    1    1    1    1  4.08459E+17 0.00466 
    3    3    1    1    1    1    1    1    1    1  1.84912E+17 0.00624 
];


DET1002E = [
 1.00000E-09  6.25000E-07  3.13000E-07
 6.25000E-07  1.00000E-01  5.00003E-02
 1.00000E-01  2.00000E+01  1.00500E+01
];
