
ZAI = [
10030
541350
922350
922380
942380
942390
942400
942410
942420
952410
952440
952450
666
0
];

NAMES = [
'H3              '
'Xe135           '
'U235            '
'U238            '
'Pu238           '
'Pu239           '
'Pu240           '
'Pu241           '
'Pu242           '
'Am241           '
'Am244           '
'Am245           '
'lost            '
'total           '
];

i10030  = 1; iH3               = 1;
i541350 = 2; iXe135            = 2;
i922350 = 3; iU235             = 3;
i922380 = 4; iU238             = 4;
i942380 = 5; iPu238            = 5;
i942390 = 6; iPu239            = 6;
i942400 = 7; iPu240            = 7;
i942410 = 8; iPu241            = 8;
i942420 = 9; iPu242            = 9;
i952410 = 10; iAm241            = 10;
i952440 = 11; iAm244            = 11;
i952450 = 12; iAm245            = 12;
iLOST    = 13;
iTOT     = 14;

MAT_uco_VOLUME = [ 3.09778E+04 3.09778E+04 3.09778E+04 3.09778E+04 ];

MAT_uco_BURNUP = [ 0.00000E+00 3.27512E-01 5.82976E+00 1.19870E+01 ];

MAT_uco_ADENS = [
0.00000E+00 7.97767E-14 1.25730E-12 2.24485E-12 % H3
0.00000E+00 3.21573E-08 3.24707E-08 3.24685E-08 % Xe135
3.74777E-03 3.73718E-03 3.56344E-03 3.37782E-03 % U235
2.12374E-02 2.12347E-02 2.11880E-02 2.11345E-02 % U238
0.00000E+00 8.22369E-14 1.69114E-09 1.61024E-08 % Pu238
0.00000E+00 1.25679E-06 4.09649E-05 7.58763E-05 % Pu239
0.00000E+00 3.65596E-09 2.10851E-06 7.64521E-06 % Pu240
0.00000E+00 1.55668E-11 1.79775E-07 1.35035E-06 % Pu241
0.00000E+00 1.17733E-14 2.70287E-09 4.34400E-08 % Pu242
0.00000E+00 2.29716E-15 5.15274E-10 8.04426E-09 % Am241
0.00000E+00 3.33963E-23 3.42799E-16 1.24462E-14 % Am244
0.00000E+00 6.15506E-27 5.66084E-20 2.06834E-18 % Am245
0.00000E+00 6.92004E-08 1.23823E-06 2.55599E-06 % lost data
7.04339E-02 7.04424E-02 7.05839E-02 7.07419E-02 % total
];

MAT_uco_MDENS = [
0.00000E+00 3.99477E-13 6.29588E-12 1.12409E-11 % H3
0.00000E+00 7.20393E-06 7.27415E-06 7.27366E-06 % Xe135
1.46278E+00 1.45864E+00 1.39083E+00 1.31838E+00 % U235
8.39511E+00 8.39404E+00 8.37558E+00 8.35443E+00 % U238
0.00000E+00 3.25080E-11 6.68504E-07 6.36521E-06 % Pu238
0.00000E+00 4.98899E-04 1.62615E-02 3.01200E-02 % Pu239
0.00000E+00 1.45736E-06 8.40505E-04 3.04758E-03 % Pu240
0.00000E+00 6.23102E-09 7.19597E-05 5.40514E-04 % Pu241
0.00000E+00 4.73232E-12 1.08643E-06 1.74609E-05 % Pu242
0.00000E+00 9.19530E-13 2.06259E-07 3.22004E-06 % Am241
0.00000E+00 1.35350E-20 1.38932E-13 5.04428E-12 % Am244
0.00000E+00 2.50479E-24 2.30367E-17 8.41709E-16 % Am245
0.00000E+00 0.00000E+00 0.00000E+00 0.00000E+00 % lost data
1.10000E+01 1.10000E+01 1.09992E+01 1.09983E+01 % total
];

MAT_uco_A = [
0.00000E+00 4.40592E+06 6.94387E+07 1.23979E+08 % H3
0.00000E+00 2.09849E+16 2.11894E+16 2.11880E+16 % Xe135
3.62220E+09 3.61197E+09 3.44405E+09 3.26465E+09 % U235
3.23415E+09 3.23374E+09 3.22663E+09 3.21848E+09 % U238
0.00000E+00 6.38026E+05 1.31206E+10 1.24929E+11 % Pu238
0.00000E+00 3.54682E+10 1.15608E+12 2.14132E+12 % Pu239
0.00000E+00 3.79144E+08 2.18664E+11 7.92852E+11 % Pu240
0.00000E+00 7.41204E+08 8.55988E+12 6.42963E+13 % Pu241
0.00000E+00 2.13620E+01 4.90422E+06 7.88195E+07 % Pu242
0.00000E+00 3.61307E+03 8.10445E+08 1.26524E+10 % Am241
0.00000E+00 1.97219E+01 2.02438E+08 7.35005E+09 % Am244
0.00000E+00 1.79082E-02 1.64702E+05 6.01785E+06 % Am245
0.00000E+00 0.00000E+00 0.00000E+00 0.00000E+00 % lost data
6.85635E+09 3.37143E+18 3.74689E+18 3.79601E+18 % total
];

MAT_uco_H = [
0.00000E+00 4.01661E-09 6.33030E-08 1.13024E-07 % H3
0.00000E+00 1.89182E+03 1.91026E+03 1.91013E+03 % Xe135
2.67690E-03 2.66934E-03 2.54524E-03 2.41266E-03 % U235
2.21531E-03 2.21503E-03 2.21016E-03 2.20458E-03 % U238
0.00000E+00 5.71280E-07 1.17480E-02 1.11859E-01 % Pu238
0.00000E+00 2.97842E-02 9.70809E-01 1.79816E+00 % Pu239
0.00000E+00 3.18978E-04 1.83964E-01 6.67034E-01 % Pu240
0.00000E+00 6.35941E-07 7.34423E-03 5.51651E-02 % Pu241
0.00000E+00 1.70514E-11 3.91460E-06 6.29146E-05 % Pu242
0.00000E+00 3.23941E-09 7.26630E-04 1.13439E-02 % Am241
0.00000E+00 3.50335E-12 3.59605E-05 1.30564E-03 % Am244
0.00000E+00 9.03526E-16 8.30978E-09 3.03620E-07 % Am245
0.00000E+00 0.00000E+00 0.00000E+00 0.00000E+00 % lost data
4.89221E-03 1.20224E+06 1.23585E+06 1.22817E+06 % total
];

MAT_uco_SF = [
0.00000E+00 0.00000E+00 0.00000E+00 0.00000E+00 % H3
0.00000E+00 0.00000E+00 0.00000E+00 0.00000E+00 % Xe135
2.60798E-01 2.60062E-01 2.47971E-01 2.35055E-01 % U235
1.76585E+05 1.76562E+05 1.76174E+05 1.75729E+05 % U238
0.00000E+00 1.18673E-03 2.44042E+01 2.32367E+02 % Pu238
0.00000E+00 1.09951E-01 3.58384E+00 6.63808E+00 % Pu239
0.00000E+00 2.16112E+01 1.24638E+04 4.51925E+04 % Pu240
0.00000E+00 0.00000E+00 0.00000E+00 0.00000E+00 % Pu241
0.00000E+00 1.17491E-04 2.69732E+01 4.33507E+02 % Pu242
0.00000E+00 1.55362E-08 3.48491E-03 5.44052E-02 % Am241
0.00000E+00 0.00000E+00 0.00000E+00 0.00000E+00 % Am244
0.00000E+00 0.00000E+00 0.00000E+00 0.00000E+00 % Am245
0.00000E+00 0.00000E+00 0.00000E+00 0.00000E+00 % lost data
1.76585E+05 1.76584E+05 1.89945E+05 2.62227E+05 % total
];

MAT_uco_ING_TOX = [
0.00000E+00 1.85049E-04 2.91642E-03 5.20712E-03 % H3
0.00000E+00 4.40682E+09 4.44978E+09 4.44948E+09 % Xe135
1.70243E+02 1.69762E+02 1.61870E+02 1.53439E+02 % U235
1.45537E+02 1.45518E+02 1.45198E+02 1.44832E+02 % U238
0.00000E+00 1.46746E-01 3.01773E+03 2.87336E+04 % Pu238
0.00000E+00 8.86705E+03 2.89019E+05 5.35329E+05 % Pu239
0.00000E+00 9.47860E+01 5.46660E+04 1.98213E+05 % Pu240
0.00000E+00 3.55778E+00 4.10874E+04 3.08622E+05 % Pu241
0.00000E+00 5.12688E-06 1.17701E+00 1.89167E+01 % Pu242
0.00000E+00 7.22614E-04 1.62089E+02 2.53047E+03 % Am241
0.00000E+00 9.07209E-09 9.31214E-02 3.38102E+00 % Am244
0.00000E+00 1.11031E-12 1.02116E-05 3.73106E-04 % Am245
0.00000E+00 0.00000E+00 0.00000E+00 0.00000E+00 % lost data
3.15780E+02 4.55597E+10 6.12400E+10 6.11628E+10 % total
];

MAT_uco_INH_TOX = [
0.00000E+00 1.14554E-03 1.80541E-02 3.22345E-02 % H3
0.00000E+00 2.30833E+09 2.33084E+09 2.33068E+09 % Xe135
3.07887E+04 3.07017E+04 2.92744E+04 2.77495E+04 % U235
2.58732E+04 2.58699E+04 2.58130E+04 2.57478E+04 % U238
0.00000E+00 7.01829E+01 1.44326E+06 1.37421E+07 % Pu238
0.00000E+00 4.25618E+06 1.38729E+08 2.56958E+08 % Pu239
0.00000E+00 4.54973E+04 2.62397E+07 9.51422E+07 % Pu240
0.00000E+00 1.70477E+03 1.96877E+07 1.47881E+08 % Pu241
0.00000E+00 2.34982E-03 5.39464E+02 8.67014E+03 % Pu242
0.00000E+00 3.46855E-01 7.78027E+04 1.21463E+06 % Am241
0.00000E+00 7.29711E-08 7.49020E-01 2.71952E+01 % Am244
0.00000E+00 1.00286E-12 9.22334E-06 3.36999E-04 % Am245
0.00000E+00 0.00000E+00 0.00000E+00 0.00000E+00 % lost data
5.66619E+04 4.43033E+10 5.94360E+10 6.12866E+10 % total
];

TOT_VOLUME = [ 3.09778E+04 3.09778E+04 3.09778E+04 3.09778E+04 ];

TOT_BURNUP = [ 0.00000E+00 3.27512E-01 5.82976E+00 1.19870E+01 ];

TOT_ADENS = [
0.00000E+00 7.97767E-14 1.25730E-12 2.24485E-12 % H3
0.00000E+00 3.21573E-08 3.24707E-08 3.24685E-08 % Xe135
3.74777E-03 3.73718E-03 3.56344E-03 3.37782E-03 % U235
2.12374E-02 2.12347E-02 2.11880E-02 2.11345E-02 % U238
0.00000E+00 8.22369E-14 1.69114E-09 1.61024E-08 % Pu238
0.00000E+00 1.25679E-06 4.09649E-05 7.58763E-05 % Pu239
0.00000E+00 3.65596E-09 2.10851E-06 7.64521E-06 % Pu240
0.00000E+00 1.55668E-11 1.79775E-07 1.35035E-06 % Pu241
0.00000E+00 1.17733E-14 2.70287E-09 4.34400E-08 % Pu242
0.00000E+00 2.29716E-15 5.15274E-10 8.04426E-09 % Am241
0.00000E+00 3.33963E-23 3.42799E-16 1.24462E-14 % Am244
0.00000E+00 6.15506E-27 5.66084E-20 2.06834E-18 % Am245
0.00000E+00 6.92004E-08 1.23823E-06 2.55599E-06 % lost data
7.04339E-02 7.04424E-02 7.05839E-02 7.07419E-02 % total
];

