
ZAI = [
10030
541350
922350
922380
942380
942390
942400
942410
942420
952410
952440
952450
666
0
];

NAMES = [
'H3              '
'Xe135           '
'U235            '
'U238            '
'Pu238           '
'Pu239           '
'Pu240           '
'Pu241           '
'Pu242           '
'Am241           '
'Am244           '
'Am245           '
'lost            '
'total           '
];

i10030  = 1; iH3               = 1;
i541350 = 2; iXe135            = 2;
i922350 = 3; iU235             = 3;
i922380 = 4; iU238             = 4;
i942380 = 5; iPu238            = 5;
i942390 = 6; iPu239            = 6;
i942400 = 7; iPu240            = 7;
i942410 = 8; iPu241            = 8;
i942420 = 9; iPu242            = 9;
i952410 = 10; iAm241            = 10;
i952440 = 11; iAm244            = 11;
i952450 = 12; iAm245            = 12;
iLOST    = 13;
iTOT     = 14;

MAT_uco_VOLUME = [ 2.32244E+04 2.32244E+04 2.32244E+04 2.32244E+04 ];

MAT_uco_BURNUP = [ 0.00000E+00 4.36841E-01 7.77589E+00 1.59887E+01 ];

MAT_uco_ADENS = [
0.00000E+00 8.76431E-14 1.32400E-12 2.27012E-12 % H3
0.00000E+00 3.58588E-08 3.59721E-08 3.55807E-08 % Xe135
3.74777E-03 3.73374E-03 3.50449E-03 3.26099E-03 % U235
2.12374E-02 2.12342E-02 2.11801E-02 2.11177E-02 % U238
0.00000E+00 1.13052E-13 2.85037E-09 2.74687E-08 % Pu238
0.00000E+00 1.45378E-06 4.53840E-05 8.05763E-05 % Pu239
0.00000E+00 5.52647E-09 3.15099E-06 1.10571E-05 % Pu240
0.00000E+00 2.66503E-11 3.08957E-07 2.19707E-06 % Pu241
0.00000E+00 2.69567E-14 6.32971E-09 9.83655E-08 % Pu242
0.00000E+00 3.90782E-15 8.83679E-10 1.30108E-08 % Am241
0.00000E+00 9.36744E-23 1.03442E-15 3.70753E-14 % Am244
0.00000E+00 2.27812E-26 2.26929E-19 8.22891E-18 % Am245
0.00000E+00 9.22860E-08 1.65273E-06 3.41248E-06 % lost data
7.04339E-02 7.04452E-02 7.06339E-02 7.08447E-02 % total
];

MAT_uco_MDENS = [
0.00000E+00 4.38868E-13 6.62985E-12 1.13675E-11 % H3
0.00000E+00 8.03315E-06 8.05853E-06 7.97086E-06 % Xe135
1.46278E+00 1.45730E+00 1.36782E+00 1.27278E+00 % U235
8.39511E+00 8.39387E+00 8.37248E+00 8.34779E+00 % U238
0.00000E+00 4.46891E-11 1.12674E-06 1.08583E-05 % Pu238
0.00000E+00 5.77094E-04 1.80157E-02 3.19857E-02 % Pu239
0.00000E+00 2.20300E-06 1.25607E-03 4.40764E-03 % Pu240
0.00000E+00 1.06675E-08 1.23669E-04 8.79438E-04 % Pu241
0.00000E+00 1.08353E-11 2.54425E-06 3.95384E-05 % Pu242
0.00000E+00 1.56426E-12 3.53728E-07 5.20809E-06 % Am241
0.00000E+00 3.79649E-20 4.19237E-13 1.50261E-11 % Am244
0.00000E+00 9.27080E-24 9.23485E-17 3.34875E-15 % Am245
0.00000E+00 0.00000E+00 0.00000E+00 0.00000E+00 % lost data
1.10000E+01 1.09999E+01 1.09989E+01 1.09977E+01 % total
];

MAT_uco_A = [
0.00000E+00 3.62889E+06 5.48207E+07 9.39949E+07 % H3
0.00000E+00 1.75435E+16 1.75990E+16 1.74075E+16 % Xe135
2.71561E+09 2.70545E+09 2.53933E+09 2.36289E+09 % U235
2.42469E+09 2.42433E+09 2.41815E+09 2.41102E+09 % U238
0.00000E+00 6.57575E+05 1.65794E+10 1.59774E+11 % Pu238
0.00000E+00 3.07587E+10 9.60225E+11 1.70481E+12 % Pu239
0.00000E+00 4.29680E+08 2.44988E+11 8.59683E+11 % Pu240
0.00000E+00 9.51340E+08 1.10289E+13 7.84294E+13 % Pu241
0.00000E+00 3.66695E+01 8.61039E+06 1.33808E+08 % Pu242
0.00000E+00 4.60803E+03 1.04202E+09 1.53421E+10 % Am241
0.00000E+00 4.14732E+01 4.57979E+08 1.64146E+10 % Am244
0.00000E+00 4.96926E-02 4.94999E+05 1.79497E+07 % Am245
0.00000E+00 0.00000E+00 0.00000E+00 0.00000E+00 % lost data
5.14030E+09 3.32200E+18 3.67410E+18 3.71506E+18 % total
];

MAT_uco_H = [
0.00000E+00 3.30824E-09 4.99766E-08 8.56893E-08 % H3
0.00000E+00 1.58158E+03 1.58658E+03 1.56932E+03 % Xe135
2.00691E-03 1.99940E-03 1.87663E-03 1.74624E-03 % U235
1.66085E-03 1.66060E-03 1.65637E-03 1.65149E-03 % U238
0.00000E+00 5.88784E-07 1.48449E-02 1.43059E-01 % Pu238
0.00000E+00 2.58294E-02 8.06344E-01 1.43161E+00 % Pu239
0.00000E+00 3.61495E-04 2.06111E-01 7.23260E-01 % Pu240
0.00000E+00 8.16234E-07 9.46263E-03 6.72911E-02 % Pu241
0.00000E+00 2.92700E-11 6.87291E-06 1.06807E-04 % Pu242
0.00000E+00 4.13148E-09 9.34254E-04 1.37554E-02 % Am241
0.00000E+00 7.36720E-12 8.13542E-05 2.91586E-03 % Am244
0.00000E+00 2.50715E-15 2.49743E-08 9.05621E-07 % Am245
0.00000E+00 0.00000E+00 0.00000E+00 0.00000E+00 % lost data
3.66775E-03 1.19809E+06 1.22428E+06 1.21286E+06 % total
];

MAT_uco_SF = [
0.00000E+00 0.00000E+00 0.00000E+00 0.00000E+00 % H3
0.00000E+00 0.00000E+00 0.00000E+00 0.00000E+00 % Xe135
1.95524E-01 1.94792E-01 1.82832E-01 1.70128E-01 % U235
1.32388E+05 1.32368E+05 1.32031E+05 1.31642E+05 % U238
0.00000E+00 1.22309E-03 3.08376E+01 2.97179E+02 % Pu238
0.00000E+00 9.53519E-02 2.97670E+00 5.28493E+00 % Pu239
0.00000E+00 2.44918E+01 1.39643E+04 4.90019E+04 % Pu240
0.00000E+00 0.00000E+00 0.00000E+00 0.00000E+00 % Pu241
0.00000E+00 2.01683E-04 4.73572E+01 7.35944E+02 % Pu242
0.00000E+00 1.98145E-08 4.48068E-03 6.59709E-02 % Am241
0.00000E+00 0.00000E+00 0.00000E+00 0.00000E+00 % Am244
0.00000E+00 0.00000E+00 0.00000E+00 0.00000E+00 % Am245
0.00000E+00 0.00000E+00 0.00000E+00 0.00000E+00 % lost data
1.32388E+05 1.32393E+05 1.48198E+05 2.48021E+05 % total
];

MAT_uco_ING_TOX = [
0.00000E+00 1.52413E-04 2.30247E-03 3.94778E-03 % H3
0.00000E+00 3.68414E+09 3.69578E+09 3.65558E+09 % Xe135
1.27634E+02 1.27156E+02 1.19349E+02 1.11056E+02 % U235
1.09111E+02 1.09095E+02 1.08817E+02 1.08496E+02 % U238
0.00000E+00 1.51242E-01 3.81325E+03 3.67479E+04 % Pu238
0.00000E+00 7.68967E+03 2.40056E+05 4.26204E+05 % Pu239
0.00000E+00 1.07420E+02 6.12470E+04 2.14921E+05 % Pu240
0.00000E+00 4.56643E+00 5.29388E+04 3.76461E+05 % Pu241
0.00000E+00 8.80069E-06 2.06649E+00 3.21139E+01 % Pu242
0.00000E+00 9.21606E-04 2.08404E+02 3.06841E+03 % Am241
0.00000E+00 1.90777E-08 2.10670E-01 7.55074E+00 % Am244
0.00000E+00 3.08094E-12 3.06899E-05 1.11288E-03 % Am245
0.00000E+00 0.00000E+00 0.00000E+00 0.00000E+00 % lost data
2.36745E+02 4.47976E+10 6.01911E+10 5.99238E+10 % total
];

MAT_uco_INH_TOX = [
0.00000E+00 9.43512E-04 1.42534E-02 2.44387E-02 % H3
0.00000E+00 1.92979E+09 1.93589E+09 1.91483E+09 % Xe135
2.30827E+04 2.29963E+04 2.15843E+04 2.00846E+04 % U235
1.93975E+04 1.93946E+04 1.93452E+04 1.92881E+04 % U238
0.00000E+00 7.23332E+01 1.82373E+06 1.75751E+07 % Pu238
0.00000E+00 3.69104E+06 1.15227E+08 2.04578E+08 % Pu239
0.00000E+00 5.15617E+04 2.93986E+07 1.03162E+08 % Pu240
0.00000E+00 2.18808E+03 2.53665E+07 1.80388E+08 % Pu241
0.00000E+00 4.03365E-03 9.47143E+02 1.47189E+04 % Pu242
0.00000E+00 4.42371E-01 1.00034E+05 1.47284E+06 % Am241
0.00000E+00 1.53451E-07 1.69452E+00 6.07342E+01 % Am244
0.00000E+00 2.78278E-12 2.77199E-05 1.00518E-03 % Am245
0.00000E+00 0.00000E+00 0.00000E+00 0.00000E+00 % lost data
4.24802E+04 4.38721E+10 5.87480E+10 6.04471E+10 % total
];

TOT_VOLUME = [ 2.32244E+04 2.32244E+04 2.32244E+04 2.32244E+04 ];

TOT_BURNUP = [ 0.00000E+00 4.36841E-01 7.77589E+00 1.59887E+01 ];

TOT_ADENS = [
0.00000E+00 8.76431E-14 1.32400E-12 2.27012E-12 % H3
0.00000E+00 3.58588E-08 3.59721E-08 3.55807E-08 % Xe135
3.74777E-03 3.73374E-03 3.50449E-03 3.26099E-03 % U235
2.12374E-02 2.12342E-02 2.11801E-02 2.11177E-02 % U238
0.00000E+00 1.13052E-13 2.85037E-09 2.74687E-08 % Pu238
0.00000E+00 1.45378E-06 4.53840E-05 8.05763E-05 % Pu239
0.00000E+00 5.52647E-09 3.15099E-06 1.10571E-05 % Pu240
0.00000E+00 2.66503E-11 3.08957E-07 2.19707E-06 % Pu241
0.00000E+00 2.69567E-14 6.32971E-09 9.83655E-08 % Pu242
0.00000E+00 3.90782E-15 8.83679E-10 1.30108E-08 % Am241
0.00000E+00 9.36744E-23 1.03442E-15 3.70753E-14 % Am244
0.00000E+00 2.27812E-26 2.26929E-19 8.22891E-18 % Am245
0.00000E+00 9.22860E-08 1.65273E-06 3.41248E-06 % lost data
7.04339E-02 7.04452E-02 7.06339E-02 7.08447E-02 % total
];

