
DET1001 = [
    1    1    1    1    1    1    1    1    1    1  5.56712E+18 0.00443 
    2    2    1    1    1    1    1    1    1    1  1.96258E+18 0.00603 
    3    3    1    1    1    1    1    1    1    1  1.75799E+17 0.01202 
];


DET1001E = [
 1.00000E-09  6.25000E-07  3.13000E-07
 6.25000E-07  1.00000E-01  5.00003E-02
 1.00000E-01  2.00000E+01  1.00500E+01
];

DET1002 = [
    1    1    1    1    1    1    1    1    1    1  2.25989E+17 0.00635 
    2    2    1    1    1    1    1    1    1    1  4.42915E+17 0.00466 
    3    3    1    1    1    1    1    1    1    1  1.99619E+17 0.00622 
];


DET1002E = [
 1.00000E-09  6.25000E-07  3.13000E-07
 6.25000E-07  1.00000E-01  5.00003E-02
 1.00000E-01  2.00000E+01  1.00500E+01
];
