
DET1001 = [
    1    1    1    1    1    1    1    1    1    1  5.39054E+18 0.00438 
    2    2    1    1    1    1    1    1    1    1  1.93242E+18 0.00580 
    3    3    1    1    1    1    1    1    1    1  1.69398E+17 0.01217 
];


DET1001E = [
 1.00000E-09  6.25000E-07  3.13000E-07
 6.25000E-07  1.00000E-01  5.00003E-02
 1.00000E-01  2.00000E+01  1.00500E+01
];

DET1002 = [
    1    1    1    1    1    1    1    1    1    1  2.21180E+17 0.00665 
    2    2    1    1    1    1    1    1    1    1  4.31768E+17 0.00470 
    3    3    1    1    1    1    1    1    1    1  1.93892E+17 0.00610 
];


DET1002E = [
 1.00000E-09  6.25000E-07  3.13000E-07
 6.25000E-07  1.00000E-01  5.00003E-02
 1.00000E-01  2.00000E+01  1.00500E+01
];
