
DET1001 = [
    1    1    1    1    1    1    1    1    1    1  5.33171E+18 0.00451 
    2    2    1    1    1    1    1    1    1    1  1.87271E+18 0.00574 
    3    3    1    1    1    1    1    1    1    1  1.67399E+17 0.01184 
];


DET1001E = [
 1.00000E-09  6.25000E-07  3.13000E-07
 6.25000E-07  1.00000E-01  5.00003E-02
 1.00000E-01  2.00000E+01  1.00500E+01
];

DET1002 = [
    1    1    1    1    1    1    1    1    1    1  2.21865E+17 0.00616 
    2    2    1    1    1    1    1    1    1    1  4.22276E+17 0.00456 
    3    3    1    1    1    1    1    1    1    1  1.87359E+17 0.00660 
];


DET1002E = [
 1.00000E-09  6.25000E-07  3.13000E-07
 6.25000E-07  1.00000E-01  5.00003E-02
 1.00000E-01  2.00000E+01  1.00500E+01
];
