
DET1001 = [
    1    1    1    1    1    1    1    1    1    1  5.24136E+18 0.00458 
    2    2    1    1    1    1    1    1    1    1  1.82203E+18 0.00619 
    3    3    1    1    1    1    1    1    1    1  1.63279E+17 0.01175 
];


DET1001E = [
 1.00000E-09  6.25000E-07  3.13000E-07
 6.25000E-07  1.00000E-01  5.00003E-02
 1.00000E-01  2.00000E+01  1.00500E+01
];

DET1002 = [
    1    1    1    1    1    1    1    1    1    1  2.20576E+17 0.00615 
    2    2    1    1    1    1    1    1    1    1  4.11210E+17 0.00466 
    3    3    1    1    1    1    1    1    1    1  1.82624E+17 0.00624 
];


DET1002E = [
 1.00000E-09  6.25000E-07  3.13000E-07
 6.25000E-07  1.00000E-01  5.00003E-02
 1.00000E-01  2.00000E+01  1.00500E+01
];
