
DET1001 = [
    1    1    1    1    1    1    1    1    1    1  5.93182E+18 0.00437 
    2    2    1    1    1    1    1    1    1    1  1.91720E+18 0.00630 
    3    3    1    1    1    1    1    1    1    1  1.71169E+17 0.01265 
];


DET1001E = [
 1.00000E-09  6.25000E-07  3.13000E-07
 6.25000E-07  1.00000E-01  5.00003E-02
 1.00000E-01  2.00000E+01  1.00500E+01
];

DET1002 = [
    1    1    1    1    1    1    1    1    1    1  2.74803E+17 0.00591 
    2    2    1    1    1    1    1    1    1    1  4.64716E+17 0.00485 
    3    3    1    1    1    1    1    1    1    1  2.06703E+17 0.00611 
];


DET1002E = [
 1.00000E-09  6.25000E-07  3.13000E-07
 6.25000E-07  1.00000E-01  5.00003E-02
 1.00000E-01  2.00000E+01  1.00500E+01
];
