
DET1001 = [
    1    1    1    1    1    1    1    1    1    1  5.52937E+18 0.00415 
    2    2    1    1    1    1    1    1    1    1  1.80970E+18 0.00594 
    3    3    1    1    1    1    1    1    1    1  1.62115E+17 0.01139 
];


DET1001E = [
 1.00000E-09  6.25000E-07  3.13000E-07
 6.25000E-07  1.00000E-01  5.00003E-02
 1.00000E-01  2.00000E+01  1.00500E+01
];

DET1002 = [
    1    1    1    1    1    1    1    1    1    1  2.60831E+17 0.00598 
    2    2    1    1    1    1    1    1    1    1  4.26435E+17 0.00486 
    3    3    1    1    1    1    1    1    1    1  1.90633E+17 0.00623 
];


DET1002E = [
 1.00000E-09  6.25000E-07  3.13000E-07
 6.25000E-07  1.00000E-01  5.00003E-02
 1.00000E-01  2.00000E+01  1.00500E+01
];
