
DET1001 = [
    1    1    1    1    1    1    1    1    1    1  5.68013E+18 0.00416 
    2    2    1    1    1    1    1    1    1    1  1.86442E+18 0.00614 
    3    3    1    1    1    1    1    1    1    1  1.65942E+17 0.01227 
];


DET1001E = [
 1.00000E-09  6.25000E-07  3.13000E-07
 6.25000E-07  1.00000E-01  5.00003E-02
 1.00000E-01  2.00000E+01  1.00500E+01
];

DET1002 = [
    1    1    1    1    1    1    1    1    1    1  2.63959E+17 0.00614 
    2    2    1    1    1    1    1    1    1    1  4.42796E+17 0.00471 
    3    3    1    1    1    1    1    1    1    1  1.98281E+17 0.00638 
];


DET1002E = [
 1.00000E-09  6.25000E-07  3.13000E-07
 6.25000E-07  1.00000E-01  5.00003E-02
 1.00000E-01  2.00000E+01  1.00500E+01
];
