
ZAI = [
10030
541350
922350
922380
942380
942390
942400
942410
942420
952410
952440
952450
666
0
];

NAMES = [
'H3              '
'Xe135           '
'U235            '
'U238            '
'Pu238           '
'Pu239           '
'Pu240           '
'Pu241           '
'Pu242           '
'Am241           '
'Am244           '
'Am245           '
'lost            '
'total           '
];

i10030  = 1; iH3               = 1;
i541350 = 2; iXe135            = 2;
i922350 = 3; iU235             = 3;
i922380 = 4; iU238             = 4;
i942380 = 5; iPu238            = 5;
i942390 = 6; iPu239            = 6;
i942400 = 7; iPu240            = 7;
i942410 = 8; iPu241            = 8;
i942420 = 9; iPu242            = 9;
i952410 = 10; iAm241            = 10;
i952440 = 11; iAm244            = 11;
i952450 = 12; iAm245            = 12;
iLOST    = 13;
iTOT     = 14;

MAT_uco_VOLUME = [ 1.49548E+04 1.49548E+04 1.49548E+04 1.49548E+04 ];

MAT_uco_BURNUP = [ 0.00000E+00 6.78438E-01 1.20760E+01 2.48305E+01 ];

MAT_uco_ADENS = [
0.00000E+00 1.07744E-13 1.57249E-12 2.52207E-12 % H3
0.00000E+00 4.57809E-08 4.52846E-08 4.38952E-08 % Xe135
4.31104E-03 4.28932E-03 3.93569E-03 3.56206E-03 % U235
2.06805E-02 2.06763E-02 2.06043E-02 2.05204E-02 % U238
0.00000E+00 1.87799E-13 6.41999E-09 6.45099E-08 % Pu238
0.00000E+00 1.92484E-06 5.67848E-05 9.51462E-05 % Pu239
0.00000E+00 9.75569E-09 5.34997E-06 1.78038E-05 % Pu240
0.00000E+00 5.80689E-11 6.40798E-07 4.30903E-06 % Pu241
0.00000E+00 7.90811E-14 1.81456E-08 2.73949E-07 % Pu242
0.00000E+00 8.48824E-15 1.82828E-09 2.51749E-08 % Am241
0.00000E+00 4.15798E-22 4.51834E-15 1.60336E-13 % Am244
0.00000E+00 1.35301E-25 1.34054E-18 4.90673E-17 % Am245
0.00000E+00 1.43317E-07 2.56836E-06 5.30365E-06 % lost data
7.04520E-02 7.04694E-02 7.07625E-02 7.10896E-02 % total
];

MAT_uco_MDENS = [
0.00000E+00 5.39519E-13 7.87414E-12 1.26291E-11 % H3
0.00000E+00 1.02559E-05 1.01447E-05 9.83348E-06 % Xe135
1.68262E+00 1.67415E+00 1.53612E+00 1.39029E+00 % U235
8.17497E+00 8.17333E+00 8.14485E+00 8.11167E+00 % U238
0.00000E+00 7.42364E-11 2.53780E-06 2.55005E-05 % Pu238
0.00000E+00 7.64087E-04 2.25414E-02 3.77694E-02 % Pu239
0.00000E+00 3.88887E-06 2.13263E-03 7.09704E-03 % Pu240
0.00000E+00 2.32437E-08 2.56497E-04 1.72481E-03 % Pu241
0.00000E+00 3.17869E-11 7.29369E-06 1.10115E-04 % Pu242
0.00000E+00 3.39776E-12 7.31843E-07 1.00773E-05 % Am241
0.00000E+00 1.68517E-19 1.83122E-12 6.49817E-11 % Am244
0.00000E+00 5.50606E-23 5.45531E-16 1.99679E-14 % Am245
0.00000E+00 0.00000E+00 0.00000E+00 0.00000E+00 % lost data
1.10000E+01 1.09999E+01 1.09982E+01 1.09964E+01 % total
];

MAT_uco_A = [
0.00000E+00 2.87264E+06 4.19255E+07 6.72431E+07 % H3
0.00000E+00 1.44225E+16 1.42662E+16 1.38284E+16 % Xe135
2.01146E+09 2.00133E+09 1.83633E+09 1.66200E+09 % U235
1.52037E+09 1.52006E+09 1.51477E+09 1.50860E+09 % U238
0.00000E+00 7.03388E+05 2.40456E+10 2.41617E+11 % Pu238
0.00000E+00 2.62240E+10 7.73634E+11 1.29627E+12 % Pu239
0.00000E+00 4.88416E+08 2.67844E+11 8.91340E+11 % Pu240
0.00000E+00 1.33479E+09 1.47296E+13 9.90485E+13 % Pu241
0.00000E+00 6.92701E+01 1.58944E+07 2.39962E+08 % Pu242
0.00000E+00 6.44514E+03 1.38822E+09 1.91154E+10 % Am241
0.00000E+00 1.18539E+02 1.28813E+09 4.57100E+10 % Am244
0.00000E+00 1.90042E-01 1.88290E+06 6.89193E+07 % Am245
0.00000E+00 0.00000E+00 0.00000E+00 0.00000E+00 % lost data
3.53183E+09 3.27430E+18 3.59265E+18 3.62244E+18 % total
];

MAT_uco_H = [
0.00000E+00 2.61881E-09 3.82209E-08 6.13014E-08 % H3
0.00000E+00 1.30021E+03 1.28612E+03 1.24666E+03 % Xe135
1.48652E-03 1.47903E-03 1.35709E-03 1.22826E-03 % U235
1.04141E-03 1.04120E-03 1.03758E-03 1.03335E-03 % U238
0.00000E+00 6.29804E-07 2.15301E-02 2.16341E-01 % Pu238
0.00000E+00 2.20214E-02 6.49655E-01 1.08854E+00 % Pu239
0.00000E+00 4.10909E-04 2.25340E-01 7.49894E-01 % Pu240
0.00000E+00 1.14523E-06 1.26377E-02 8.49820E-02 % Pu241
0.00000E+00 5.52921E-11 1.26871E-05 1.91540E-04 % Pu242
0.00000E+00 5.77860E-09 1.24465E-03 1.71385E-02 % Am241
0.00000E+00 2.10570E-11 2.28820E-04 8.11980E-03 % Am244
0.00000E+00 9.58824E-15 9.49987E-08 3.47720E-06 % Am245
0.00000E+00 0.00000E+00 0.00000E+00 0.00000E+00 % lost data
2.52793E-03 1.19397E+06 1.20850E+06 1.19218E+06 % total
];

MAT_uco_SF = [
0.00000E+00 0.00000E+00 0.00000E+00 0.00000E+00 % H3
0.00000E+00 0.00000E+00 0.00000E+00 0.00000E+00 % Xe135
1.44825E-01 1.44096E-01 1.32215E-01 1.19664E-01 % U235
8.30122E+04 8.29955E+04 8.27063E+04 8.23695E+04 % U238
0.00000E+00 1.30830E-03 4.47248E+01 4.49408E+02 % Pu238
0.00000E+00 8.12943E-02 2.39827E+00 4.01844E+00 % Pu239
0.00000E+00 2.78397E+01 1.52671E+04 5.08064E+04 % Pu240
0.00000E+00 0.00000E+00 0.00000E+00 0.00000E+00 % Pu241
0.00000E+00 3.80985E-04 8.74192E+01 1.31979E+03 % Pu242
0.00000E+00 2.77141E-08 5.96933E-03 8.21960E-02 % Am241
0.00000E+00 0.00000E+00 0.00000E+00 0.00000E+00 % Am244
0.00000E+00 0.00000E+00 0.00000E+00 0.00000E+00 % Am245
0.00000E+00 0.00000E+00 0.00000E+00 0.00000E+00 % lost data
8.30123E+04 8.30236E+04 1.01954E+05 2.51294E+05 % total
];

MAT_uco_ING_TOX = [
0.00000E+00 1.20651E-04 1.76087E-03 2.82421E-03 % H3
0.00000E+00 3.02872E+09 2.99589E+09 2.90397E+09 % Xe135
9.45385E+01 9.40624E+01 8.63073E+01 7.81139E+01 % U235
6.84166E+01 6.84029E+01 6.81645E+01 6.78869E+01 % U238
0.00000E+00 1.61779E-01 5.53048E+03 5.55719E+04 % Pu238
0.00000E+00 6.55599E+03 1.93409E+05 3.24067E+05 % Pu239
0.00000E+00 1.22104E+02 6.69611E+04 2.22835E+05 % Pu240
0.00000E+00 6.40698E+00 7.07019E+04 4.75433E+05 % Pu241
0.00000E+00 1.66248E-05 3.81466E+00 5.75908E+01 % Pu242
0.00000E+00 1.28903E-03 2.77643E+02 3.82307E+03 % Am241
0.00000E+00 5.45281E-08 5.92539E-01 2.10266E+01 % Am244
0.00000E+00 1.17826E-11 1.16740E-04 4.27299E-03 % Am245
0.00000E+00 0.00000E+00 0.00000E+00 0.00000E+00 % lost data
1.62955E+02 4.41026E+10 5.89972E+10 5.84524E+10 % total
];

MAT_uco_INH_TOX = [
0.00000E+00 7.46887E-04 1.09006E-02 1.74832E-02 % H3
0.00000E+00 1.58647E+09 1.56928E+09 1.52113E+09 % Xe135
1.70974E+04 1.70113E+04 1.56088E+04 1.41270E+04 % U235
1.21630E+04 1.21605E+04 1.21181E+04 1.20688E+04 % U238
0.00000E+00 7.73727E+01 2.64501E+06 2.65779E+07 % Pu238
0.00000E+00 3.14688E+06 9.28361E+07 1.55552E+08 % Pu239
0.00000E+00 5.86099E+04 3.21413E+07 1.06961E+08 % Pu240
0.00000E+00 3.07001E+03 3.38780E+07 2.27812E+08 % Pu241
0.00000E+00 7.61971E-03 1.74838E+03 2.63958E+04 % Pu242
0.00000E+00 6.18734E-01 1.33269E+05 1.83507E+06 % Am241
0.00000E+00 4.38596E-07 4.76608E+00 1.69127E+02 % Am244
0.00000E+00 1.06423E-11 1.05443E-04 3.85948E-03 % Am245
0.00000E+00 0.00000E+00 0.00000E+00 0.00000E+00 % lost data
2.92603E+04 4.34777E+10 5.78974E+10 5.93788E+10 % total
];

TOT_VOLUME = [ 1.49548E+04 1.49548E+04 1.49548E+04 1.49548E+04 ];

TOT_BURNUP = [ 0.00000E+00 6.78438E-01 1.20760E+01 2.48305E+01 ];

TOT_ADENS = [
0.00000E+00 1.07744E-13 1.57249E-12 2.52207E-12 % H3
0.00000E+00 4.57809E-08 4.52846E-08 4.38952E-08 % Xe135
4.31104E-03 4.28932E-03 3.93569E-03 3.56206E-03 % U235
2.06805E-02 2.06763E-02 2.06043E-02 2.05204E-02 % U238
0.00000E+00 1.87799E-13 6.41999E-09 6.45099E-08 % Pu238
0.00000E+00 1.92484E-06 5.67848E-05 9.51462E-05 % Pu239
0.00000E+00 9.75569E-09 5.34997E-06 1.78038E-05 % Pu240
0.00000E+00 5.80689E-11 6.40798E-07 4.30903E-06 % Pu241
0.00000E+00 7.90811E-14 1.81456E-08 2.73949E-07 % Pu242
0.00000E+00 8.48824E-15 1.82828E-09 2.51749E-08 % Am241
0.00000E+00 4.15798E-22 4.51834E-15 1.60336E-13 % Am244
0.00000E+00 1.35301E-25 1.34054E-18 4.90673E-17 % Am245
0.00000E+00 1.43317E-07 2.56836E-06 5.30365E-06 % lost data
7.04520E-02 7.04694E-02 7.07625E-02 7.10896E-02 % total
];

