
DET1001 = [
    1    1    1    1    1    1    1    1    1    1  5.43540E+18 0.00428 
    2    2    1    1    1    1    1    1    1    1  1.75784E+18 0.00587 
    3    3    1    1    1    1    1    1    1    1  1.57342E+17 0.01195 
];


DET1001E = [
 1.00000E-09  6.25000E-07  3.13000E-07
 6.25000E-07  1.00000E-01  5.00003E-02
 1.00000E-01  2.00000E+01  1.00500E+01
];

DET1002 = [
    1    1    1    1    1    1    1    1    1    1  2.59565E+17 0.00563 
    2    2    1    1    1    1    1    1    1    1  4.09165E+17 0.00468 
    3    3    1    1    1    1    1    1    1    1  1.81206E+17 0.00636 
];


DET1002E = [
 1.00000E-09  6.25000E-07  3.13000E-07
 6.25000E-07  1.00000E-01  5.00003E-02
 1.00000E-01  2.00000E+01  1.00500E+01
];
