
DET1001 = [
    1    1    1    1    1    1    1    1    1    1  4.76211E+18 0.00482 
    2    2    1    1    1    1    1    1    1    1  1.87172E+18 0.00616 
    3    3    1    1    1    1    1    1    1    1  1.97354E+17 0.01157 
];


DET1001E = [
 1.00000E-09  6.25000E-07  3.13000E-07
 6.25000E-07  1.00000E-01  5.00003E-02
 1.00000E-01  2.00000E+01  1.00500E+01
];

DET1002 = [
    1    1    1    1    1    1    1    1    1    1  1.30481E+17 0.00843 
    2    2    1    1    1    1    1    1    1    1  3.69663E+17 0.00493 
    3    3    1    1    1    1    1    1    1    1  1.76925E+17 0.00614 
];


DET1002E = [
 1.00000E-09  6.25000E-07  3.13000E-07
 6.25000E-07  1.00000E-01  5.00003E-02
 1.00000E-01  2.00000E+01  1.00500E+01
];
