
DET1001 = [
    1    1    1    1    1    1    1    1    1    1  4.79656E+18 0.00483 
    2    2    1    1    1    1    1    1    1    1  1.91927E+18 0.00593 
    3    3    1    1    1    1    1    1    1    1  1.97585E+17 0.01138 
];


DET1001E = [
 1.00000E-09  6.25000E-07  3.13000E-07
 6.25000E-07  1.00000E-01  5.00003E-02
 1.00000E-01  2.00000E+01  1.00500E+01
];

DET1002 = [
    1    1    1    1    1    1    1    1    1    1  1.30912E+17 0.00799 
    2    2    1    1    1    1    1    1    1    1  3.78879E+17 0.00476 
    3    3    1    1    1    1    1    1    1    1  1.82421E+17 0.00621 
];


DET1002E = [
 1.00000E-09  6.25000E-07  3.13000E-07
 6.25000E-07  1.00000E-01  5.00003E-02
 1.00000E-01  2.00000E+01  1.00500E+01
];
