
DET1001 = [
    1    1    1    1    1    1    1    1    1    1  4.86642E+18 0.00470 
    2    2    1    1    1    1    1    1    1    1  1.95712E+18 0.00606 
    3    3    1    1    1    1    1    1    1    1  2.01753E+17 0.01127 
];


DET1001E = [
 1.00000E-09  6.25000E-07  3.13000E-07
 6.25000E-07  1.00000E-01  5.00003E-02
 1.00000E-01  2.00000E+01  1.00500E+01
];

DET1002 = [
    1    1    1    1    1    1    1    1    1    1  1.32962E+17 0.00806 
    2    2    1    1    1    1    1    1    1    1  3.92185E+17 0.00508 
    3    3    1    1    1    1    1    1    1    1  1.89225E+17 0.00644 
];


DET1002E = [
 1.00000E-09  6.25000E-07  3.13000E-07
 6.25000E-07  1.00000E-01  5.00003E-02
 1.00000E-01  2.00000E+01  1.00500E+01
];
