
DET1001 = [
    1    1    1    1    1    1    1    1    1    1  4.70288E+18 0.00468 
    2    2    1    1    1    1    1    1    1    1  1.85427E+18 0.00580 
    3    3    1    1    1    1    1    1    1    1  1.90613E+17 0.01089 
];


DET1001E = [
 1.00000E-09  6.25000E-07  3.13000E-07
 6.25000E-07  1.00000E-01  5.00003E-02
 1.00000E-01  2.00000E+01  1.00500E+01
];

DET1002 = [
    1    1    1    1    1    1    1    1    1    1  1.31859E+17 0.00831 
    2    2    1    1    1    1    1    1    1    1  3.57123E+17 0.00520 
    3    3    1    1    1    1    1    1    1    1  1.73422E+17 0.00645 
];


DET1002E = [
 1.00000E-09  6.25000E-07  3.13000E-07
 6.25000E-07  1.00000E-01  5.00003E-02
 1.00000E-01  2.00000E+01  1.00500E+01
];
