
DET1001 = [
    1    1    1    1    1    1    1    1    1    1  4.72880E+18 0.00439 
    2    2    1    1    1    1    1    1    1    1  1.80973E+18 0.00612 
    3    3    1    1    1    1    1    1    1    1  1.65069E+17 0.01227 
];


DET1001E = [
 1.00000E-09  6.25000E-07  3.13000E-07
 6.25000E-07  1.00000E-01  5.00003E-02
 1.00000E-01  2.00000E+01  1.00500E+01
];

DET1002 = [
    1    1    1    1    1    1    1    1    1    1  1.66026E+17 0.00717 
    2    2    1    1    1    1    1    1    1    1  4.01187E+17 0.00486 
    3    3    1    1    1    1    1    1    1    1  1.80339E+17 0.00619 
];


DET1002E = [
 1.00000E-09  6.25000E-07  3.13000E-07
 6.25000E-07  1.00000E-01  5.00003E-02
 1.00000E-01  2.00000E+01  1.00500E+01
];
