
DET1001 = [
    1    1    1    1    1    1    1    1    1    1  4.90479E+18 0.00449 
    2    2    1    1    1    1    1    1    1    1  1.83641E+18 0.00593 
    3    3    1    1    1    1    1    1    1    1  1.63518E+17 0.01232 
];


DET1001E = [
 1.00000E-09  6.25000E-07  3.13000E-07
 6.25000E-07  1.00000E-01  5.00003E-02
 1.00000E-01  2.00000E+01  1.00500E+01
];

DET1002 = [
    1    1    1    1    1    1    1    1    1    1  1.71150E+17 0.00697 
    2    2    1    1    1    1    1    1    1    1  4.13069E+17 0.00476 
    3    3    1    1    1    1    1    1    1    1  1.85362E+17 0.00608 
];


DET1002E = [
 1.00000E-09  6.25000E-07  3.13000E-07
 6.25000E-07  1.00000E-01  5.00003E-02
 1.00000E-01  2.00000E+01  1.00500E+01
];
