
DET1001 = [
    1    1    1    1    1    1    1    1    1    1  4.63369E+18 0.00454 
    2    2    1    1    1    1    1    1    1    1  1.73025E+18 0.00556 
    3    3    1    1    1    1    1    1    1    1  1.56028E+17 0.01189 
];


DET1001E = [
 1.00000E-09  6.25000E-07  3.13000E-07
 6.25000E-07  1.00000E-01  5.00003E-02
 1.00000E-01  2.00000E+01  1.00500E+01
];

DET1002 = [
    1    1    1    1    1    1    1    1    1    1  1.66657E+17 0.00713 
    2    2    1    1    1    1    1    1    1    1  3.78998E+17 0.00474 
    3    3    1    1    1    1    1    1    1    1  1.70265E+17 0.00598 
];


DET1002E = [
 1.00000E-09  6.25000E-07  3.13000E-07
 6.25000E-07  1.00000E-01  5.00003E-02
 1.00000E-01  2.00000E+01  1.00500E+01
];
