
DET1001 = [
    1    1    1    1    1    1    1    1    1    1  4.68162E+18 0.00471 
    2    2    1    1    1    1    1    1    1    1  1.76443E+18 0.00589 
    3    3    1    1    1    1    1    1    1    1  1.59227E+17 0.01138 
];


DET1001E = [
 1.00000E-09  6.25000E-07  3.13000E-07
 6.25000E-07  1.00000E-01  5.00003E-02
 1.00000E-01  2.00000E+01  1.00500E+01
];

DET1002 = [
    1    1    1    1    1    1    1    1    1    1  1.63821E+17 0.00709 
    2    2    1    1    1    1    1    1    1    1  3.91919E+17 0.00483 
    3    3    1    1    1    1    1    1    1    1  1.76600E+17 0.00620 
];


DET1002E = [
 1.00000E-09  6.25000E-07  3.13000E-07
 6.25000E-07  1.00000E-01  5.00003E-02
 1.00000E-01  2.00000E+01  1.00500E+01
];
