
DET1001 = [
    1    1    1    1    1    1    1    1    1    1  4.74414E+18 0.00435 
    2    2    1    1    1    1    1    1    1    1  2.21532E+18 0.00491 
    3    3    1    1    1    1    1    1    1    1  3.78181E+17 0.00920 
];


DET1001E = [
 1.00000E-09  6.25000E-07  3.13000E-07
 6.25000E-07  1.00000E-01  5.00003E-02
 1.00000E-01  2.00000E+01  1.00500E+01
];

DET1002 = [
    1    1    1    1    1    1    1    1    1    1  8.18916E+16 0.00972 
    2    2    1    1    1    1    1    1    1    1  3.54232E+17 0.00494 
    3    3    1    1    1    1    1    1    1    1  1.96904E+17 0.00639 
];


DET1002E = [
 1.00000E-09  6.25000E-07  3.13000E-07
 6.25000E-07  1.00000E-01  5.00003E-02
 1.00000E-01  2.00000E+01  1.00500E+01
];
