
ZAI = [
10030
541350
922350
922380
942380
942390
942400
942410
942420
952410
952440
952450
666
0
];

NAMES = [
'H3              '
'Xe135           '
'U235            '
'U238            '
'Pu238           '
'Pu239           '
'Pu240           '
'Pu241           '
'Pu242           '
'Am241           '
'Am244           '
'Am245           '
'lost            '
'total           '
];

i10030  = 1; iH3               = 1;
i541350 = 2; iXe135            = 2;
i922350 = 3; iU235             = 3;
i922380 = 4; iU238             = 4;
i942380 = 5; iPu238            = 5;
i942390 = 6; iPu239            = 6;
i942400 = 7; iPu240            = 7;
i942410 = 8; iPu241            = 8;
i942420 = 9; iPu242            = 9;
i952410 = 10; iAm241            = 10;
i952440 = 11; iAm244            = 11;
i952450 = 12; iAm245            = 12;
iLOST    = 13;
iTOT     = 14;

MAT_uco_VOLUME = [ 4.06429E+04 4.06429E+04 4.06429E+04 4.06429E+04 ];

MAT_uco_BURNUP = [ 0.00000E+00 2.49644E-01 4.44370E+00 9.13707E+00 ];

MAT_uco_ADENS = [
0.00000E+00 7.91652E-14 1.32082E-12 2.48291E-12 % H3
0.00000E+00 3.19623E-08 3.21742E-08 3.22412E-08 % Xe135
4.87458E-03 4.86636E-03 4.73011E-03 4.58178E-03 % U235
2.01233E-02 2.01213E-02 2.00871E-02 2.00481E-02 % U238
0.00000E+00 5.57486E-14 9.40134E-10 8.75314E-09 % Pu238
0.00000E+00 9.23680E-07 3.15790E-05 6.16348E-05 % Pu239
0.00000E+00 1.68632E-09 9.55661E-07 3.64034E-06 % Pu240
0.00000E+00 5.97415E-12 6.72473E-08 5.34316E-07 % Pu241
0.00000E+00 2.77991E-15 6.10024E-10 1.02331E-08 % Pu242
0.00000E+00 8.93945E-16 1.93383E-10 3.20038E-09 % Am241
0.00000E+00 5.96103E-24 5.56137E-17 2.15022E-15 % Am244
0.00000E+00 7.11531E-28 6.02979E-21 2.34029E-19 % Am245
0.00000E+00 5.27785E-08 9.42125E-07 1.94189E-06 % lost data
7.04699E-02 7.04763E-02 7.05841E-02 7.07046E-02 % total
];

MAT_uco_MDENS = [
0.00000E+00 3.96415E-13 6.61395E-12 1.24330E-11 % H3
0.00000E+00 7.16024E-06 7.20773E-06 7.22273E-06 % Xe135
1.90258E+00 1.89937E+00 1.84619E+00 1.78830E+00 % U235
7.95473E+00 7.95394E+00 7.94042E+00 7.92500E+00 % U238
0.00000E+00 2.20372E-11 3.71632E-07 3.46009E-06 % Pu238
0.00000E+00 3.66666E-04 1.25357E-02 2.44667E-02 % Pu239
0.00000E+00 6.72209E-07 3.80951E-04 1.45114E-03 % Pu240
0.00000E+00 2.39132E-09 2.69176E-05 2.13874E-04 % Pu241
0.00000E+00 1.11740E-12 2.45201E-07 4.11323E-06 % Pu242
0.00000E+00 3.57838E-13 7.74096E-08 1.28108E-06 % Am241
0.00000E+00 2.41592E-21 2.25394E-14 8.71454E-13 % Am244
0.00000E+00 2.89557E-25 2.45382E-18 9.52379E-17 % Am245
0.00000E+00 0.00000E+00 0.00000E+00 0.00000E+00 % lost data
1.10000E+01 1.10000E+01 1.09994E+01 1.09987E+01 % total
];

MAT_uco_A = [
0.00000E+00 5.73627E+06 9.57063E+07 1.79911E+08 % H3
0.00000E+00 2.73652E+16 2.75467E+16 2.76040E+16 % Xe135
6.18119E+09 6.17076E+09 5.99798E+09 5.80990E+09 % U235
4.02062E+09 4.02022E+09 4.01339E+09 4.00560E+09 % U238
0.00000E+00 5.67467E+05 9.56966E+09 8.90985E+10 % Pu238
0.00000E+00 3.42003E+10 1.16925E+12 2.28210E+12 % Pu239
0.00000E+00 2.29444E+08 1.30029E+11 4.95312E+11 % Pu240
0.00000E+00 3.73207E+08 4.20096E+12 3.33789E+13 % Pu241
0.00000E+00 6.61774E+00 1.45220E+06 2.43604E+07 % Pu242
0.00000E+00 1.84472E+03 3.99061E+08 6.60422E+09 % Am241
0.00000E+00 4.61857E+00 4.30891E+07 1.66598E+09 % Am244
0.00000E+00 2.71611E-03 2.30174E+04 8.93354E+05 % Am245
0.00000E+00 0.00000E+00 0.00000E+00 0.00000E+00 % lost data
1.02018E+10 3.36634E+18 3.74112E+18 3.80121E+18 % total
];

MAT_uco_H = [
0.00000E+00 5.22940E-09 8.72495E-08 1.64013E-07 % H3
0.00000E+00 2.46702E+03 2.48338E+03 2.48855E+03 % Xe135
4.56806E-03 4.56036E-03 4.43267E-03 4.29367E-03 % U235
2.75402E-03 2.75375E-03 2.74907E-03 2.74373E-03 % U238
0.00000E+00 5.08102E-07 8.56854E-03 7.97776E-02 % Pu238
0.00000E+00 2.87196E-02 9.81873E-01 1.91638E+00 % Pu239
0.00000E+00 1.93033E-04 1.09395E-01 4.16712E-01 % Pu240
0.00000E+00 3.20205E-07 3.60435E-03 2.86385E-02 % Pu241
0.00000E+00 5.28235E-12 1.15916E-06 1.94447E-05 % Pu242
0.00000E+00 1.65394E-09 3.57791E-04 5.92122E-03 % Am241
0.00000E+00 8.20430E-13 7.65424E-06 2.95940E-04 % Am244
0.00000E+00 1.37037E-16 1.16130E-09 4.50727E-08 % Am245
0.00000E+00 0.00000E+00 0.00000E+00 0.00000E+00 % lost data
7.32208E-03 1.20264E+06 1.23954E+06 1.23840E+06 % total
];

MAT_uco_SF = [
0.00000E+00 0.00000E+00 0.00000E+00 0.00000E+00 % H3
0.00000E+00 0.00000E+00 0.00000E+00 0.00000E+00 % Xe135
4.45045E-01 4.44295E-01 4.31855E-01 4.18313E-01 % U235
2.19526E+05 2.19504E+05 2.19131E+05 2.18706E+05 % U238
0.00000E+00 1.05549E-03 1.77996E+01 1.65723E+02 % Pu238
0.00000E+00 1.06021E-01 3.62468E+00 7.07452E+00 % Pu239
0.00000E+00 1.30783E+01 7.41166E+03 2.82328E+04 % Pu240
0.00000E+00 0.00000E+00 0.00000E+00 0.00000E+00 % Pu241
0.00000E+00 3.63976E-05 7.98707E+00 1.33982E+02 % Pu242
0.00000E+00 7.93231E-09 1.71596E-03 2.83981E-02 % Am241
0.00000E+00 0.00000E+00 0.00000E+00 0.00000E+00 % Am244
0.00000E+00 0.00000E+00 0.00000E+00 0.00000E+00 % Am245
0.00000E+00 0.00000E+00 0.00000E+00 0.00000E+00 % lost data
2.19526E+05 2.19518E+05 2.26976E+05 2.60891E+05 % total
];

MAT_uco_ING_TOX = [
0.00000E+00 2.40923E-04 4.01966E-03 7.55625E-03 % H3
0.00000E+00 5.74669E+09 5.78481E+09 5.79684E+09 % Xe135
2.90516E+02 2.90026E+02 2.81905E+02 2.73065E+02 % U235
1.80928E+02 1.80910E+02 1.80603E+02 1.80252E+02 % U238
0.00000E+00 1.30517E-01 2.20102E+03 2.04927E+04 % Pu238
0.00000E+00 8.55009E+03 2.92313E+05 5.70526E+05 % Pu239
0.00000E+00 5.73609E+01 3.25073E+04 1.23828E+05 % Pu240
0.00000E+00 1.79139E+00 2.01646E+04 1.60219E+05 % Pu241
0.00000E+00 1.58826E-06 3.48527E-01 5.84650E+00 % Pu242
0.00000E+00 3.68944E-04 7.98122E+01 1.32084E+03 % Am241
0.00000E+00 2.12454E-09 1.98210E-02 7.66350E-01 % Am244
0.00000E+00 1.68399E-13 1.42708E-06 5.53879E-05 % Am245
0.00000E+00 0.00000E+00 0.00000E+00 0.00000E+00 % lost data
4.71444E+02 4.69273E+10 6.25549E+10 6.26273E+10 % total
];

MAT_uco_INH_TOX = [
0.00000E+00 1.49143E-03 2.48836E-02 4.67768E-02 % H3
0.00000E+00 3.01017E+09 3.03014E+09 3.03644E+09 % Xe135
5.25401E+04 5.24515E+04 5.09828E+04 4.93841E+04 % U235
3.21650E+04 3.21618E+04 3.21071E+04 3.20448E+04 % U238
0.00000E+00 6.24213E+01 1.05266E+06 9.80084E+06 % Pu238
0.00000E+00 4.10404E+06 1.40310E+08 2.73852E+08 % Pu239
0.00000E+00 2.75332E+04 1.56035E+07 5.94375E+07 % Pu240
0.00000E+00 8.58376E+02 9.66221E+06 7.67714E+07 % Pu241
0.00000E+00 7.27951E-04 1.59741E+02 2.67965E+03 % Pu242
0.00000E+00 1.77093E-01 3.83098E+04 6.34005E+05 % Am241
0.00000E+00 1.70887E-08 1.59430E-01 6.16412E+00 % Am244
0.00000E+00 1.52102E-13 1.28897E-06 5.00278E-05 % Am245
0.00000E+00 0.00000E+00 0.00000E+00 0.00000E+00 % lost data
8.47051E+04 4.50486E+10 6.00346E+10 6.19030E+10 % total
];

TOT_VOLUME = [ 4.06429E+04 4.06429E+04 4.06429E+04 4.06429E+04 ];

TOT_BURNUP = [ 0.00000E+00 2.49644E-01 4.44370E+00 9.13707E+00 ];

TOT_ADENS = [
0.00000E+00 7.91652E-14 1.32082E-12 2.48291E-12 % H3
0.00000E+00 3.19623E-08 3.21742E-08 3.22412E-08 % Xe135
4.87458E-03 4.86636E-03 4.73011E-03 4.58178E-03 % U235
2.01233E-02 2.01213E-02 2.00871E-02 2.00481E-02 % U238
0.00000E+00 5.57486E-14 9.40134E-10 8.75314E-09 % Pu238
0.00000E+00 9.23680E-07 3.15790E-05 6.16348E-05 % Pu239
0.00000E+00 1.68632E-09 9.55661E-07 3.64034E-06 % Pu240
0.00000E+00 5.97415E-12 6.72473E-08 5.34316E-07 % Pu241
0.00000E+00 2.77991E-15 6.10024E-10 1.02331E-08 % Pu242
0.00000E+00 8.93945E-16 1.93383E-10 3.20038E-09 % Am241
0.00000E+00 5.96103E-24 5.56137E-17 2.15022E-15 % Am244
0.00000E+00 7.11531E-28 6.02979E-21 2.34029E-19 % Am245
0.00000E+00 5.27785E-08 9.42125E-07 1.94189E-06 % lost data
7.04699E-02 7.04763E-02 7.05841E-02 7.07046E-02 % total
];

