
DET1001 = [
    1    1    1    1    1    1    1    1    1    1  4.79828E+18 0.00470 
    2    2    1    1    1    1    1    1    1    1  2.25296E+18 0.00508 
    3    3    1    1    1    1    1    1    1    1  3.74322E+17 0.00984 
];


DET1001E = [
 1.00000E-09  6.25000E-07  3.13000E-07
 6.25000E-07  1.00000E-01  5.00003E-02
 1.00000E-01  2.00000E+01  1.00500E+01
];

DET1002 = [
    1    1    1    1    1    1    1    1    1    1  8.26977E+16 0.01003 
    2    2    1    1    1    1    1    1    1    1  3.63849E+17 0.00516 
    3    3    1    1    1    1    1    1    1    1  2.01041E+17 0.00614 
];


DET1002E = [
 1.00000E-09  6.25000E-07  3.13000E-07
 6.25000E-07  1.00000E-01  5.00003E-02
 1.00000E-01  2.00000E+01  1.00500E+01
];
