
DET1001 = [
    1    1    1    1    1    1    1    1    1    1  4.38837E+18 0.00464 
    2    2    1    1    1    1    1    1    1    1  1.85230E+18 0.00604 
    3    3    1    1    1    1    1    1    1    1  1.91732E+17 0.01153 
];


DET1001E = [
 1.00000E-09  6.25000E-07  3.13000E-07
 6.25000E-07  1.00000E-01  5.00003E-02
 1.00000E-01  2.00000E+01  1.00500E+01
];

DET1002 = [
    1    1    1    1    1    1    1    1    1    1  1.03301E+17 0.00904 
    2    2    1    1    1    1    1    1    1    1  3.43996E+17 0.00511 
    3    3    1    1    1    1    1    1    1    1  1.68570E+17 0.00649 
];


DET1002E = [
 1.00000E-09  6.25000E-07  3.13000E-07
 6.25000E-07  1.00000E-01  5.00003E-02
 1.00000E-01  2.00000E+01  1.00500E+01
];
