
DET1001 = [
    1    1    1    1    1    1    1    1    1    1  4.41969E+18 0.00468 
    2    2    1    1    1    1    1    1    1    1  1.84561E+18 0.00575 
    3    3    1    1    1    1    1    1    1    1  1.91043E+17 0.01080 
];


DET1001E = [
 1.00000E-09  6.25000E-07  3.13000E-07
 6.25000E-07  1.00000E-01  5.00003E-02
 1.00000E-01  2.00000E+01  1.00500E+01
];

DET1002 = [
    1    1    1    1    1    1    1    1    1    1  1.04199E+17 0.00915 
    2    2    1    1    1    1    1    1    1    1  3.53960E+17 0.00509 
    3    3    1    1    1    1    1    1    1    1  1.72080E+17 0.00645 
];


DET1002E = [
 1.00000E-09  6.25000E-07  3.13000E-07
 6.25000E-07  1.00000E-01  5.00003E-02
 1.00000E-01  2.00000E+01  1.00500E+01
];
