
DET1001 = [
    1    1    1    1    1    1    1    1    1    1  4.54598E+18 0.00466 
    2    2    1    1    1    1    1    1    1    1  1.94361E+18 0.00624 
    3    3    1    1    1    1    1    1    1    1  2.02571E+17 0.01157 
];


DET1001E = [
 1.00000E-09  6.25000E-07  3.13000E-07
 6.25000E-07  1.00000E-01  5.00003E-02
 1.00000E-01  2.00000E+01  1.00500E+01
];

DET1002 = [
    1    1    1    1    1    1    1    1    1    1  1.02687E+17 0.00898 
    2    2    1    1    1    1    1    1    1    1  3.70315E+17 0.00523 
    3    3    1    1    1    1    1    1    1    1  1.80251E+17 0.00603 
];


DET1002E = [
 1.00000E-09  6.25000E-07  3.13000E-07
 6.25000E-07  1.00000E-01  5.00003E-02
 1.00000E-01  2.00000E+01  1.00500E+01
];
