
ZAI = [
10030
541350
922350
922380
942380
942390
942400
942410
942420
952410
952440
952450
666
0
];

NAMES = [
'H3              '
'Xe135           '
'U235            '
'U238            '
'Pu238           '
'Pu239           '
'Pu240           '
'Pu241           '
'Pu242           '
'Am241           '
'Am244           '
'Am245           '
'lost            '
'total           '
];

i10030  = 1; iH3               = 1;
i541350 = 2; iXe135            = 2;
i922350 = 3; iU235             = 3;
i922380 = 4; iU238             = 4;
i942380 = 5; iPu238            = 5;
i942390 = 6; iPu239            = 6;
i942400 = 7; iPu240            = 7;
i942410 = 8; iPu241            = 8;
i942420 = 9; iPu242            = 9;
i952410 = 10; iAm241            = 10;
i952440 = 11; iAm244            = 11;
i952450 = 12; iAm245            = 12;
iLOST    = 13;
iTOT     = 14;

MAT_uco_VOLUME = [ 3.32126E+04 3.32126E+04 3.32126E+04 3.32126E+04 ];

MAT_uco_BURNUP = [ 0.00000E+00 3.05489E-01 5.43771E+00 1.11808E+01 ];

MAT_uco_ADENS = [
0.00000E+00 8.80882E-14 1.42254E-12 2.60728E-12 % H3
0.00000E+00 3.40699E-08 3.43369E-08 3.43633E-08 % Xe135
4.31104E-03 4.30106E-03 4.13652E-03 3.95897E-03 % U235
2.06805E-02 2.06781E-02 2.06368E-02 2.05895E-02 % U238
0.00000E+00 8.39575E-14 1.56864E-09 1.48062E-08 % Pu238
0.00000E+00 1.11440E-06 3.69953E-05 7.03412E-05 % Pu239
0.00000E+00 2.72220E-09 1.53677E-06 5.67793E-06 % Pu240
0.00000E+00 1.14150E-11 1.28838E-07 9.85547E-07 % Pu241
0.00000E+00 7.07561E-15 1.57351E-09 2.55891E-08 % Pu242
0.00000E+00 1.69827E-15 3.70064E-10 5.89301E-09 % Am241
0.00000E+00 2.03110E-23 2.01506E-16 7.33530E-15 % Am244
0.00000E+00 3.13602E-27 2.81751E-20 1.02764E-18 % Am245
0.00000E+00 6.45683E-08 1.15374E-06 2.37974E-06 % lost data
7.04520E-02 7.04598E-02 7.05917E-02 7.07392E-02 % total
];

MAT_uco_MDENS = [
0.00000E+00 4.41096E-13 7.12326E-12 1.30558E-11 % H3
0.00000E+00 7.63240E-06 7.69222E-06 7.69813E-06 % Xe135
1.68262E+00 1.67873E+00 1.61451E+00 1.54521E+00 % U235
8.17497E+00 8.17402E+00 8.15772E+00 8.13900E+00 % U238
0.00000E+00 3.31881E-11 6.20080E-07 5.85283E-06 % Pu238
0.00000E+00 4.42373E-04 1.46857E-02 2.79228E-02 % Pu239
0.00000E+00 1.08514E-06 6.12595E-04 2.26337E-03 % Pu240
0.00000E+00 4.56916E-09 5.15710E-05 3.94492E-04 % Pu241
0.00000E+00 2.84407E-12 6.32480E-07 1.02857E-05 % Pu242
0.00000E+00 6.79801E-13 1.48133E-07 2.35892E-06 % Am241
0.00000E+00 8.23177E-21 8.16673E-14 2.97289E-12 % Am244
0.00000E+00 1.27620E-24 1.14658E-17 4.18197E-16 % Am245
0.00000E+00 0.00000E+00 0.00000E+00 0.00000E+00 % lost data
1.10000E+01 1.10000E+01 1.09992E+01 1.09984E+01 % total
];

MAT_uco_A = [
0.00000E+00 5.21592E+06 8.42320E+07 1.54384E+08 % H3
0.00000E+00 2.38369E+16 2.40238E+16 2.40422E+16 % Xe135
4.46719E+09 4.45685E+09 4.28635E+09 4.10237E+09 % U235
3.37655E+09 3.37615E+09 3.36942E+09 3.36169E+09 % U238
0.00000E+00 6.98368E+05 1.30482E+10 1.23159E+11 % Pu238
0.00000E+00 3.37184E+10 1.11937E+12 2.12832E+12 % Pu239
0.00000E+00 3.02674E+08 1.70869E+11 6.31313E+11 % Pu240
0.00000E+00 5.82730E+08 6.57714E+12 5.03118E+13 % Pu241
0.00000E+00 1.37645E+01 3.06103E+06 4.97797E+07 % Pu242
0.00000E+00 2.86381E+03 6.24044E+08 9.93746E+09 % Am241
0.00000E+00 1.28599E+01 1.27583E+08 4.64432E+09 % Am244
0.00000E+00 9.78251E-03 8.78894E+04 3.20563E+06 % Am245
0.00000E+00 0.00000E+00 0.00000E+00 0.00000E+00 % lost data
7.84374E+09 3.35806E+18 3.72792E+18 3.78466E+18 % total
];

MAT_uco_H = [
0.00000E+00 4.75504E-09 7.67891E-08 1.40742E-07 % H3
0.00000E+00 2.14894E+03 2.16578E+03 2.16744E+03 % Xe135
3.30137E-03 3.29373E-03 3.16772E-03 3.03176E-03 % U235
2.31285E-03 2.31258E-03 2.30797E-03 2.30267E-03 % U238
0.00000E+00 6.25310E-07 1.16832E-02 1.10275E-01 % Pu238
0.00000E+00 2.83149E-02 9.39987E-01 1.78725E+00 % Pu239
0.00000E+00 2.54643E-04 1.43754E-01 5.31131E-01 % Pu240
0.00000E+00 4.99973E-07 5.64307E-03 4.31667E-02 % Pu241
0.00000E+00 1.09870E-11 2.44334E-06 3.97347E-05 % Pu242
0.00000E+00 2.56764E-09 5.59506E-04 8.90974E-03 % Am241
0.00000E+00 2.28439E-12 2.26635E-05 8.25005E-04 % Am244
0.00000E+00 4.93560E-16 4.43431E-09 1.61734E-07 % Am245
0.00000E+00 0.00000E+00 0.00000E+00 0.00000E+00 % lost data
5.61422E-03 1.20174E+06 1.23596E+06 1.23187E+06 % total
];

MAT_uco_SF = [
0.00000E+00 0.00000E+00 0.00000E+00 0.00000E+00 % H3
0.00000E+00 0.00000E+00 0.00000E+00 0.00000E+00 % Xe135
3.21638E-01 3.20894E-01 3.08617E-01 2.95370E-01 % U235
1.84359E+05 1.84338E+05 1.83970E+05 1.83548E+05 % U238
0.00000E+00 1.29896E-03 2.42696E+01 2.29076E+02 % Pu238
0.00000E+00 1.04527E-01 3.47005E+00 6.59779E+00 % Pu239
0.00000E+00 1.72524E+01 9.73953E+03 3.59849E+04 % Pu240
0.00000E+00 0.00000E+00 0.00000E+00 0.00000E+00 % Pu241
0.00000E+00 7.57048E-05 1.68356E+01 2.73788E+02 % Pu242
0.00000E+00 1.23144E-08 2.68339E-03 4.27311E-02 % Am241
0.00000E+00 0.00000E+00 0.00000E+00 0.00000E+00 % Am244
0.00000E+00 0.00000E+00 0.00000E+00 0.00000E+00 % Am245
0.00000E+00 0.00000E+00 0.00000E+00 0.00000E+00 % lost data
1.84360E+05 1.84356E+05 1.94577E+05 2.47048E+05 % total
];

MAT_uco_ING_TOX = [
0.00000E+00 2.19069E-04 3.53774E-03 6.48411E-03 % H3
0.00000E+00 5.00576E+09 5.04499E+09 5.04887E+09 % Xe135
2.09958E+02 2.09472E+02 2.01458E+02 1.92811E+02 % U235
1.51945E+02 1.51927E+02 1.51624E+02 1.51276E+02 % U238
0.00000E+00 1.60625E-01 3.00108E+03 2.83266E+04 % Pu238
0.00000E+00 8.42961E+03 2.79843E+05 5.32080E+05 % Pu239
0.00000E+00 7.56685E+01 4.27172E+04 1.57828E+05 % Pu240
0.00000E+00 2.79711E+00 3.15703E+04 2.41497E+05 % Pu241
0.00000E+00 3.30348E-06 7.34646E-01 1.19471E+01 % Pu242
0.00000E+00 5.72763E-04 1.24809E+02 1.98749E+03 % Am241
0.00000E+00 5.91554E-09 5.86880E-02 2.13639E+00 % Am244
0.00000E+00 6.06516E-13 5.44915E-06 1.98749E-04 % Am245
0.00000E+00 0.00000E+00 0.00000E+00 0.00000E+00 % lost data
3.61903E+02 4.61712E+10 6.17775E+10 6.17810E+10 % total
];

MAT_uco_INH_TOX = [
0.00000E+00 1.35614E-03 2.19003E-02 4.01398E-02 % H3
0.00000E+00 2.62206E+09 2.64261E+09 2.64464E+09 % Xe135
3.79711E+04 3.78833E+04 3.64340E+04 3.48701E+04 % U235
2.70124E+04 2.70092E+04 2.69554E+04 2.68935E+04 % U238
0.00000E+00 7.68205E+01 1.43530E+06 1.35475E+07 % Pu238
0.00000E+00 4.04621E+06 1.34325E+08 2.55398E+08 % Pu239
0.00000E+00 3.63209E+04 2.05043E+07 7.57576E+07 % Pu240
0.00000E+00 1.34028E+03 1.51274E+07 1.15717E+08 % Pu241
0.00000E+00 1.51410E-03 3.36713E+02 5.47577E+03 % Pu242
0.00000E+00 2.74926E-01 5.99082E+04 9.53996E+05 % Am241
0.00000E+00 4.75815E-08 4.72056E-01 1.71840E+01 % Am244
0.00000E+00 5.47821E-13 4.92181E-06 1.79515E-04 % Am245
0.00000E+00 0.00000E+00 0.00000E+00 0.00000E+00 % lost data
6.49835E+04 4.46379E+10 5.96435E+10 6.15082E+10 % total
];

TOT_VOLUME = [ 3.32126E+04 3.32126E+04 3.32126E+04 3.32126E+04 ];

TOT_BURNUP = [ 0.00000E+00 3.05489E-01 5.43771E+00 1.11808E+01 ];

TOT_ADENS = [
0.00000E+00 8.80882E-14 1.42254E-12 2.60728E-12 % H3
0.00000E+00 3.40699E-08 3.43369E-08 3.43633E-08 % Xe135
4.31104E-03 4.30106E-03 4.13652E-03 3.95897E-03 % U235
2.06805E-02 2.06781E-02 2.06368E-02 2.05895E-02 % U238
0.00000E+00 8.39575E-14 1.56864E-09 1.48062E-08 % Pu238
0.00000E+00 1.11440E-06 3.69953E-05 7.03412E-05 % Pu239
0.00000E+00 2.72220E-09 1.53677E-06 5.67793E-06 % Pu240
0.00000E+00 1.14150E-11 1.28838E-07 9.85547E-07 % Pu241
0.00000E+00 7.07561E-15 1.57351E-09 2.55891E-08 % Pu242
0.00000E+00 1.69827E-15 3.70064E-10 5.89301E-09 % Am241
0.00000E+00 2.03110E-23 2.01506E-16 7.33530E-15 % Am244
0.00000E+00 3.13602E-27 2.81751E-20 1.02764E-18 % Am245
0.00000E+00 6.45683E-08 1.15374E-06 2.37974E-06 % lost data
7.04520E-02 7.04598E-02 7.05917E-02 7.07392E-02 % total
];

