
DET1001 = [
    1    1    1    1    1    1    1    1    1    1  4.82012E+18 0.00466 
    2    2    1    1    1    1    1    1    1    1  2.25484E+18 0.00493 
    3    3    1    1    1    1    1    1    1    1  3.74729E+17 0.00961 
];


DET1001E = [
 1.00000E-09  6.25000E-07  3.13000E-07
 6.25000E-07  1.00000E-01  5.00003E-02
 1.00000E-01  2.00000E+01  1.00500E+01
];

DET1002 = [
    1    1    1    1    1    1    1    1    1    1  8.66673E+16 0.00970 
    2    2    1    1    1    1    1    1    1    1  3.62061E+17 0.00513 
    3    3    1    1    1    1    1    1    1    1  1.98432E+17 0.00659 
];


DET1002E = [
 1.00000E-09  6.25000E-07  3.13000E-07
 6.25000E-07  1.00000E-01  5.00003E-02
 1.00000E-01  2.00000E+01  1.00500E+01
];
