
DET1001 = [
    1    1    1    1    1    1    1    1    1    1  4.74894E+18 0.00482 
    2    2    1    1    1    1    1    1    1    1  2.18993E+18 0.00519 
    3    3    1    1    1    1    1    1    1    1  3.64254E+17 0.00919 
];


DET1001E = [
 1.00000E-09  6.25000E-07  3.13000E-07
 6.25000E-07  1.00000E-01  5.00003E-02
 1.00000E-01  2.00000E+01  1.00500E+01
];

DET1002 = [
    1    1    1    1    1    1    1    1    1    1  8.63958E+16 0.00923 
    2    2    1    1    1    1    1    1    1    1  3.47027E+17 0.00535 
    3    3    1    1    1    1    1    1    1    1  1.91496E+17 0.00636 
];


DET1002E = [
 1.00000E-09  6.25000E-07  3.13000E-07
 6.25000E-07  1.00000E-01  5.00003E-02
 1.00000E-01  2.00000E+01  1.00500E+01
];
