
DET1001 = [
    1    1    1    1    1    1    1    1    1    1  4.75120E+18 0.00459 
    2    2    1    1    1    1    1    1    1    1  2.19528E+18 0.00525 
    3    3    1    1    1    1    1    1    1    1  3.70139E+17 0.00985 
];


DET1001E = [
 1.00000E-09  6.25000E-07  3.13000E-07
 6.25000E-07  1.00000E-01  5.00003E-02
 1.00000E-01  2.00000E+01  1.00500E+01
];

DET1002 = [
    1    1    1    1    1    1    1    1    1    1  8.80978E+16 0.00953 
    2    2    1    1    1    1    1    1    1    1  3.53808E+17 0.00488 
    3    3    1    1    1    1    1    1    1    1  1.93490E+17 0.00641 
];


DET1002E = [
 1.00000E-09  6.25000E-07  3.13000E-07
 6.25000E-07  1.00000E-01  5.00003E-02
 1.00000E-01  2.00000E+01  1.00500E+01
];
