
ZAI = [
10030
541350
922350
922380
942380
942390
942400
942410
942420
952410
952440
952450
666
0
];

NAMES = [
'H3              '
'Xe135           '
'U235            '
'U238            '
'Pu238           '
'Pu239           '
'Pu240           '
'Pu241           '
'Pu242           '
'Am241           '
'Am244           '
'Am245           '
'lost            '
'total           '
];

i10030  = 1; iH3               = 1;
i541350 = 2; iXe135            = 2;
i922350 = 3; iU235             = 3;
i922380 = 4; iU238             = 4;
i942380 = 5; iPu238            = 5;
i942390 = 6; iPu239            = 6;
i942400 = 7; iPu240            = 7;
i942410 = 8; iPu241            = 8;
i942420 = 9; iPu242            = 9;
i952410 = 10; iAm241            = 10;
i952440 = 11; iAm244            = 11;
i952450 = 12; iAm245            = 12;
iLOST    = 13;
iTOT     = 14;

MAT_uco_VOLUME = [ 3.93127E+04 3.93127E+04 3.93127E+04 3.93127E+04 ];

MAT_uco_BURNUP = [ 0.00000E+00 2.58094E-01 4.59404E+00 9.44631E+00 ];

MAT_uco_ADENS = [
0.00000E+00 7.95615E-14 1.31328E-12 2.47102E-12 % H3
0.00000E+00 3.25506E-08 3.27598E-08 3.28134E-08 % Xe135
4.87458E-03 4.86610E-03 4.72544E-03 4.57230E-03 % U235
2.01233E-02 2.01213E-02 2.00872E-02 2.00482E-02 % U238
0.00000E+00 5.82310E-14 1.00129E-09 9.31394E-09 % Pu238
0.00000E+00 9.23654E-07 3.14441E-05 6.11777E-05 % Pu239
0.00000E+00 1.73890E-09 9.86978E-07 3.75198E-06 % Pu240
0.00000E+00 6.17906E-12 7.03560E-08 5.56054E-07 % Pu241
0.00000E+00 2.97167E-15 6.62679E-10 1.10687E-08 % Pu242
0.00000E+00 9.23723E-16 2.02306E-10 3.33008E-09 % Am241
0.00000E+00 6.38710E-24 6.34204E-17 2.39637E-15 % Am244
0.00000E+00 7.87058E-28 7.10375E-21 2.68754E-19 % Am245
0.00000E+00 5.45624E-08 9.73920E-07 2.00751E-06 % lost data
7.04699E-02 7.04765E-02 7.05879E-02 7.07125E-02 % total
];

MAT_uco_MDENS = [
0.00000E+00 3.98399E-13 6.57619E-12 1.23735E-11 % H3
0.00000E+00 7.29203E-06 7.33891E-06 7.35093E-06 % Xe135
1.90258E+00 1.89927E+00 1.84437E+00 1.78459E+00 % U235
7.95473E+00 7.95394E+00 7.94043E+00 7.92503E+00 % U238
0.00000E+00 2.30185E-11 3.95808E-07 3.68177E-06 % Pu238
0.00000E+00 3.66655E-04 1.24821E-02 2.42852E-02 % Pu239
0.00000E+00 6.93171E-07 3.93435E-04 1.49564E-03 % Pu240
0.00000E+00 2.47334E-09 2.81619E-05 2.22576E-04 % Pu241
0.00000E+00 1.19447E-12 2.66367E-07 4.44912E-06 % Pu242
0.00000E+00 3.69758E-13 8.09811E-08 1.33300E-06 % Am241
0.00000E+00 2.58860E-21 2.57034E-14 9.71213E-13 % Am244
0.00000E+00 3.20292E-25 2.89086E-18 1.09369E-16 % Am245
0.00000E+00 0.00000E+00 0.00000E+00 0.00000E+00 % lost data
1.10000E+01 1.10000E+01 1.09993E+01 1.09986E+01 % total
];

MAT_uco_A = [
0.00000E+00 5.57630E+06 9.20453E+07 1.73189E+08 % H3
0.00000E+00 2.69567E+16 2.71300E+16 2.71745E+16 % Xe135
5.97888E+09 5.96847E+09 5.79595E+09 5.60811E+09 % U235
3.88903E+09 3.88864E+09 3.88204E+09 3.87451E+09 % U238
0.00000E+00 5.73335E+05 9.85862E+09 9.17039E+10 % Pu238
0.00000E+00 3.30801E+10 1.12615E+12 2.19104E+12 % Pu239
0.00000E+00 2.28855E+08 1.29895E+11 4.93793E+11 % Pu240
0.00000E+00 3.73374E+08 4.25131E+12 3.36000E+13 % Pu241
0.00000E+00 6.84268E+00 1.52591E+06 2.54873E+07 % Pu242
0.00000E+00 1.84378E+03 4.03809E+08 6.64695E+09 % Am241
0.00000E+00 4.78672E+00 4.75295E+07 1.79592E+09 % Am244
0.00000E+00 2.90608E-03 2.62294E+04 9.92330E+05 % Am245
0.00000E+00 0.00000E+00 0.00000E+00 0.00000E+00 % lost data
9.86791E+09 3.35515E+18 3.72611E+18 3.78588E+18 % total
];

MAT_uco_H = [
0.00000E+00 5.08357E-09 8.39120E-08 1.57886E-07 % H3
0.00000E+00 2.43019E+03 2.44581E+03 2.44982E+03 % Xe135
4.41855E-03 4.41086E-03 4.28336E-03 4.14454E-03 % U235
2.66389E-03 2.66362E-03 2.65910E-03 2.65394E-03 % U238
0.00000E+00 5.13356E-07 8.82727E-03 8.21104E-02 % Pu238
0.00000E+00 2.77788E-02 9.45678E-01 1.83991E+00 % Pu239
0.00000E+00 1.92538E-04 1.09282E-01 4.15433E-01 % Pu240
0.00000E+00 3.20349E-07 3.64755E-03 2.88282E-02 % Pu241
0.00000E+00 5.46190E-12 1.21800E-06 2.03443E-05 % Pu242
0.00000E+00 1.65310E-09 3.62048E-04 5.95954E-03 % Am241
0.00000E+00 8.50300E-13 8.44301E-06 3.19023E-04 % Am244
0.00000E+00 1.46622E-16 1.32336E-09 5.00663E-08 % Am245
0.00000E+00 0.00000E+00 0.00000E+00 0.00000E+00 % lost data
7.08243E-03 1.20180E+06 1.23792E+06 1.23675E+06 % total
];

MAT_uco_SF = [
0.00000E+00 0.00000E+00 0.00000E+00 0.00000E+00 % H3
0.00000E+00 0.00000E+00 0.00000E+00 0.00000E+00 % Xe135
4.30479E-01 4.29730E-01 4.17308E-01 4.03784E-01 % U235
2.12341E+05 2.12320E+05 2.11960E+05 2.11548E+05 % U238
0.00000E+00 1.06640E-03 1.83370E+01 1.70569E+02 % Pu238
0.00000E+00 1.02548E-01 3.49106E+00 6.79222E+00 % Pu239
0.00000E+00 1.30447E+01 7.40401E+03 2.81462E+04 % Pu240
0.00000E+00 0.00000E+00 0.00000E+00 0.00000E+00 % Pu241
0.00000E+00 3.76348E-05 8.39252E+00 1.40180E+02 % Pu242
0.00000E+00 7.92827E-09 1.73638E-03 2.85819E-02 % Am241
0.00000E+00 0.00000E+00 0.00000E+00 0.00000E+00 % Am244
0.00000E+00 0.00000E+00 0.00000E+00 0.00000E+00 % Am245
0.00000E+00 0.00000E+00 0.00000E+00 0.00000E+00 % lost data
2.12341E+05 2.12334E+05 2.19816E+05 2.54224E+05 % total
];

MAT_uco_ING_TOX = [
0.00000E+00 2.34205E-04 3.86590E-03 7.27393E-03 % H3
0.00000E+00 5.66092E+09 5.69730E+09 5.70664E+09 % Xe135
2.81007E+02 2.80518E+02 2.72410E+02 2.63581E+02 % U235
1.75006E+02 1.74989E+02 1.74692E+02 1.74353E+02 % U238
0.00000E+00 1.31867E-01 2.26748E+03 2.10919E+04 % Pu238
0.00000E+00 8.27001E+03 2.81537E+05 5.47760E+05 % Pu239
0.00000E+00 5.72137E+01 3.24737E+04 1.23448E+05 % Pu240
0.00000E+00 1.79220E+00 2.04063E+04 1.61280E+05 % Pu241
0.00000E+00 1.64224E-06 3.66219E-01 6.11696E+00 % Pu242
0.00000E+00 3.68757E-04 8.07618E+01 1.32939E+03 % Am241
0.00000E+00 2.20189E-09 2.18636E-02 8.26124E-01 % Am244
0.00000E+00 1.80177E-13 1.62622E-06 6.15245E-05 % Am245
0.00000E+00 0.00000E+00 0.00000E+00 0.00000E+00 % lost data
4.56014E+02 4.68350E+10 6.24309E+10 6.24986E+10 % total
];

MAT_uco_INH_TOX = [
0.00000E+00 1.44984E-03 2.39318E-02 4.50291E-02 % H3
0.00000E+00 2.96524E+09 2.98430E+09 2.98919E+09 % Xe135
5.08205E+04 5.07320E+04 4.92656E+04 4.76689E+04 % U235
3.11122E+04 3.11092E+04 3.10563E+04 3.09961E+04 % U238
0.00000E+00 6.30668E+01 1.08445E+06 1.00874E+07 % Pu238
0.00000E+00 3.96961E+06 1.35138E+08 2.62925E+08 % Pu239
0.00000E+00 2.74626E+04 1.55874E+07 5.92552E+07 % Pu240
0.00000E+00 8.58761E+02 9.77802E+06 7.72799E+07 % Pu241
0.00000E+00 7.52695E-04 1.67850E+02 2.80361E+03 % Pu242
0.00000E+00 1.77003E-01 3.87657E+04 6.38107E+05 % Am241
0.00000E+00 1.77109E-08 1.75859E-01 6.64491E+00 % Am244
0.00000E+00 1.62741E-13 1.46885E-06 5.55705E-05 % Am245
0.00000E+00 0.00000E+00 0.00000E+00 0.00000E+00 % lost data
8.19327E+04 4.49945E+10 5.99449E+10 6.18043E+10 % total
];

TOT_VOLUME = [ 3.93127E+04 3.93127E+04 3.93127E+04 3.93127E+04 ];

TOT_BURNUP = [ 0.00000E+00 2.58094E-01 4.59404E+00 9.44631E+00 ];

TOT_ADENS = [
0.00000E+00 7.95615E-14 1.31328E-12 2.47102E-12 % H3
0.00000E+00 3.25506E-08 3.27598E-08 3.28134E-08 % Xe135
4.87458E-03 4.86610E-03 4.72544E-03 4.57230E-03 % U235
2.01233E-02 2.01213E-02 2.00872E-02 2.00482E-02 % U238
0.00000E+00 5.82310E-14 1.00129E-09 9.31394E-09 % Pu238
0.00000E+00 9.23654E-07 3.14441E-05 6.11777E-05 % Pu239
0.00000E+00 1.73890E-09 9.86978E-07 3.75198E-06 % Pu240
0.00000E+00 6.17906E-12 7.03560E-08 5.56054E-07 % Pu241
0.00000E+00 2.97167E-15 6.62679E-10 1.10687E-08 % Pu242
0.00000E+00 9.23723E-16 2.02306E-10 3.33008E-09 % Am241
0.00000E+00 6.38710E-24 6.34204E-17 2.39637E-15 % Am244
0.00000E+00 7.87058E-28 7.10375E-21 2.68754E-19 % Am245
0.00000E+00 5.45624E-08 9.73920E-07 2.00751E-06 % lost data
7.04699E-02 7.04765E-02 7.05879E-02 7.07125E-02 % total
];

