
DET1001 = [
    1    1    1    1    1    1    1    1    1    1  4.51036E+18 0.00501 
    2    2    1    1    1    1    1    1    1    1  1.85798E+18 0.00620 
    3    3    1    1    1    1    1    1    1    1  1.67334E+17 0.01141 
];


DET1001E = [
 1.00000E-09  6.25000E-07  3.13000E-07
 6.25000E-07  1.00000E-01  5.00003E-02
 1.00000E-01  2.00000E+01  1.00500E+01
];

DET1002 = [
    1    1    1    1    1    1    1    1    1    1  1.31015E+17 0.00800 
    2    2    1    1    1    1    1    1    1    1  3.98231E+17 0.00476 
    3    3    1    1    1    1    1    1    1    1  1.84133E+17 0.00656 
];


DET1002E = [
 1.00000E-09  6.25000E-07  3.13000E-07
 6.25000E-07  1.00000E-01  5.00003E-02
 1.00000E-01  2.00000E+01  1.00500E+01
];
