
ZAI = [
10030
541350
922350
922380
942380
942390
942400
942410
942420
952410
952440
952450
666
0
];

NAMES = [
'H3              '
'Xe135           '
'U235            '
'U238            '
'Pu238           '
'Pu239           '
'Pu240           '
'Pu241           '
'Pu242           '
'Am241           '
'Am244           '
'Am245           '
'lost            '
'total           '
];

i10030  = 1; iH3               = 1;
i541350 = 2; iXe135            = 2;
i922350 = 3; iU235             = 3;
i922380 = 4; iU238             = 4;
i942380 = 5; iPu238            = 5;
i942390 = 6; iPu239            = 6;
i942400 = 7; iPu240            = 7;
i942410 = 8; iPu241            = 8;
i942420 = 9; iPu242            = 9;
i952410 = 10; iAm241            = 10;
i952440 = 11; iAm244            = 11;
i952450 = 12; iAm245            = 12;
iLOST    = 13;
iTOT     = 14;

MAT_uco_VOLUME = [ 3.19338E+04 3.19338E+04 3.19338E+04 3.19338E+04 ];

MAT_uco_BURNUP = [ 0.00000E+00 3.17716E-01 5.65541E+00 1.16285E+01 ];

MAT_uco_ADENS = [
0.00000E+00 7.75623E-14 1.23038E-12 2.24400E-12 % H3
0.00000E+00 3.42500E-08 3.44591E-08 3.44531E-08 % Xe135
4.31104E-03 4.30071E-03 4.13046E-03 3.94689E-03 % U235
2.06805E-02 2.06780E-02 2.06363E-02 2.05885E-02 % U238
0.00000E+00 6.77890E-14 1.42727E-09 1.35935E-08 % Pu238
0.00000E+00 1.12812E-06 3.73360E-05 7.05631E-05 % Pu239
0.00000E+00 2.81405E-09 1.62544E-06 6.02296E-06 % Pu240
0.00000E+00 1.10846E-11 1.29117E-07 9.91602E-07 % Pu241
0.00000E+00 7.07587E-15 1.63470E-09 2.67275E-08 % Pu242
0.00000E+00 1.64188E-15 3.70507E-10 5.91804E-09 % Am241
0.00000E+00 1.79341E-23 1.78686E-16 6.67613E-15 % Am244
0.00000E+00 2.81632E-27 2.52040E-20 9.46023E-19 % Am245
0.00000E+00 6.71395E-08 1.19976E-06 2.47480E-06 % lost data
7.04520E-02 7.04601E-02 7.05973E-02 7.07507E-02 % total
];

MAT_uco_MDENS = [
0.00000E+00 3.88388E-13 6.16105E-12 1.12367E-11 % H3
0.00000E+00 7.67275E-06 7.71959E-06 7.71826E-06 % Xe135
1.68262E+00 1.67859E+00 1.61214E+00 1.54050E+00 % U235
8.17497E+00 8.17401E+00 8.15752E+00 8.13861E+00 % U238
0.00000E+00 2.67968E-11 5.64196E-07 5.37348E-06 % Pu238
0.00000E+00 4.47819E-04 1.48210E-02 2.80109E-02 % Pu239
0.00000E+00 1.12175E-06 6.47942E-04 2.40091E-03 % Pu240
0.00000E+00 4.43691E-09 5.16826E-05 3.96916E-04 % Pu241
0.00000E+00 2.84418E-12 6.57074E-07 1.07432E-05 % Pu242
0.00000E+00 6.57230E-13 1.48311E-07 2.36894E-06 % Am241
0.00000E+00 7.26843E-21 7.24189E-14 2.70574E-12 % Am244
0.00000E+00 1.14610E-24 1.02567E-17 3.84983E-16 % Am245
0.00000E+00 0.00000E+00 0.00000E+00 0.00000E+00 % lost data
1.10000E+01 1.10000E+01 1.09992E+01 1.09983E+01 % total
];

MAT_uco_A = [
0.00000E+00 4.41582E+06 7.00487E+07 1.27757E+08 % H3
0.00000E+00 2.30403E+16 2.31809E+16 2.31769E+16 % Xe135
4.29518E+09 4.28490E+09 4.11527E+09 3.93238E+09 % U235
3.24654E+09 3.24615E+09 3.23960E+09 3.23210E+09 % U238
0.00000E+00 5.42165E+05 1.14151E+10 1.08719E+11 % Pu238
0.00000E+00 3.28192E+10 1.08618E+12 2.05283E+12 % Pu239
0.00000E+00 3.00839E+08 1.73769E+11 6.43891E+11 % Pu240
0.00000E+00 5.44076E+08 6.33757E+12 4.86717E+13 % Pu241
0.00000E+00 1.32350E+01 3.05761E+06 4.99923E+07 % Pu242
0.00000E+00 2.66212E+03 6.00734E+08 9.59541E+09 % Am241
0.00000E+00 1.09177E+01 1.08778E+08 4.06421E+09 % Am244
0.00000E+00 8.44699E-03 7.55942E+04 2.83740E+06 % Am245
0.00000E+00 0.00000E+00 0.00000E+00 0.00000E+00 % lost data
7.54172E+09 3.34807E+18 3.71577E+18 3.77073E+18 % total
];

MAT_uco_H = [
0.00000E+00 4.02563E-09 6.38591E-08 1.16468E-07 % H3
0.00000E+00 2.07712E+03 2.08980E+03 2.08944E+03 % Xe135
3.17425E-03 3.16665E-03 3.04130E-03 2.90613E-03 % U235
2.22379E-03 2.22353E-03 2.21905E-03 2.21390E-03 % U238
0.00000E+00 4.85447E-07 1.02209E-02 9.73453E-02 % Pu238
0.00000E+00 2.75598E-02 9.12115E-01 1.72385E+00 % Pu239
0.00000E+00 2.53099E-04 1.46194E-01 5.41712E-01 % Pu240
0.00000E+00 4.66808E-07 5.43753E-03 4.17595E-02 % Pu241
0.00000E+00 1.05643E-11 2.44062E-06 3.99044E-05 % Pu242
0.00000E+00 2.38681E-09 5.38608E-04 8.60307E-03 % Am241
0.00000E+00 1.93939E-12 1.93231E-05 7.21956E-04 % Am244
0.00000E+00 4.26178E-16 3.81398E-09 1.43156E-07 % Am245
0.00000E+00 0.00000E+00 0.00000E+00 0.00000E+00 % lost data
5.39805E-03 1.20073E+06 1.23435E+06 1.22988E+06 % total
];

MAT_uco_SF = [
0.00000E+00 0.00000E+00 0.00000E+00 0.00000E+00 % H3
0.00000E+00 0.00000E+00 0.00000E+00 0.00000E+00 % Xe135
3.09253E-01 3.08513E-01 2.96300E-01 2.83131E-01 % U235
1.77261E+05 1.77240E+05 1.76882E+05 1.76472E+05 % U238
0.00000E+00 1.00843E-03 2.12320E+01 2.02217E+02 % Pu238
0.00000E+00 1.01740E-01 3.36716E+00 6.36377E+00 % Pu239
0.00000E+00 1.71478E+01 9.90485E+03 3.67018E+04 % Pu240
0.00000E+00 0.00000E+00 0.00000E+00 0.00000E+00 % Pu241
0.00000E+00 7.27925E-05 1.68169E+01 2.74958E+02 % Pu242
0.00000E+00 1.14471E-08 2.58316E-03 4.12603E-02 % Am241
0.00000E+00 0.00000E+00 0.00000E+00 0.00000E+00 % Am244
0.00000E+00 0.00000E+00 0.00000E+00 0.00000E+00 % Am245
0.00000E+00 0.00000E+00 0.00000E+00 0.00000E+00 % lost data
1.77261E+05 1.77258E+05 1.87629E+05 2.40065E+05 % total
];

MAT_uco_ING_TOX = [
0.00000E+00 1.85465E-04 2.94204E-03 5.36579E-03 % H3
0.00000E+00 4.83846E+09 4.86800E+09 4.86716E+09 % Xe135
2.01874E+02 2.01390E+02 1.93418E+02 1.84822E+02 % U235
1.46094E+02 1.46077E+02 1.45782E+02 1.45444E+02 % U238
0.00000E+00 1.24698E-01 2.62547E+03 2.50053E+04 % Pu238
0.00000E+00 8.20481E+03 2.71545E+05 5.13207E+05 % Pu239
0.00000E+00 7.52098E+01 4.34423E+04 1.60973E+05 % Pu240
0.00000E+00 2.61156E+00 3.04203E+04 2.33624E+05 % Pu241
0.00000E+00 3.17640E-06 7.33827E-01 1.19981E+01 % Pu242
0.00000E+00 5.32424E-04 1.20147E+02 1.91908E+03 % Am241
0.00000E+00 5.02214E-09 5.00381E-02 1.86954E+00 % Am244
0.00000E+00 5.23713E-13 4.68684E-06 1.75919E-04 % Am245
0.00000E+00 0.00000E+00 0.00000E+00 0.00000E+00 % lost data
3.47968E+02 4.59867E+10 6.15641E+10 6.15515E+10 % total
];

MAT_uco_INH_TOX = [
0.00000E+00 1.14811E-03 1.82127E-02 3.32168E-02 % H3
0.00000E+00 2.53443E+09 2.54990E+09 2.54946E+09 % Xe135
3.65091E+04 3.64216E+04 3.49798E+04 3.34252E+04 % U235
2.59723E+04 2.59692E+04 2.59168E+04 2.58568E+04 % U238
0.00000E+00 5.96381E+01 1.25566E+06 1.19591E+07 % Pu238
0.00000E+00 3.93831E+06 1.30342E+08 2.46339E+08 % Pu239
0.00000E+00 3.61007E+04 2.08523E+07 7.72669E+07 % Pu240
0.00000E+00 1.25137E+03 1.45764E+07 1.11945E+08 % Pu241
0.00000E+00 1.45585E-03 3.36337E+02 5.49915E+03 % Pu242
0.00000E+00 2.55563E-01 5.76705E+04 9.21160E+05 % Am241
0.00000E+00 4.03955E-08 4.02480E-01 1.50376E+01 % Am244
0.00000E+00 4.73031E-13 4.23327E-06 1.58894E-04 % Am245
0.00000E+00 0.00000E+00 0.00000E+00 0.00000E+00 % lost data
6.24813E+04 4.45222E+10 5.95019E+10 6.13453E+10 % total
];

TOT_VOLUME = [ 3.19338E+04 3.19338E+04 3.19338E+04 3.19338E+04 ];

TOT_BURNUP = [ 0.00000E+00 3.17716E-01 5.65541E+00 1.16285E+01 ];

TOT_ADENS = [
0.00000E+00 7.75623E-14 1.23038E-12 2.24400E-12 % H3
0.00000E+00 3.42500E-08 3.44591E-08 3.44531E-08 % Xe135
4.31104E-03 4.30071E-03 4.13046E-03 3.94689E-03 % U235
2.06805E-02 2.06780E-02 2.06363E-02 2.05885E-02 % U238
0.00000E+00 6.77890E-14 1.42727E-09 1.35935E-08 % Pu238
0.00000E+00 1.12812E-06 3.73360E-05 7.05631E-05 % Pu239
0.00000E+00 2.81405E-09 1.62544E-06 6.02296E-06 % Pu240
0.00000E+00 1.10846E-11 1.29117E-07 9.91602E-07 % Pu241
0.00000E+00 7.07587E-15 1.63470E-09 2.67275E-08 % Pu242
0.00000E+00 1.64188E-15 3.70507E-10 5.91804E-09 % Am241
0.00000E+00 1.79341E-23 1.78686E-16 6.67613E-15 % Am244
0.00000E+00 2.81632E-27 2.52040E-20 9.46023E-19 % Am245
0.00000E+00 6.71395E-08 1.19976E-06 2.47480E-06 % lost data
7.04520E-02 7.04601E-02 7.05973E-02 7.07507E-02 % total
];

