
DET1001 = [
    1    1    1    1    1    1    1    1    1    1  4.36102E+18 0.00478 
    2    2    1    1    1    1    1    1    1    1  1.77705E+18 0.00594 
    3    3    1    1    1    1    1    1    1    1  1.60003E+17 0.01212 
];


DET1001E = [
 1.00000E-09  6.25000E-07  3.13000E-07
 6.25000E-07  1.00000E-01  5.00003E-02
 1.00000E-01  2.00000E+01  1.00500E+01
];

DET1002 = [
    1    1    1    1    1    1    1    1    1    1  1.30993E+17 0.00762 
    2    2    1    1    1    1    1    1    1    1  3.68815E+17 0.00475 
    3    3    1    1    1    1    1    1    1    1  1.66335E+17 0.00617 
];


DET1002E = [
 1.00000E-09  6.25000E-07  3.13000E-07
 6.25000E-07  1.00000E-01  5.00003E-02
 1.00000E-01  2.00000E+01  1.00500E+01
];
