
DET1001 = [
    1    1    1    1    1    1    1    1    1    1  4.44266E+18 0.00483 
    2    2    1    1    1    1    1    1    1    1  1.78413E+18 0.00534 
    3    3    1    1    1    1    1    1    1    1  1.62405E+17 0.01115 
];


DET1001E = [
 1.00000E-09  6.25000E-07  3.13000E-07
 6.25000E-07  1.00000E-01  5.00003E-02
 1.00000E-01  2.00000E+01  1.00500E+01
];

DET1002 = [
    1    1    1    1    1    1    1    1    1    1  1.32787E+17 0.00750 
    2    2    1    1    1    1    1    1    1    1  3.76349E+17 0.00476 
    3    3    1    1    1    1    1    1    1    1  1.73376E+17 0.00619 
];


DET1002E = [
 1.00000E-09  6.25000E-07  3.13000E-07
 6.25000E-07  1.00000E-01  5.00003E-02
 1.00000E-01  2.00000E+01  1.00500E+01
];
