
DET1001 = [
    1    1    1    1    1    1    1    1    1    1  4.44327E+18 0.00485 
    2    2    1    1    1    1    1    1    1    1  1.83108E+18 0.00581 
    3    3    1    1    1    1    1    1    1    1  1.63105E+17 0.01115 
];


DET1001E = [
 1.00000E-09  6.25000E-07  3.13000E-07
 6.25000E-07  1.00000E-01  5.00003E-02
 1.00000E-01  2.00000E+01  1.00500E+01
];

DET1002 = [
    1    1    1    1    1    1    1    1    1    1  1.29964E+17 0.00767 
    2    2    1    1    1    1    1    1    1    1  3.87992E+17 0.00450 
    3    3    1    1    1    1    1    1    1    1  1.78636E+17 0.00621 
];


DET1002E = [
 1.00000E-09  6.25000E-07  3.13000E-07
 6.25000E-07  1.00000E-01  5.00003E-02
 1.00000E-01  2.00000E+01  1.00500E+01
];
