
DET1001 = [
    1    1    1    1    1    1    1    1    1    1  5.72453E+18 0.00441 
    2    2    1    1    1    1    1    1    1    1  1.97720E+18 0.00560 
    3    3    1    1    1    1    1    1    1    1  1.99600E+17 0.01138 
];


DET1001E = [
 1.00000E-09  6.25000E-07  3.13000E-07
 6.25000E-07  1.00000E-01  5.00003E-02
 1.00000E-01  2.00000E+01  1.00500E+01
];

DET1002 = [
    1    1    1    1    1    1    1    1    1    1  2.21244E+17 0.00693 
    2    2    1    1    1    1    1    1    1    1  4.08741E+17 0.00502 
    3    3    1    1    1    1    1    1    1    1  1.93244E+17 0.00607 
];


DET1002E = [
 1.00000E-09  6.25000E-07  3.13000E-07
 6.25000E-07  1.00000E-01  5.00003E-02
 1.00000E-01  2.00000E+01  1.00500E+01
];
