
DET1001 = [
    1    1    1    1    1    1    1    1    1    1  6.02121E+18 0.00445 
    2    2    1    1    1    1    1    1    1    1  2.05864E+18 0.00581 
    3    3    1    1    1    1    1    1    1    1  2.06196E+17 0.01135 
];


DET1001E = [
 1.00000E-09  6.25000E-07  3.13000E-07
 6.25000E-07  1.00000E-01  5.00003E-02
 1.00000E-01  2.00000E+01  1.00500E+01
];

DET1002 = [
    1    1    1    1    1    1    1    1    1    1  2.30207E+17 0.00713 
    2    2    1    1    1    1    1    1    1    1  4.46763E+17 0.00473 
    3    3    1    1    1    1    1    1    1    1  2.10373E+17 0.00647 
];


DET1002E = [
 1.00000E-09  6.25000E-07  3.13000E-07
 6.25000E-07  1.00000E-01  5.00003E-02
 1.00000E-01  2.00000E+01  1.00500E+01
];
