
DET1001 = [
    1    1    1    1    1    1    1    1    1    1  5.84940E+18 0.00444 
    2    2    1    1    1    1    1    1    1    1  2.01807E+18 0.00606 
    3    3    1    1    1    1    1    1    1    1  2.10331E+17 0.01130 
];


DET1001E = [
 1.00000E-09  6.25000E-07  3.13000E-07
 6.25000E-07  1.00000E-01  5.00003E-02
 1.00000E-01  2.00000E+01  1.00500E+01
];

DET1002 = [
    1    1    1    1    1    1    1    1    1    1  2.24100E+17 0.00661 
    2    2    1    1    1    1    1    1    1    1  4.26465E+17 0.00465 
    3    3    1    1    1    1    1    1    1    1  2.00019E+17 0.00623 
];


DET1002E = [
 1.00000E-09  6.25000E-07  3.13000E-07
 6.25000E-07  1.00000E-01  5.00003E-02
 1.00000E-01  2.00000E+01  1.00500E+01
];
