
DET1001 = [
    1    1    1    1    1    1    1    1    1    1  5.63276E+18 0.00438 
    2    2    1    1    1    1    1    1    1    1  1.88601E+18 0.00554 
    3    3    1    1    1    1    1    1    1    1  1.94791E+17 0.01166 
];


DET1001E = [
 1.00000E-09  6.25000E-07  3.13000E-07
 6.25000E-07  1.00000E-01  5.00003E-02
 1.00000E-01  2.00000E+01  1.00500E+01
];

DET1002 = [
    1    1    1    1    1    1    1    1    1    1  2.22488E+17 0.00617 
    2    2    1    1    1    1    1    1    1    1  3.97678E+17 0.00493 
    3    3    1    1    1    1    1    1    1    1  1.85996E+17 0.00596 
];


DET1002E = [
 1.00000E-09  6.25000E-07  3.13000E-07
 6.25000E-07  1.00000E-01  5.00003E-02
 1.00000E-01  2.00000E+01  1.00500E+01
];
