
DET1001 = [
    1    1    1    1    1    1    1    1    1    1  5.01151E+18 0.00474 
    2    2    1    1    1    1    1    1    1    1  2.03031E+18 0.00570 
    3    3    1    1    1    1    1    1    1    1  2.09716E+17 0.01069 
];


DET1001E = [
 1.00000E-09  6.25000E-07  3.13000E-07
 6.25000E-07  1.00000E-01  5.00003E-02
 1.00000E-01  2.00000E+01  1.00500E+01
];

DET1002 = [
    1    1    1    1    1    1    1    1    1    1  1.34849E+17 0.00830 
    2    2    1    1    1    1    1    1    1    1  3.97149E+17 0.00476 
    3    3    1    1    1    1    1    1    1    1  1.91004E+17 0.00629 
];


DET1002E = [
 1.00000E-09  6.25000E-07  3.13000E-07
 6.25000E-07  1.00000E-01  5.00003E-02
 1.00000E-01  2.00000E+01  1.00500E+01
];
