
DET1001 = [
    1    1    1    1    1    1    1    1    1    1  4.88028E+18 0.00447 
    2    2    1    1    1    1    1    1    1    1  1.95138E+18 0.00581 
    3    3    1    1    1    1    1    1    1    1  2.02793E+17 0.01097 
];


DET1001E = [
 1.00000E-09  6.25000E-07  3.13000E-07
 6.25000E-07  1.00000E-01  5.00003E-02
 1.00000E-01  2.00000E+01  1.00500E+01
];

DET1002 = [
    1    1    1    1    1    1    1    1    1    1  1.34365E+17 0.00797 
    2    2    1    1    1    1    1    1    1    1  3.81405E+17 0.00473 
    3    3    1    1    1    1    1    1    1    1  1.80677E+17 0.00643 
];


DET1002E = [
 1.00000E-09  6.25000E-07  3.13000E-07
 6.25000E-07  1.00000E-01  5.00003E-02
 1.00000E-01  2.00000E+01  1.00500E+01
];
