
DET1001 = [
    1    1    1    1    1    1    1    1    1    1  4.96196E+18 0.00469 
    2    2    1    1    1    1    1    1    1    1  2.00089E+18 0.00572 
    3    3    1    1    1    1    1    1    1    1  2.03786E+17 0.01115 
];


DET1001E = [
 1.00000E-09  6.25000E-07  3.13000E-07
 6.25000E-07  1.00000E-01  5.00003E-02
 1.00000E-01  2.00000E+01  1.00500E+01
];

DET1002 = [
    1    1    1    1    1    1    1    1    1    1  1.34177E+17 0.00822 
    2    2    1    1    1    1    1    1    1    1  3.88815E+17 0.00471 
    3    3    1    1    1    1    1    1    1    1  1.84812E+17 0.00605 
];


DET1002E = [
 1.00000E-09  6.25000E-07  3.13000E-07
 6.25000E-07  1.00000E-01  5.00003E-02
 1.00000E-01  2.00000E+01  1.00500E+01
];
