
ZAI = [
10030
541350
922350
922380
942380
942390
942400
942410
942420
952410
952440
952450
666
0
];

NAMES = [
'H3              '
'Xe135           '
'U235            '
'U238            '
'Pu238           '
'Pu239           '
'Pu240           '
'Pu241           '
'Pu242           '
'Am241           '
'Am244           '
'Am245           '
'lost            '
'total           '
];

i10030  = 1; iH3               = 1;
i541350 = 2; iXe135            = 2;
i922350 = 3; iU235             = 3;
i922380 = 4; iU238             = 4;
i942380 = 5; iPu238            = 5;
i942390 = 6; iPu239            = 6;
i942400 = 7; iPu240            = 7;
i942410 = 8; iPu241            = 8;
i942420 = 9; iPu242            = 9;
i952410 = 10; iAm241            = 10;
i952440 = 11; iAm244            = 11;
i952450 = 12; iAm245            = 12;
iLOST    = 13;
iTOT     = 14;

MAT_uco_VOLUME = [ 3.09778E+04 3.09778E+04 3.09778E+04 3.09778E+04 ];

MAT_uco_BURNUP = [ 0.00000E+00 3.27519E-01 5.82987E+00 1.19873E+01 ];

MAT_uco_ADENS = [
0.00000E+00 7.77763E-14 1.25064E-12 2.28965E-12 % H3
0.00000E+00 3.47351E-08 3.49644E-08 3.49601E-08 % Xe135
4.31104E-03 4.30040E-03 4.12519E-03 3.93654E-03 % U235
2.06805E-02 2.06779E-02 2.06343E-02 2.05844E-02 % U238
0.00000E+00 7.22632E-14 1.52285E-09 1.44732E-08 % Pu238
0.00000E+00 1.17857E-06 3.88720E-05 7.31294E-05 % Pu239
0.00000E+00 3.03322E-09 1.74889E-06 6.46055E-06 % Pu240
0.00000E+00 1.21892E-11 1.40744E-07 1.07934E-06 % Pu241
0.00000E+00 8.10748E-15 1.85594E-09 3.03909E-08 % Pu242
0.00000E+00 1.80414E-15 4.03763E-10 6.43199E-09 % Am241
0.00000E+00 2.05810E-23 2.13025E-16 7.85751E-15 % Am244
0.00000E+00 3.36336E-27 3.14265E-20 1.16331E-18 % Am245
0.00000E+00 6.92091E-08 1.23702E-06 2.55204E-06 % lost data
7.04520E-02 7.04604E-02 7.06018E-02 7.07599E-02 % total
];

MAT_uco_MDENS = [
0.00000E+00 3.89460E-13 6.26252E-12 1.14653E-11 % H3
0.00000E+00 7.78141E-06 7.83278E-06 7.83182E-06 % Xe135
1.68262E+00 1.67847E+00 1.61009E+00 1.53646E+00 % U235
8.17497E+00 8.17397E+00 8.15674E+00 8.13700E+00 % U238
0.00000E+00 2.85654E-11 6.01977E-07 5.72120E-06 % Pu238
0.00000E+00 4.67848E-04 1.54307E-02 2.90296E-02 % Pu239
0.00000E+00 1.20912E-06 6.97152E-04 2.57534E-03 % Pu240
0.00000E+00 4.87905E-09 5.63368E-05 4.32037E-04 % Pu241
0.00000E+00 3.25883E-12 7.46001E-07 1.22157E-05 % Pu242
0.00000E+00 7.22179E-13 1.61622E-07 2.57466E-06 % Am241
0.00000E+00 8.34119E-21 8.63358E-14 3.18453E-12 % Am244
0.00000E+00 1.36871E-24 1.27890E-17 4.73408E-16 % Am245
0.00000E+00 0.00000E+00 0.00000E+00 0.00000E+00 % lost data
1.10000E+01 1.10000E+01 1.09992E+01 1.09983E+01 % total
];

MAT_uco_A = [
0.00000E+00 4.29545E+06 6.90707E+07 1.26453E+08 % H3
0.00000E+00 2.26670E+16 2.28167E+16 2.28139E+16 % Xe135
4.16660E+09 4.15632E+09 3.98698E+09 3.80465E+09 % U235
3.14934E+09 3.14896E+09 3.14232E+09 3.13472E+09 % U238
0.00000E+00 5.60647E+05 1.18149E+10 1.12289E+11 % Pu238
0.00000E+00 3.32606E+10 1.09701E+12 2.06379E+12 % Pu239
0.00000E+00 3.14562E+08 1.81370E+11 6.69995E+11 % Pu240
0.00000E+00 5.80381E+08 6.70148E+12 5.13924E+13 % Pu241
0.00000E+00 1.47106E+01 3.36750E+06 5.51425E+07 % Pu242
0.00000E+00 2.83762E+03 6.35056E+08 1.01165E+10 % Am241
0.00000E+00 1.21540E+01 1.25800E+08 4.64020E+09 % Am244
0.00000E+00 9.78570E-03 9.14357E+04 3.38466E+06 % Am245
0.00000E+00 0.00000E+00 0.00000E+00 0.00000E+00 % lost data
7.31594E+09 3.35181E+18 3.72024E+18 3.77387E+18 % total
];

MAT_uco_H = [
0.00000E+00 3.91589E-09 6.29675E-08 1.15280E-07 % H3
0.00000E+00 2.04347E+03 2.05696E+03 2.05671E+03 % Xe135
3.07923E-03 3.07163E-03 2.94648E-03 2.81174E-03 % U235
2.15722E-03 2.15695E-03 2.15241E-03 2.14720E-03 % U238
0.00000E+00 5.01995E-07 1.05789E-02 1.00542E-01 % Pu238
0.00000E+00 2.79304E-02 9.21210E-01 1.73306E+00 % Pu239
0.00000E+00 2.64644E-04 1.52588E-01 5.63674E-01 % Pu240
0.00000E+00 4.97957E-07 5.74975E-03 4.40938E-02 % Pu241
0.00000E+00 1.17421E-11 2.68797E-06 4.40154E-05 % Pu242
0.00000E+00 2.54416E-09 5.69379E-04 9.07028E-03 % Am241
0.00000E+00 2.15900E-12 2.23468E-05 8.24273E-04 % Am244
0.00000E+00 4.93721E-16 4.61323E-09 1.70767E-07 % Am245
0.00000E+00 0.00000E+00 0.00000E+00 0.00000E+00 % lost data
5.23645E-03 1.20092E+06 1.23441E+06 1.22934E+06 % total
];

MAT_uco_SF = [
0.00000E+00 0.00000E+00 0.00000E+00 0.00000E+00 % H3
0.00000E+00 0.00000E+00 0.00000E+00 0.00000E+00 % Xe135
2.99995E-01 2.99255E-01 2.87062E-01 2.73935E-01 % U235
1.71954E+05 1.71933E+05 1.71571E+05 1.71155E+05 % U238
0.00000E+00 1.04280E-03 2.19757E+01 2.08857E+02 % Pu238
0.00000E+00 1.03108E-01 3.40074E+00 6.39776E+00 % Pu239
0.00000E+00 1.79300E+01 1.03381E+04 3.81897E+04 % Pu240
0.00000E+00 0.00000E+00 0.00000E+00 0.00000E+00 % Pu241
0.00000E+00 8.09082E-05 1.85212E+01 3.03284E+02 % Pu242
0.00000E+00 1.22018E-08 2.73074E-03 4.35010E-02 % Am241
0.00000E+00 0.00000E+00 0.00000E+00 0.00000E+00 % Am244
0.00000E+00 0.00000E+00 0.00000E+00 0.00000E+00 % Am245
0.00000E+00 0.00000E+00 0.00000E+00 0.00000E+00 % lost data
1.71954E+05 1.71951E+05 1.82829E+05 2.38817E+05 % total
];

MAT_uco_ING_TOX = [
0.00000E+00 1.80409E-04 2.90097E-03 5.31103E-03 % H3
0.00000E+00 4.76008E+09 4.79150E+09 4.79092E+09 % Xe135
1.95830E+02 1.95347E+02 1.87388E+02 1.78819E+02 % U235
1.41720E+02 1.41703E+02 1.41404E+02 1.41062E+02 % U238
0.00000E+00 1.28949E-01 2.71742E+03 2.58264E+04 % Pu238
0.00000E+00 8.31516E+03 2.74253E+05 5.15949E+05 % Pu239
0.00000E+00 7.86405E+01 4.53424E+04 1.67499E+05 % Pu240
0.00000E+00 2.78583E+00 3.21671E+04 2.46683E+05 % Pu241
0.00000E+00 3.53054E-06 8.08199E-01 1.32342E+01 % Pu242
0.00000E+00 5.67525E-04 1.27011E+02 2.02330E+03 % Am241
0.00000E+00 5.59083E-09 5.78681E-02 2.13449E+00 % Am244
0.00000E+00 6.06714E-13 5.66901E-06 2.09849E-04 % Am245
0.00000E+00 0.00000E+00 0.00000E+00 0.00000E+00 % lost data
3.37551E+02 4.59076E+10 6.14964E+10 6.14726E+10 % total
];

MAT_uco_INH_TOX = [
0.00000E+00 1.11682E-03 1.79584E-02 3.28778E-02 % H3
0.00000E+00 2.49338E+09 2.50983E+09 2.50953E+09 % Xe135
3.54161E+04 3.53287E+04 3.38893E+04 3.23395E+04 % U235
2.51947E+04 2.51917E+04 2.51386E+04 2.50777E+04 % U238
0.00000E+00 6.16711E+01 1.29964E+06 1.23518E+07 % Pu238
0.00000E+00 3.99128E+06 1.31641E+08 2.47655E+08 % Pu239
0.00000E+00 3.77475E+04 2.17644E+07 8.03994E+07 % Pu240
0.00000E+00 1.33488E+03 1.54134E+07 1.18203E+08 % Pu241
0.00000E+00 1.61816E-03 3.70425E+02 6.06568E+03 % Pu242
0.00000E+00 2.72412E-01 6.09654E+04 9.71185E+05 % Am241
0.00000E+00 4.49697E-08 4.65461E-01 1.71687E+01 % Am244
0.00000E+00 5.47999E-13 5.12040E-06 1.89541E-04 % Am245
0.00000E+00 0.00000E+00 0.00000E+00 0.00000E+00 % lost data
6.06108E+04 4.44805E+10 5.94804E+10 6.13249E+10 % total
];

TOT_VOLUME = [ 3.09778E+04 3.09778E+04 3.09778E+04 3.09778E+04 ];

TOT_BURNUP = [ 0.00000E+00 3.27519E-01 5.82987E+00 1.19873E+01 ];

TOT_ADENS = [
0.00000E+00 7.77763E-14 1.25064E-12 2.28965E-12 % H3
0.00000E+00 3.47351E-08 3.49644E-08 3.49601E-08 % Xe135
4.31104E-03 4.30040E-03 4.12519E-03 3.93654E-03 % U235
2.06805E-02 2.06779E-02 2.06343E-02 2.05844E-02 % U238
0.00000E+00 7.22632E-14 1.52285E-09 1.44732E-08 % Pu238
0.00000E+00 1.17857E-06 3.88720E-05 7.31294E-05 % Pu239
0.00000E+00 3.03322E-09 1.74889E-06 6.46055E-06 % Pu240
0.00000E+00 1.21892E-11 1.40744E-07 1.07934E-06 % Pu241
0.00000E+00 8.10748E-15 1.85594E-09 3.03909E-08 % Pu242
0.00000E+00 1.80414E-15 4.03763E-10 6.43199E-09 % Am241
0.00000E+00 2.05810E-23 2.13025E-16 7.85751E-15 % Am244
0.00000E+00 3.36336E-27 3.14265E-20 1.16331E-18 % Am245
0.00000E+00 6.92091E-08 1.23702E-06 2.55204E-06 % lost data
7.04520E-02 7.04604E-02 7.06018E-02 7.07599E-02 % total
];

