
ZAI = [
10030
541350
922350
922380
942380
942390
942400
942410
942420
952410
952440
952450
666
0
];

NAMES = [
'H3              '
'Xe135           '
'U235            '
'U238            '
'Pu238           '
'Pu239           '
'Pu240           '
'Pu241           '
'Pu242           '
'Am241           '
'Am244           '
'Am245           '
'lost            '
'total           '
];

i10030  = 1; iH3               = 1;
i541350 = 2; iXe135            = 2;
i922350 = 3; iU235             = 3;
i922380 = 4; iU238             = 4;
i942380 = 5; iPu238            = 5;
i942390 = 6; iPu239            = 6;
i942400 = 7; iPu240            = 7;
i942410 = 8; iPu241            = 8;
i942420 = 9; iPu242            = 9;
i952410 = 10; iAm241            = 10;
i952440 = 11; iAm244            = 11;
i952450 = 12; iAm245            = 12;
iLOST    = 13;
iTOT     = 14;

MAT_uco_VOLUME = [ 4.06429E+04 4.06429E+04 4.06429E+04 4.06429E+04 ];

MAT_uco_BURNUP = [ 0.00000E+00 2.49642E-01 4.44356E+00 9.13684E+00 ];

MAT_uco_ADENS = [
0.00000E+00 8.18690E-14 1.33059E-12 2.48155E-12 % H3
0.00000E+00 3.03032E-08 3.05630E-08 3.06507E-08 % Xe135
4.31104E-03 4.30286E-03 4.16766E-03 4.02121E-03 % U235
2.06805E-02 2.06784E-02 2.06422E-02 2.06008E-02 % U238
0.00000E+00 6.33053E-14 1.04316E-09 9.67353E-09 % Pu238
0.00000E+00 9.78435E-07 3.30344E-05 6.39038E-05 % Pu239
0.00000E+00 1.99719E-09 1.13263E-06 4.27091E-06 % Pu240
0.00000E+00 7.36878E-12 8.44512E-08 6.59618E-07 % Pu241
0.00000E+00 3.87936E-15 8.70440E-10 1.43951E-08 % Pu242
0.00000E+00 1.09884E-15 2.42735E-10 3.94937E-09 % Am241
0.00000E+00 8.75836E-24 8.91106E-17 3.27096E-15 % Am244
0.00000E+00 1.17021E-27 1.07917E-20 3.97331E-19 % Am245
0.00000E+00 5.27710E-08 9.42483E-07 1.94360E-06 % lost data
7.04520E-02 7.04584E-02 7.05662E-02 7.06867E-02 % total
];

MAT_uco_MDENS = [
0.00000E+00 4.09954E-13 6.66284E-12 1.24262E-11 % H3
0.00000E+00 6.78858E-06 6.84677E-06 6.86642E-06 % Xe135
1.68262E+00 1.67943E+00 1.62666E+00 1.56950E+00 % U235
8.17497E+00 8.17414E+00 8.15984E+00 8.14349E+00 % U238
0.00000E+00 2.50244E-11 4.12358E-07 3.82391E-06 % Pu238
0.00000E+00 3.88401E-04 1.31134E-02 2.53674E-02 % Pu239
0.00000E+00 7.96133E-07 4.51496E-04 1.70250E-03 % Pu240
0.00000E+00 2.94955E-09 3.38039E-05 2.64030E-04 % Pu241
0.00000E+00 1.55933E-12 3.49877E-07 5.78618E-06 % Pu242
0.00000E+00 4.39854E-13 9.71644E-08 1.58090E-06 % Am241
0.00000E+00 3.54964E-21 3.61152E-14 1.32567E-12 % Am244
0.00000E+00 4.76217E-25 4.39166E-18 1.61693E-16 % Am245
0.00000E+00 0.00000E+00 0.00000E+00 0.00000E+00 % lost data
1.10000E+01 1.10000E+01 1.09994E+01 1.09987E+01 % total
];

MAT_uco_A = [
0.00000E+00 5.93219E+06 9.64138E+07 1.79812E+08 % H3
0.00000E+00 2.59448E+16 2.61672E+16 2.62423E+16 % Xe135
5.46658E+09 5.45621E+09 5.28477E+09 5.09908E+09 % U235
4.13194E+09 4.13152E+09 4.12430E+09 4.11603E+09 % U238
0.00000E+00 6.44386E+05 1.06184E+10 9.84671E+10 % Pu238
0.00000E+00 3.62277E+10 1.22314E+12 2.36612E+12 % Pu239
0.00000E+00 2.71742E+08 1.54108E+11 5.81109E+11 % Pu240
0.00000E+00 4.60330E+08 5.27569E+12 4.12066E+13 % Pu241
0.00000E+00 9.23504E+00 2.07213E+06 3.42684E+07 % Pu242
0.00000E+00 2.26753E+03 5.00901E+08 8.14983E+09 % Am241
0.00000E+00 6.78592E+00 6.90424E+07 2.53432E+09 % Am244
0.00000E+00 4.46703E-03 4.11948E+04 1.51672E+06 % Am245
0.00000E+00 0.00000E+00 0.00000E+00 0.00000E+00 % lost data
9.59853E+09 3.38456E+18 3.76221E+18 3.82184E+18 % total
];

MAT_uco_H = [
0.00000E+00 5.40801E-09 8.78946E-08 1.63924E-07 % H3
0.00000E+00 2.33896E+03 2.35901E+03 2.36578E+03 % Xe135
4.03995E-03 4.03228E-03 3.90559E-03 3.76835E-03 % U235
2.83028E-03 2.82999E-03 2.82504E-03 2.81938E-03 % U238
0.00000E+00 5.76975E-07 9.50753E-03 8.81661E-02 % Pu238
0.00000E+00 3.04220E-02 1.02712E+00 1.98693E+00 % Pu239
0.00000E+00 2.28620E-04 1.29653E-01 4.88893E-01 % Pu240
0.00000E+00 3.94955E-07 4.52645E-03 3.53545E-02 % Pu241
0.00000E+00 7.37151E-12 1.65400E-06 2.73534E-05 % Pu242
0.00000E+00 2.03302E-09 4.49098E-04 7.30698E-03 % Am241
0.00000E+00 1.20543E-12 1.22645E-05 4.50191E-04 % Am244
0.00000E+00 2.25376E-16 2.07841E-09 7.65236E-08 % Am245
0.00000E+00 0.00000E+00 0.00000E+00 0.00000E+00 % lost data
6.87022E-03 1.20395E+06 1.24068E+06 1.23828E+06 % total
];

MAT_uco_SF = [
0.00000E+00 0.00000E+00 0.00000E+00 0.00000E+00 % H3
0.00000E+00 0.00000E+00 0.00000E+00 0.00000E+00 % Xe135
3.93594E-01 3.92847E-01 3.80504E-01 3.67133E-01 % U235
2.25604E+05 2.25581E+05 2.25187E+05 2.24735E+05 % U238
0.00000E+00 1.19856E-03 1.97501E+01 1.83149E+02 % Pu238
0.00000E+00 1.12306E-01 3.79173E+00 7.33496E+00 % Pu239
0.00000E+00 1.54893E+01 8.78416E+03 3.31232E+04 % Pu240
0.00000E+00 0.00000E+00 0.00000E+00 0.00000E+00 % Pu241
0.00000E+00 5.07927E-05 1.13967E+01 1.88476E+02 % Pu242
0.00000E+00 9.75037E-09 2.15387E-03 3.50443E-02 % Am241
0.00000E+00 0.00000E+00 0.00000E+00 0.00000E+00 % Am244
0.00000E+00 0.00000E+00 0.00000E+00 0.00000E+00 % Am245
0.00000E+00 0.00000E+00 0.00000E+00 0.00000E+00 % lost data
2.25605E+05 2.25597E+05 2.34571E+05 2.77083E+05 % total
];

MAT_uco_ING_TOX = [
0.00000E+00 2.49152E-04 4.04938E-03 7.55210E-03 % H3
0.00000E+00 5.44840E+09 5.49511E+09 5.51088E+09 % Xe135
2.56929E+02 2.56442E+02 2.48384E+02 2.39657E+02 % U235
1.85937E+02 1.85918E+02 1.85593E+02 1.85221E+02 % U238
0.00000E+00 1.48209E-01 2.44222E+03 2.26474E+04 % Pu238
0.00000E+00 9.05693E+03 3.05784E+05 5.91529E+05 % Pu239
0.00000E+00 6.79356E+01 3.85270E+04 1.45277E+05 % Pu240
0.00000E+00 2.20958E+00 2.53233E+04 1.97792E+05 % Pu241
0.00000E+00 2.21641E-06 4.97311E-01 8.22442E+00 % Pu242
0.00000E+00 4.53506E-04 1.00180E+02 1.62997E+03 % Am241
0.00000E+00 3.12152E-09 3.17595E-02 1.16579E+00 % Am244
0.00000E+00 2.76956E-13 2.55408E-06 9.40367E-05 % Am245
0.00000E+00 0.00000E+00 0.00000E+00 0.00000E+00 % lost data
4.42867E+02 4.66356E+10 6.23159E+10 6.23816E+10 % total
];

MAT_uco_INH_TOX = [
0.00000E+00 1.54237E-03 2.50676E-02 4.67511E-02 % H3
0.00000E+00 2.85392E+09 2.87839E+09 2.88665E+09 % Xe135
4.64660E+04 4.63778E+04 4.49206E+04 4.33421E+04 % U235
3.30555E+04 3.30522E+04 3.29944E+04 3.29283E+04 % U238
0.00000E+00 7.08825E+01 1.16802E+06 1.08314E+07 % Pu238
0.00000E+00 4.34733E+06 1.46776E+08 2.83934E+08 % Pu239
0.00000E+00 3.26091E+04 1.84930E+07 6.97331E+07 % Pu240
0.00000E+00 1.05876E+03 1.21341E+07 9.47751E+07 % Pu241
0.00000E+00 1.01585E-03 2.27934E+02 3.76953E+03 % Pu242
0.00000E+00 2.17683E-01 4.80865E+04 7.82383E+05 % Am241
0.00000E+00 2.51079E-08 2.55457E-01 9.37699E+00 % Am244
0.00000E+00 2.50154E-13 2.30691E-06 8.49364E-05 % Am245
0.00000E+00 0.00000E+00 0.00000E+00 0.00000E+00 % lost data
7.95215E+04 4.49015E+10 5.99676E+10 6.18703E+10 % total
];

TOT_VOLUME = [ 4.06429E+04 4.06429E+04 4.06429E+04 4.06429E+04 ];

TOT_BURNUP = [ 0.00000E+00 2.49642E-01 4.44356E+00 9.13684E+00 ];

TOT_ADENS = [
0.00000E+00 8.18690E-14 1.33059E-12 2.48155E-12 % H3
0.00000E+00 3.03032E-08 3.05630E-08 3.06507E-08 % Xe135
4.31104E-03 4.30286E-03 4.16766E-03 4.02121E-03 % U235
2.06805E-02 2.06784E-02 2.06422E-02 2.06008E-02 % U238
0.00000E+00 6.33053E-14 1.04316E-09 9.67353E-09 % Pu238
0.00000E+00 9.78435E-07 3.30344E-05 6.39038E-05 % Pu239
0.00000E+00 1.99719E-09 1.13263E-06 4.27091E-06 % Pu240
0.00000E+00 7.36878E-12 8.44512E-08 6.59618E-07 % Pu241
0.00000E+00 3.87936E-15 8.70440E-10 1.43951E-08 % Pu242
0.00000E+00 1.09884E-15 2.42735E-10 3.94937E-09 % Am241
0.00000E+00 8.75836E-24 8.91106E-17 3.27096E-15 % Am244
0.00000E+00 1.17021E-27 1.07917E-20 3.97331E-19 % Am245
0.00000E+00 5.27710E-08 9.42483E-07 1.94360E-06 % lost data
7.04520E-02 7.04584E-02 7.05662E-02 7.06867E-02 % total
];

