
DET1001 = [
    1    1    1    1    1    1    1    1    1    1  4.89774E+18 0.00460 
    2    2    1    1    1    1    1    1    1    1  2.25764E+18 0.00517 
    3    3    1    1    1    1    1    1    1    1  3.77474E+17 0.00966 
];


DET1001E = [
 1.00000E-09  6.25000E-07  3.13000E-07
 6.25000E-07  1.00000E-01  5.00003E-02
 1.00000E-01  2.00000E+01  1.00500E+01
];

DET1002 = [
    1    1    1    1    1    1    1    1    1    1  9.60287E+16 0.00931 
    2    2    1    1    1    1    1    1    1    1  3.62960E+17 0.00505 
    3    3    1    1    1    1    1    1    1    1  1.97990E+17 0.00634 
];


DET1002E = [
 1.00000E-09  6.25000E-07  3.13000E-07
 6.25000E-07  1.00000E-01  5.00003E-02
 1.00000E-01  2.00000E+01  1.00500E+01
];
