
DET1001 = [
    1    1    1    1    1    1    1    1    1    1  4.91179E+18 0.00431 
    2    2    1    1    1    1    1    1    1    1  2.25132E+18 0.00473 
    3    3    1    1    1    1    1    1    1    1  3.75052E+17 0.00973 
];


DET1001E = [
 1.00000E-09  6.25000E-07  3.13000E-07
 6.25000E-07  1.00000E-01  5.00003E-02
 1.00000E-01  2.00000E+01  1.00500E+01
];

DET1002 = [
    1    1    1    1    1    1    1    1    1    1  9.43251E+16 0.00954 
    2    2    1    1    1    1    1    1    1    1  3.57292E+17 0.00502 
    3    3    1    1    1    1    1    1    1    1  1.93863E+17 0.00630 
];


DET1002E = [
 1.00000E-09  6.25000E-07  3.13000E-07
 6.25000E-07  1.00000E-01  5.00003E-02
 1.00000E-01  2.00000E+01  1.00500E+01
];
