
DET1001 = [
    1    1    1    1    1    1    1    1    1    1  5.08782E+18 0.00461 
    2    2    1    1    1    1    1    1    1    1  2.33786E+18 0.00494 
    3    3    1    1    1    1    1    1    1    1  3.91974E+17 0.01013 
];


DET1001E = [
 1.00000E-09  6.25000E-07  3.13000E-07
 6.25000E-07  1.00000E-01  5.00003E-02
 1.00000E-01  2.00000E+01  1.00500E+01
];

DET1002 = [
    1    1    1    1    1    1    1    1    1    1  9.32904E+16 0.01022 
    2    2    1    1    1    1    1    1    1    1  3.79264E+17 0.00505 
    3    3    1    1    1    1    1    1    1    1  2.08147E+17 0.00641 
];


DET1002E = [
 1.00000E-09  6.25000E-07  3.13000E-07
 6.25000E-07  1.00000E-01  5.00003E-02
 1.00000E-01  2.00000E+01  1.00500E+01
];
