
DET1001 = [
    1    1    1    1    1    1    1    1    1    1  5.01389E+18 0.00481 
    2    2    1    1    1    1    1    1    1    1  2.30394E+18 0.00500 
    3    3    1    1    1    1    1    1    1    1  3.93095E+17 0.00949 
];


DET1001E = [
 1.00000E-09  6.25000E-07  3.13000E-07
 6.25000E-07  1.00000E-01  5.00003E-02
 1.00000E-01  2.00000E+01  1.00500E+01
];

DET1002 = [
    1    1    1    1    1    1    1    1    1    1  9.36206E+16 0.00973 
    2    2    1    1    1    1    1    1    1    1  3.70832E+17 0.00487 
    3    3    1    1    1    1    1    1    1    1  2.01731E+17 0.00637 
];


DET1002E = [
 1.00000E-09  6.25000E-07  3.13000E-07
 6.25000E-07  1.00000E-01  5.00003E-02
 1.00000E-01  2.00000E+01  1.00500E+01
];
