
DET1001 = [
    1    1    1    1    1    1    1    1    1    1  7.02734E+18 0.00404 
    2    2    1    1    1    1    1    1    1    1  2.20992E+18 0.00522 
    3    3    1    1    1    1    1    1    1    1  3.54183E+17 0.00974 
];


DET1001E = [
 1.00000E-09  6.25000E-07  3.13000E-07
 6.25000E-07  1.00000E-01  5.00003E-02
 1.00000E-01  2.00000E+01  1.00500E+01
];

DET1002 = [
    1    1    1    1    1    1    1    1    1    1  3.04887E+17 0.00569 
    2    2    1    1    1    1    1    1    1    1  4.18379E+17 0.00467 
    3    3    1    1    1    1    1    1    1    1  2.17636E+17 0.00633 
];


DET1002E = [
 1.00000E-09  6.25000E-07  3.13000E-07
 6.25000E-07  1.00000E-01  5.00003E-02
 1.00000E-01  2.00000E+01  1.00500E+01
];
