
DET1001 = [
    1    1    1    1    1    1    1    1    1    1  7.20313E+18 0.00388 
    2    2    1    1    1    1    1    1    1    1  2.26174E+18 0.00544 
    3    3    1    1    1    1    1    1    1    1  3.72738E+17 0.00957 
];


DET1001E = [
 1.00000E-09  6.25000E-07  3.13000E-07
 6.25000E-07  1.00000E-01  5.00003E-02
 1.00000E-01  2.00000E+01  1.00500E+01
];

DET1002 = [
    1    1    1    1    1    1    1    1    1    1  3.03169E+17 0.00553 
    2    2    1    1    1    1    1    1    1    1  4.31993E+17 0.00476 
    3    3    1    1    1    1    1    1    1    1  2.21637E+17 0.00618 
];


DET1002E = [
 1.00000E-09  6.25000E-07  3.13000E-07
 6.25000E-07  1.00000E-01  5.00003E-02
 1.00000E-01  2.00000E+01  1.00500E+01
];
