
ZAI = [
10030
541350
922350
922380
942380
942390
942400
942410
942420
952410
952440
952450
666
0
];

NAMES = [
'H3              '
'Xe135           '
'U235            '
'U238            '
'Pu238           '
'Pu239           '
'Pu240           '
'Pu241           '
'Pu242           '
'Am241           '
'Am244           '
'Am245           '
'lost            '
'total           '
];

i10030  = 1; iH3               = 1;
i541350 = 2; iXe135            = 2;
i922350 = 3; iU235             = 3;
i922380 = 4; iU238             = 4;
i942380 = 5; iPu238            = 5;
i942390 = 6; iPu239            = 6;
i942400 = 7; iPu240            = 7;
i942410 = 8; iPu241            = 8;
i942420 = 9; iPu242            = 9;
i952410 = 10; iAm241            = 10;
i952440 = 11; iAm244            = 11;
i952450 = 12; iAm245            = 12;
iLOST    = 13;
iTOT     = 14;

MAT_uco_VOLUME = [ 1.49548E+04 1.49548E+04 1.49548E+04 1.49548E+04 ];

MAT_uco_BURNUP = [ 0.00000E+00 6.78413E-01 1.20757E+01 2.48298E+01 ];

MAT_uco_ADENS = [
0.00000E+00 1.21437E-13 1.65971E-12 2.60237E-12 % H3
0.00000E+00 4.11915E-08 4.07188E-08 3.91782E-08 % Xe135
3.74777E-03 3.72613E-03 3.37584E-03 3.00970E-03 % U235
2.12374E-02 2.12330E-02 2.11570E-02 2.10677E-02 % U238
0.00000E+00 2.37886E-13 7.80636E-09 7.72610E-08 % Pu238
0.00000E+00 2.01837E-06 5.75255E-05 9.36551E-05 % Pu239
0.00000E+00 1.18777E-08 6.34837E-06 2.04198E-05 % Pu240
0.00000E+00 7.63469E-11 8.20493E-07 5.25266E-06 % Pu241
0.00000E+00 1.24908E-13 2.81735E-08 4.08731E-07 % Pu242
0.00000E+00 1.11243E-14 2.33506E-09 3.04412E-08 % Am241
0.00000E+00 7.68238E-22 8.20247E-15 2.85458E-13 % Am244
0.00000E+00 3.03430E-25 2.94441E-18 1.06409E-16 % Am245
0.00000E+00 1.43306E-07 2.57273E-06 5.31471E-06 % lost data
7.04339E-02 7.04514E-02 7.07446E-02 7.10716E-02 % total
];

MAT_uco_MDENS = [
0.00000E+00 6.08089E-13 8.31091E-12 1.30312E-11 % H3
0.00000E+00 9.22781E-06 9.12190E-06 8.77678E-06 % Xe135
1.46278E+00 1.45433E+00 1.31761E+00 1.17470E+00 % U235
8.39511E+00 8.39338E+00 8.36333E+00 8.32804E+00 % U238
0.00000E+00 9.40357E-11 3.08583E-06 3.05410E-05 % Pu238
0.00000E+00 8.01218E-04 2.28354E-02 3.71775E-02 % Pu239
0.00000E+00 4.73476E-06 2.53062E-03 8.13985E-03 % Pu240
0.00000E+00 3.05600E-08 3.28425E-04 2.10252E-03 % Pu241
0.00000E+00 5.02071E-11 1.13245E-05 1.64291E-04 % Pu242
0.00000E+00 4.45296E-12 9.34703E-07 1.21853E-05 % Am241
0.00000E+00 3.11356E-19 3.32434E-12 1.15692E-10 % Am244
0.00000E+00 1.23480E-22 1.19822E-15 4.33029E-14 % Am245
0.00000E+00 0.00000E+00 0.00000E+00 0.00000E+00 % lost data
1.10000E+01 1.09999E+01 1.09982E+01 1.09964E+01 % total
];

MAT_uco_A = [
0.00000E+00 3.23774E+06 4.42510E+07 6.93838E+07 % H3
0.00000E+00 1.29767E+16 1.28278E+16 1.23424E+16 % Xe135
1.74864E+09 1.73855E+09 1.57511E+09 1.40427E+09 % U235
1.56131E+09 1.56099E+09 1.55540E+09 1.54884E+09 % U238
0.00000E+00 8.90985E+05 2.92382E+10 2.89376E+11 % Pu238
0.00000E+00 2.74983E+10 7.83727E+11 1.27596E+12 % Pu239
0.00000E+00 5.94654E+08 3.17829E+11 1.02231E+12 % Pu240
0.00000E+00 1.75493E+09 1.88601E+13 1.20739E+14 % Pu241
0.00000E+00 1.09411E+02 2.46783E+07 3.58023E+08 % Pu242
0.00000E+00 8.44672E+03 1.77302E+09 2.31141E+10 % Am241
0.00000E+00 2.19016E+02 2.33844E+09 8.13811E+10 % Am244
0.00000E+00 4.26193E-01 4.13568E+06 1.49460E+08 % Am245
0.00000E+00 0.00000E+00 0.00000E+00 0.00000E+00 % lost data
3.30996E+09 3.28504E+18 3.59889E+18 3.61993E+18 % total
];

MAT_uco_H = [
0.00000E+00 2.95165E-09 4.03409E-08 6.32530E-08 % H3
0.00000E+00 1.16987E+03 1.15644E+03 1.11269E+03 % Xe135
1.29229E-03 1.28483E-03 1.16405E-03 1.03780E-03 % U235
1.06946E-03 1.06924E-03 1.06541E-03 1.06091E-03 % U238
0.00000E+00 7.97776E-07 2.61795E-02 2.59103E-01 % Pu238
0.00000E+00 2.30915E-02 6.58130E-01 1.07148E+00 % Pu239
0.00000E+00 5.00289E-04 2.67393E-01 8.60081E-01 % Pu240
0.00000E+00 1.50570E-06 1.61816E-02 1.03592E-01 % Pu241
0.00000E+00 8.73333E-11 1.96984E-05 2.85778E-04 % Pu242
0.00000E+00 7.57318E-09 1.58966E-03 2.07236E-02 % Am241
0.00000E+00 3.89055E-11 4.15394E-04 1.44563E-02 % Am244
0.00000E+00 2.15028E-14 2.08659E-07 7.54075E-06 % Am245
0.00000E+00 0.00000E+00 0.00000E+00 0.00000E+00 % lost data
2.36175E-03 1.19449E+06 1.20504E+06 1.18376E+06 % total
];

MAT_uco_SF = [
0.00000E+00 0.00000E+00 0.00000E+00 0.00000E+00 % H3
0.00000E+00 0.00000E+00 0.00000E+00 0.00000E+00 % Xe135
1.25902E-01 1.25176E-01 1.13408E-01 1.01108E-01 % U235
8.52476E+04 8.52300E+04 8.49249E+04 8.45665E+04 % U238
0.00000E+00 1.65723E-03 5.43830E+01 5.38239E+02 % Pu238
0.00000E+00 8.52447E-02 2.42955E+00 3.95546E+00 % Pu239
0.00000E+00 3.38953E+01 1.81163E+04 5.82717E+04 % Pu240
0.00000E+00 0.00000E+00 0.00000E+00 0.00000E+00 % Pu241
0.00000E+00 6.01763E-04 1.35730E+02 1.96912E+03 % Pu242
0.00000E+00 3.63209E-08 7.62398E-03 9.93905E-02 % Am241
0.00000E+00 0.00000E+00 0.00000E+00 0.00000E+00 % Am244
0.00000E+00 0.00000E+00 0.00000E+00 0.00000E+00 % Am245
0.00000E+00 0.00000E+00 0.00000E+00 0.00000E+00 % lost data
8.52477E+04 8.52642E+04 1.09118E+05 3.16139E+05 % total
];

MAT_uco_ING_TOX = [
0.00000E+00 1.35985E-04 1.85854E-03 2.91412E-03 % H3
0.00000E+00 2.72511E+09 2.69383E+09 2.59191E+09 % Xe135
8.21863E+01 8.17119E+01 7.40303E+01 6.60009E+01 % U235
7.02590E+01 7.02445E+01 6.99931E+01 6.96976E+01 % U238
0.00000E+00 2.04927E-01 6.72478E+03 6.65564E+04 % Pu238
0.00000E+00 6.87457E+03 1.95932E+05 3.18989E+05 % Pu239
0.00000E+00 1.48664E+02 7.94573E+04 2.55578E+05 % Pu240
0.00000E+00 8.42367E+00 9.05284E+04 5.79548E+05 % Pu241
0.00000E+00 2.62587E-05 5.92278E+00 8.59255E+01 % Pu242
0.00000E+00 1.68934E-03 3.54604E+02 4.62281E+03 % Am241
0.00000E+00 1.00748E-07 1.07568E+00 3.74353E+01 % Am244
0.00000E+00 2.64240E-11 2.56412E-04 9.26652E-03 % Am245
0.00000E+00 0.00000E+00 0.00000E+00 0.00000E+00 % lost data
1.52445E+02 4.37981E+10 5.86227E+10 5.78835E+10 % total
];

MAT_uco_INH_TOX = [
0.00000E+00 8.41812E-04 1.15053E-02 1.80398E-02 % H3
0.00000E+00 1.42744E+09 1.41105E+09 1.35767E+09 % Xe135
1.48635E+04 1.47777E+04 1.33885E+04 1.19363E+04 % U235
1.24905E+04 1.24879E+04 1.24432E+04 1.23907E+04 % U238
0.00000E+00 9.80084E+01 3.21620E+06 3.18313E+07 % Pu238
0.00000E+00 3.29980E+06 9.40472E+07 1.53115E+08 % Pu239
0.00000E+00 7.13585E+04 3.81395E+07 1.22677E+08 % Pu240
0.00000E+00 4.03634E+03 4.33782E+07 2.77700E+08 % Pu241
0.00000E+00 1.20353E-02 2.71461E+03 3.93825E+04 % Pu242
0.00000E+00 8.10886E-01 1.70210E+05 2.21895E+06 % Am241
0.00000E+00 8.10361E-07 8.65221E+00 3.01110E+02 % Am244
0.00000E+00 2.38668E-11 2.31598E-04 8.36976E-03 % Am245
0.00000E+00 0.00000E+00 0.00000E+00 0.00000E+00 % lost data
2.73540E+04 4.33233E+10 5.77346E+10 5.91029E+10 % total
];

TOT_VOLUME = [ 1.49548E+04 1.49548E+04 1.49548E+04 1.49548E+04 ];

TOT_BURNUP = [ 0.00000E+00 6.78413E-01 1.20757E+01 2.48298E+01 ];

TOT_ADENS = [
0.00000E+00 1.21437E-13 1.65971E-12 2.60237E-12 % H3
0.00000E+00 4.11915E-08 4.07188E-08 3.91782E-08 % Xe135
3.74777E-03 3.72613E-03 3.37584E-03 3.00970E-03 % U235
2.12374E-02 2.12330E-02 2.11570E-02 2.10677E-02 % U238
0.00000E+00 2.37886E-13 7.80636E-09 7.72610E-08 % Pu238
0.00000E+00 2.01837E-06 5.75255E-05 9.36551E-05 % Pu239
0.00000E+00 1.18777E-08 6.34837E-06 2.04198E-05 % Pu240
0.00000E+00 7.63469E-11 8.20493E-07 5.25266E-06 % Pu241
0.00000E+00 1.24908E-13 2.81735E-08 4.08731E-07 % Pu242
0.00000E+00 1.11243E-14 2.33506E-09 3.04412E-08 % Am241
0.00000E+00 7.68238E-22 8.20247E-15 2.85458E-13 % Am244
0.00000E+00 3.03430E-25 2.94441E-18 1.06409E-16 % Am245
0.00000E+00 1.43306E-07 2.57273E-06 5.31471E-06 % lost data
7.04339E-02 7.04514E-02 7.07446E-02 7.10716E-02 % total
];

