
DET1001 = [
    1    1    1    1    1    1    1    1    1    1  7.68634E+18 0.00410 
    2    2    1    1    1    1    1    1    1    1  2.43455E+18 0.00498 
    3    3    1    1    1    1    1    1    1    1  3.87283E+17 0.01035 
];


DET1001E = [
 1.00000E-09  6.25000E-07  3.13000E-07
 6.25000E-07  1.00000E-01  5.00003E-02
 1.00000E-01  2.00000E+01  1.00500E+01
];

DET1002 = [
    1    1    1    1    1    1    1    1    1    1  3.28186E+17 0.00588 
    2    2    1    1    1    1    1    1    1    1  4.80823E+17 0.00524 
    3    3    1    1    1    1    1    1    1    1  2.48761E+17 0.00646 
];


DET1002E = [
 1.00000E-09  6.25000E-07  3.13000E-07
 6.25000E-07  1.00000E-01  5.00003E-02
 1.00000E-01  2.00000E+01  1.00500E+01
];
