
DET1001 = [
    1    1    1    1    1    1    1    1    1    1  7.41717E+18 0.00385 
    2    2    1    1    1    1    1    1    1    1  2.37015E+18 0.00518 
    3    3    1    1    1    1    1    1    1    1  3.84167E+17 0.01016 
];


DET1001E = [
 1.00000E-09  6.25000E-07  3.13000E-07
 6.25000E-07  1.00000E-01  5.00003E-02
 1.00000E-01  2.00000E+01  1.00500E+01
];

DET1002 = [
    1    1    1    1    1    1    1    1    1    1  3.06526E+17 0.00598 
    2    2    1    1    1    1    1    1    1    1  4.52200E+17 0.00501 
    3    3    1    1    1    1    1    1    1    1  2.36610E+17 0.00655 
];


DET1002E = [
 1.00000E-09  6.25000E-07  3.13000E-07
 6.25000E-07  1.00000E-01  5.00003E-02
 1.00000E-01  2.00000E+01  1.00500E+01
];
