
ZAI = [
10030
541350
922350
922380
942380
942390
942400
942410
942420
952410
952440
952450
666
0
];

NAMES = [
'H3              '
'Xe135           '
'U235            '
'U238            '
'Pu238           '
'Pu239           '
'Pu240           '
'Pu241           '
'Pu242           '
'Am241           '
'Am244           '
'Am245           '
'lost            '
'total           '
];

i10030  = 1; iH3               = 1;
i541350 = 2; iXe135            = 2;
i922350 = 3; iU235             = 3;
i922380 = 4; iU238             = 4;
i942380 = 5; iPu238            = 5;
i942390 = 6; iPu239            = 6;
i942400 = 7; iPu240            = 7;
i942410 = 8; iPu241            = 8;
i942420 = 9; iPu242            = 9;
i952410 = 10; iAm241            = 10;
i952440 = 11; iAm244            = 11;
i952450 = 12; iAm245            = 12;
iLOST    = 13;
iTOT     = 14;

MAT_uco_VOLUME = [ 2.61710E+04 2.61710E+04 2.61710E+04 2.61710E+04 ];

MAT_uco_BURNUP = [ 0.00000E+00 3.87689E-01 6.90085E+00 1.41894E+01 ];

MAT_uco_ADENS = [
0.00000E+00 9.57909E-14 1.52892E-12 2.75884E-12 % H3
0.00000E+00 4.06431E-08 4.08111E-08 4.06871E-08 % Xe135
4.87458E-03 4.86196E-03 4.65380E-03 4.42948E-03 % U235
2.01233E-02 2.01205E-02 2.00727E-02 2.00179E-02 % U238
0.00000E+00 9.89783E-14 2.25411E-09 2.14428E-08 % Pu238
0.00000E+00 1.29066E-06 4.22419E-05 7.90577E-05 % Pu239
0.00000E+00 3.56061E-09 2.00631E-06 7.29315E-06 % Pu240
0.00000E+00 1.60769E-11 1.84400E-07 1.37441E-06 % Pu241
0.00000E+00 1.16136E-14 2.66024E-09 4.23836E-08 % Pu242
0.00000E+00 2.38394E-15 5.29178E-10 8.20188E-09 % Am241
0.00000E+00 3.88578E-23 4.10902E-16 1.46017E-14 % Am244
0.00000E+00 7.04663E-27 6.79032E-20 2.42774E-18 % Am245
0.00000E+00 8.19400E-08 1.46445E-06 3.02072E-06 % lost data
7.04699E-02 7.04798E-02 7.06472E-02 7.08343E-02 % total
];

MAT_uco_MDENS = [
0.00000E+00 4.79667E-13 7.65599E-12 1.38147E-11 % H3
0.00000E+00 9.10494E-06 9.14257E-06 9.11479E-06 % Xe135
1.90258E+00 1.89765E+00 1.81641E+00 1.72885E+00 % U235
7.95473E+00 7.95362E+00 7.93474E+00 7.91304E+00 % U238
0.00000E+00 3.91258E-11 8.91041E-07 8.47627E-06 % Pu238
0.00000E+00 5.12343E-04 1.67684E-02 3.13829E-02 % Pu239
0.00000E+00 1.41935E-06 7.99767E-04 2.90724E-03 % Pu240
0.00000E+00 6.43523E-09 7.38111E-05 5.50144E-04 % Pu241
0.00000E+00 4.66811E-12 1.06929E-06 1.70363E-05 % Pu242
0.00000E+00 9.54268E-13 2.11825E-07 3.28314E-06 % Am241
0.00000E+00 1.57485E-20 1.66532E-13 5.91786E-12 % Am244
0.00000E+00 2.86762E-24 2.76331E-17 9.87968E-16 % Am245
0.00000E+00 0.00000E+00 0.00000E+00 0.00000E+00 % lost data
1.10000E+01 1.09999E+01 1.09990E+01 1.09979E+01 % total
];

MAT_uco_A = [
0.00000E+00 4.46946E+06 7.13372E+07 1.28723E+08 % H3
0.00000E+00 2.24070E+16 2.24996E+16 2.24312E+16 % Xe135
3.98022E+09 3.96991E+09 3.79994E+09 3.61678E+09 % U235
2.58898E+09 2.58862E+09 2.58247E+09 2.57541E+09 % U238
0.00000E+00 6.48756E+05 1.47746E+10 1.40547E+11 % Pu238
0.00000E+00 3.07720E+10 1.00714E+12 1.88490E+12 % Pu239
0.00000E+00 3.11958E+08 1.75780E+11 6.38979E+11 % Pu240
0.00000E+00 6.46713E+08 7.41770E+12 5.52872E+13 % Pu241
0.00000E+00 1.78024E+01 4.07788E+06 6.49698E+07 % Pu242
0.00000E+00 3.16774E+03 7.03164E+08 1.08985E+10 % Am241
0.00000E+00 1.93865E+01 2.05002E+08 7.28492E+09 % Am244
0.00000E+00 1.73209E-02 1.66909E+05 5.96749E+06 % Am245
0.00000E+00 0.00000E+00 0.00000E+00 0.00000E+00 % lost data
6.56920E+09 3.32781E+18 3.68666E+18 3.73991E+18 % total
];

MAT_uco_H = [
0.00000E+00 4.07453E-09 6.50337E-08 1.17349E-07 % H3
0.00000E+00 2.02002E+03 2.02837E+03 2.02221E+03 % Xe135
2.94149E-03 2.93387E-03 2.80826E-03 2.67290E-03 % U235
1.77338E-03 1.77314E-03 1.76893E-03 1.76409E-03 % U238
0.00000E+00 5.80888E-07 1.32290E-02 1.25844E-01 % Pu238
0.00000E+00 2.58407E-02 8.45737E-01 1.58284E+00 % Pu239
0.00000E+00 2.62454E-04 1.47886E-01 5.37580E-01 % Pu240
0.00000E+00 5.54869E-07 6.36426E-03 4.74354E-02 % Pu241
0.00000E+00 1.42101E-11 3.25501E-06 5.18596E-05 % Pu242
0.00000E+00 2.84014E-09 6.30444E-04 9.77143E-03 % Am241
0.00000E+00 3.44377E-12 3.64161E-05 1.29407E-03 % Am244
0.00000E+00 8.73896E-16 8.42109E-09 3.01079E-07 % Am245
0.00000E+00 0.00000E+00 0.00000E+00 0.00000E+00 % lost data
4.71487E-03 1.19922E+06 1.23034E+06 1.22514E+06 % total
];

MAT_uco_SF = [
0.00000E+00 0.00000E+00 0.00000E+00 0.00000E+00 % H3
0.00000E+00 0.00000E+00 0.00000E+00 0.00000E+00 % Xe135
2.86576E-01 2.85833E-01 2.73596E-01 2.60408E-01 % U235
1.41358E+05 1.41339E+05 1.41003E+05 1.40617E+05 % U238
0.00000E+00 1.20669E-03 2.74808E+01 2.61418E+02 % Pu238
0.00000E+00 9.53933E-02 3.12212E+00 5.84319E+00 % Pu239
0.00000E+00 1.77816E+01 1.00195E+04 3.64218E+04 % Pu240
0.00000E+00 0.00000E+00 0.00000E+00 0.00000E+00 % Pu241
0.00000E+00 9.79132E-05 2.24283E+01 3.57334E+02 % Pu242
0.00000E+00 1.36213E-08 3.02360E-03 4.68637E-02 % Am241
0.00000E+00 0.00000E+00 0.00000E+00 0.00000E+00 % Am244
0.00000E+00 0.00000E+00 0.00000E+00 0.00000E+00 % Am245
0.00000E+00 0.00000E+00 0.00000E+00 0.00000E+00 % lost data
1.41359E+05 1.41357E+05 1.52154E+05 2.12481E+05 % total
];

MAT_uco_ING_TOX = [
0.00000E+00 1.87717E-04 2.99616E-03 5.40637E-03 % H3
0.00000E+00 4.70546E+09 4.72491E+09 4.71055E+09 % Xe135
1.87070E+02 1.86586E+02 1.78597E+02 1.69989E+02 % U235
1.16504E+02 1.16488E+02 1.16211E+02 1.15893E+02 % U238
0.00000E+00 1.49214E-01 3.39816E+03 3.23259E+04 % Pu238
0.00000E+00 7.69301E+03 2.51784E+05 4.71225E+05 % Pu239
0.00000E+00 7.79896E+01 4.39451E+04 1.59745E+05 % Pu240
0.00000E+00 3.10422E+00 3.56050E+04 2.65378E+05 % Pu241
0.00000E+00 4.27258E-06 9.78691E-01 1.55928E+01 % Pu242
0.00000E+00 6.33549E-04 1.40633E+02 2.17971E+03 % Am241
0.00000E+00 8.91779E-09 9.43011E-02 3.35106E+00 % Am244
0.00000E+00 1.07389E-12 1.03483E-05 3.69984E-04 % Am245
0.00000E+00 0.00000E+00 0.00000E+00 0.00000E+00 % lost data
3.03574E+02 4.58481E+10 6.13172E+10 6.12544E+10 % total
];

MAT_uco_INH_TOX = [
0.00000E+00 1.16206E-03 1.85477E-02 3.34680E-02 % H3
0.00000E+00 2.46477E+09 2.47495E+09 2.46743E+09 % Xe135
3.38319E+04 3.37442E+04 3.22995E+04 3.07426E+04 % U235
2.07118E+04 2.07090E+04 2.06598E+04 2.06033E+04 % U238
0.00000E+00 7.13632E+01 1.62521E+06 1.54602E+07 % Pu238
0.00000E+00 3.69264E+06 1.20856E+08 2.26188E+08 % Pu239
0.00000E+00 3.74350E+04 2.10936E+07 7.66775E+07 % Pu240
0.00000E+00 1.48744E+03 1.70607E+07 1.27160E+08 % Pu241
0.00000E+00 1.95826E-03 4.48567E+02 7.14668E+03 % Pu242
0.00000E+00 3.04103E-01 6.75037E+04 1.04626E+06 % Am241
0.00000E+00 7.17301E-08 7.58509E-01 2.69542E+01 % Am244
0.00000E+00 9.69969E-13 9.34688E-06 3.34179E-04 % Am245
0.00000E+00 0.00000E+00 0.00000E+00 0.00000E+00 % lost data
5.45437E+04 4.44481E+10 5.93228E+10 6.11282E+10 % total
];

TOT_VOLUME = [ 2.61710E+04 2.61710E+04 2.61710E+04 2.61710E+04 ];

TOT_BURNUP = [ 0.00000E+00 3.87689E-01 6.90085E+00 1.41894E+01 ];

TOT_ADENS = [
0.00000E+00 9.57909E-14 1.52892E-12 2.75884E-12 % H3
0.00000E+00 4.06431E-08 4.08111E-08 4.06871E-08 % Xe135
4.87458E-03 4.86196E-03 4.65380E-03 4.42948E-03 % U235
2.01233E-02 2.01205E-02 2.00727E-02 2.00179E-02 % U238
0.00000E+00 9.89783E-14 2.25411E-09 2.14428E-08 % Pu238
0.00000E+00 1.29066E-06 4.22419E-05 7.90577E-05 % Pu239
0.00000E+00 3.56061E-09 2.00631E-06 7.29315E-06 % Pu240
0.00000E+00 1.60769E-11 1.84400E-07 1.37441E-06 % Pu241
0.00000E+00 1.16136E-14 2.66024E-09 4.23836E-08 % Pu242
0.00000E+00 2.38394E-15 5.29178E-10 8.20188E-09 % Am241
0.00000E+00 3.88578E-23 4.10902E-16 1.46017E-14 % Am244
0.00000E+00 7.04663E-27 6.79032E-20 2.42774E-18 % Am245
0.00000E+00 8.19400E-08 1.46445E-06 3.02072E-06 % lost data
7.04699E-02 7.04798E-02 7.06472E-02 7.08343E-02 % total
];

