
DET1001 = [
    1    1    1    1    1    1    1    1    1    1  5.18416E+18 0.00441 
    2    2    1    1    1    1    1    1    1    1  2.21808E+18 0.00510 
    3    3    1    1    1    1    1    1    1    1  3.73165E+17 0.00971 
];


DET1001E = [
 1.00000E-09  6.25000E-07  3.13000E-07
 6.25000E-07  1.00000E-01  5.00003E-02
 1.00000E-01  2.00000E+01  1.00500E+01
];

DET1002 = [
    1    1    1    1    1    1    1    1    1    1  1.17671E+17 0.00877 
    2    2    1    1    1    1    1    1    1    1  3.80186E+17 0.00531 
    3    3    1    1    1    1    1    1    1    1  2.07563E+17 0.00620 
];


DET1002E = [
 1.00000E-09  6.25000E-07  3.13000E-07
 6.25000E-07  1.00000E-01  5.00003E-02
 1.00000E-01  2.00000E+01  1.00500E+01
];
