
DET1001 = [
    1    1    1    1    1    1    1    1    1    1  4.94947E+18 0.00475 
    2    2    1    1    1    1    1    1    1    1  2.07509E+18 0.00530 
    3    3    1    1    1    1    1    1    1    1  3.46724E+17 0.01006 
];


DET1001E = [
 1.00000E-09  6.25000E-07  3.13000E-07
 6.25000E-07  1.00000E-01  5.00003E-02
 1.00000E-01  2.00000E+01  1.00500E+01
];

DET1002 = [
    1    1    1    1    1    1    1    1    1    1  1.17412E+17 0.00847 
    2    2    1    1    1    1    1    1    1    1  3.52081E+17 0.00498 
    3    3    1    1    1    1    1    1    1    1  1.93361E+17 0.00639 
];


DET1002E = [
 1.00000E-09  6.25000E-07  3.13000E-07
 6.25000E-07  1.00000E-01  5.00003E-02
 1.00000E-01  2.00000E+01  1.00500E+01
];
