
DET1001 = [
    1    1    1    1    1    1    1    1    1    1  5.09420E+18 0.00454 
    2    2    1    1    1    1    1    1    1    1  2.16393E+18 0.00512 
    3    3    1    1    1    1    1    1    1    1  3.60923E+17 0.00980 
];


DET1001E = [
 1.00000E-09  6.25000E-07  3.13000E-07
 6.25000E-07  1.00000E-01  5.00003E-02
 1.00000E-01  2.00000E+01  1.00500E+01
];

DET1002 = [
    1    1    1    1    1    1    1    1    1    1  1.17837E+17 0.00889 
    2    2    1    1    1    1    1    1    1    1  3.71028E+17 0.00484 
    3    3    1    1    1    1    1    1    1    1  2.01782E+17 0.00616 
];


DET1002E = [
 1.00000E-09  6.25000E-07  3.13000E-07
 6.25000E-07  1.00000E-01  5.00003E-02
 1.00000E-01  2.00000E+01  1.00500E+01
];
