
DET1001 = [
    1    1    1    1    1    1    1    1    1    1  5.03537E+18 0.00447 
    2    2    1    1    1    1    1    1    1    1  2.13520E+18 0.00516 
    3    3    1    1    1    1    1    1    1    1  3.56436E+17 0.00947 
];


DET1001E = [
 1.00000E-09  6.25000E-07  3.13000E-07
 6.25000E-07  1.00000E-01  5.00003E-02
 1.00000E-01  2.00000E+01  1.00500E+01
];

DET1002 = [
    1    1    1    1    1    1    1    1    1    1  1.17421E+17 0.00875 
    2    2    1    1    1    1    1    1    1    1  3.59743E+17 0.00514 
    3    3    1    1    1    1    1    1    1    1  1.94456E+17 0.00629 
];


DET1002E = [
 1.00000E-09  6.25000E-07  3.13000E-07
 6.25000E-07  1.00000E-01  5.00003E-02
 1.00000E-01  2.00000E+01  1.00500E+01
];
