
DET1001 = [
    1    1    1    1    1    1    1    1    1    1  6.01643E+18 0.00403 
    2    2    1    1    1    1    1    1    1    1  2.25309E+18 0.00474 
    3    3    1    1    1    1    1    1    1    1  3.70827E+17 0.00971 
];


DET1001E = [
 1.00000E-09  6.25000E-07  3.13000E-07
 6.25000E-07  1.00000E-01  5.00003E-02
 1.00000E-01  2.00000E+01  1.00500E+01
];

DET1002 = [
    1    1    1    1    1    1    1    1    1    1  1.89820E+17 0.00706 
    2    2    1    1    1    1    1    1    1    1  4.00022E+17 0.00512 
    3    3    1    1    1    1    1    1    1    1  2.08126E+17 0.00631 
];


DET1002E = [
 1.00000E-09  6.25000E-07  3.13000E-07
 6.25000E-07  1.00000E-01  5.00003E-02
 1.00000E-01  2.00000E+01  1.00500E+01
];
