
DET1001 = [
    1    1    1    1    1    1    1    1    1    1  6.16378E+18 0.00445 
    2    2    1    1    1    1    1    1    1    1  2.30514E+18 0.00546 
    3    3    1    1    1    1    1    1    1    1  3.79341E+17 0.01017 
];


DET1001E = [
 1.00000E-09  6.25000E-07  3.13000E-07
 6.25000E-07  1.00000E-01  5.00003E-02
 1.00000E-01  2.00000E+01  1.00500E+01
];

DET1002 = [
    1    1    1    1    1    1    1    1    1    1  1.90988E+17 0.00666 
    2    2    1    1    1    1    1    1    1    1  4.13888E+17 0.00491 
    3    3    1    1    1    1    1    1    1    1  2.17036E+17 0.00649 
];


DET1002E = [
 1.00000E-09  6.25000E-07  3.13000E-07
 6.25000E-07  1.00000E-01  5.00003E-02
 1.00000E-01  2.00000E+01  1.00500E+01
];
