
DET1001 = [
    1    1    1    1    1    1    1    1    1    1  5.96138E+18 0.00416 
    2    2    1    1    1    1    1    1    1    1  2.22590E+18 0.00521 
    3    3    1    1    1    1    1    1    1    1  3.66577E+17 0.00973 
];


DET1001E = [
 1.00000E-09  6.25000E-07  3.13000E-07
 6.25000E-07  1.00000E-01  5.00003E-02
 1.00000E-01  2.00000E+01  1.00500E+01
];

DET1002 = [
    1    1    1    1    1    1    1    1    1    1  1.91016E+17 0.00667 
    2    2    1    1    1    1    1    1    1    1  3.92086E+17 0.00501 
    3    3    1    1    1    1    1    1    1    1  2.02895E+17 0.00619 
];


DET1002E = [
 1.00000E-09  6.25000E-07  3.13000E-07
 6.25000E-07  1.00000E-01  5.00003E-02
 1.00000E-01  2.00000E+01  1.00500E+01
];
