
ZAI = [
10030
541350
922350
922380
942380
942390
942400
942410
942420
952410
952440
952450
666
0
];

NAMES = [
'H3              '
'Xe135           '
'U235            '
'U238            '
'Pu238           '
'Pu239           '
'Pu240           '
'Pu241           '
'Pu242           '
'Am241           '
'Am244           '
'Am245           '
'lost            '
'total           '
];

i10030  = 1; iH3               = 1;
i541350 = 2; iXe135            = 2;
i922350 = 3; iU235             = 3;
i922380 = 4; iU238             = 4;
i942380 = 5; iPu238            = 5;
i942390 = 6; iPu239            = 6;
i942400 = 7; iPu240            = 7;
i942410 = 8; iPu241            = 8;
i942420 = 9; iPu242            = 9;
i952410 = 10; iAm241            = 10;
i952440 = 11; iAm244            = 11;
i952450 = 12; iAm245            = 12;
iLOST    = 13;
iTOT     = 14;

MAT_uco_VOLUME = [ 2.85911E+04 2.85911E+04 2.85911E+04 2.85911E+04 ];

MAT_uco_BURNUP = [ 0.00000E+00 3.54875E-01 6.31665E+00 1.29883E+01 ];

MAT_uco_ADENS = [
0.00000E+00 7.69987E-14 1.23991E-12 2.28004E-12 % H3
0.00000E+00 3.84579E-08 3.85500E-08 3.84252E-08 % Xe135
4.87458E-03 4.86305E-03 4.67234E-03 4.46573E-03 % U235
2.01233E-02 2.01209E-02 2.00800E-02 2.00332E-02 % U238
0.00000E+00 6.88599E-14 1.57365E-09 1.50132E-08 % Pu238
0.00000E+00 1.10561E-06 3.67025E-05 6.91864E-05 % Pu239
0.00000E+00 2.72414E-09 1.58483E-06 5.89444E-06 % Pu240
0.00000E+00 1.06821E-11 1.24936E-07 9.60274E-07 % Pu241
0.00000E+00 6.73231E-15 1.56440E-09 2.57786E-08 % Pu242
0.00000E+00 1.58255E-15 3.58470E-10 5.72954E-09 % Am241
0.00000E+00 1.67684E-23 1.74320E-16 6.37564E-15 % Am244
0.00000E+00 2.58305E-27 2.44538E-20 8.99046E-19 % Am245
0.00000E+00 7.49940E-08 1.33939E-06 2.76171E-06 % lost data
7.04699E-02 7.04790E-02 7.06322E-02 7.08035E-02 % total
];

MAT_uco_MDENS = [
0.00000E+00 3.85566E-13 6.20876E-12 1.14171E-11 % H3
0.00000E+00 8.61540E-06 8.63604E-06 8.60809E-06 % Xe135
1.90258E+00 1.89808E+00 1.82364E+00 1.74300E+00 % U235
7.95473E+00 7.95378E+00 7.93759E+00 7.91910E+00 % U238
0.00000E+00 2.72201E-11 6.22058E-07 5.93466E-06 % Pu238
0.00000E+00 4.38883E-04 1.45695E-02 2.74644E-02 % Pu239
0.00000E+00 1.08591E-06 6.31753E-04 2.34968E-03 % Pu240
0.00000E+00 4.27579E-09 5.00091E-05 3.84376E-04 % Pu241
0.00000E+00 2.70608E-12 6.28817E-07 1.03618E-05 % Pu242
0.00000E+00 6.33482E-13 1.43492E-07 2.29348E-06 % Am241
0.00000E+00 6.79599E-21 7.06493E-14 2.58395E-12 % Am244
0.00000E+00 1.05117E-24 9.95146E-18 3.65866E-16 % Am245
0.00000E+00 0.00000E+00 0.00000E+00 0.00000E+00 % lost data
1.10000E+01 1.09999E+01 1.09991E+01 1.09981E+01 % total
];

MAT_uco_A = [
0.00000E+00 3.92487E+06 6.32021E+07 1.16221E+08 % H3
0.00000E+00 2.31629E+16 2.32184E+16 2.31433E+16 % Xe135
4.34829E+09 4.33800E+09 4.16788E+09 3.98358E+09 % U235
2.82840E+09 2.82806E+09 2.82230E+09 2.81573E+09 % U238
0.00000E+00 4.93083E+05 1.12684E+10 1.07504E+11 % Pu238
0.00000E+00 2.87976E+10 9.55986E+11 1.80209E+12 % Pu239
0.00000E+00 2.60743E+08 1.51693E+11 5.64191E+11 % Pu240
0.00000E+00 4.69435E+08 5.49046E+12 4.22003E+13 % Pu241
0.00000E+00 1.12743E+01 2.61983E+06 4.31703E+07 % Pu242
0.00000E+00 2.29734E+03 5.20378E+08 8.31738E+09 % Am241
0.00000E+00 9.13954E+00 9.50123E+07 3.47501E+09 % Am244
0.00000E+00 6.93637E-03 6.56670E+04 2.41425E+06 % Am245
0.00000E+00 0.00000E+00 0.00000E+00 0.00000E+00 % lost data
7.17668E+09 3.30942E+18 3.66652E+18 3.72006E+18 % total
];

MAT_uco_H = [
0.00000E+00 3.57806E-09 5.76175E-08 1.05951E-07 % H3
0.00000E+00 2.08817E+03 2.09318E+03 2.08640E+03 % Xe135
3.21350E-03 3.20589E-03 3.08018E-03 2.94397E-03 % U235
1.93738E-03 1.93715E-03 1.93320E-03 1.92870E-03 % U238
0.00000E+00 4.41500E-07 1.00895E-02 9.62579E-02 % Pu238
0.00000E+00 2.41826E-02 8.02784E-01 1.51330E+00 % Pu239
0.00000E+00 2.19366E-04 1.27621E-01 4.74660E-01 % Pu240
0.00000E+00 4.02768E-07 4.71072E-03 3.62071E-02 % Pu241
0.00000E+00 8.99925E-12 2.09118E-06 3.44590E-05 % Pu242
0.00000E+00 2.05975E-09 4.66562E-04 7.45721E-03 % Am241
0.00000E+00 1.62352E-12 1.68777E-05 6.17293E-04 % Am244
0.00000E+00 3.49963E-16 3.31312E-09 1.21807E-07 % Am245
0.00000E+00 0.00000E+00 0.00000E+00 0.00000E+00 % lost data
5.15088E-03 1.19788E+06 1.22967E+06 1.22598E+06 % total
];

MAT_uco_SF = [
0.00000E+00 0.00000E+00 0.00000E+00 0.00000E+00 % H3
0.00000E+00 0.00000E+00 0.00000E+00 0.00000E+00 % Xe135
3.13077E-01 3.12336E-01 3.00088E-01 2.86818E-01 % U235
1.54430E+05 1.54412E+05 1.54098E+05 1.53739E+05 % U238
0.00000E+00 9.17134E-04 2.09592E+01 1.99958E+02 % Pu238
0.00000E+00 8.92725E-02 2.96356E+00 5.58648E+00 % Pu239
0.00000E+00 1.48624E+01 8.64649E+03 3.21589E+04 % Pu240
0.00000E+00 0.00000E+00 0.00000E+00 0.00000E+00 % Pu241
0.00000E+00 6.20085E-05 1.44091E+01 2.37437E+02 % Pu242
0.00000E+00 9.87857E-09 2.23763E-03 3.57647E-02 % Am241
0.00000E+00 0.00000E+00 0.00000E+00 0.00000E+00 % Am244
0.00000E+00 0.00000E+00 0.00000E+00 0.00000E+00 % Am245
0.00000E+00 0.00000E+00 0.00000E+00 0.00000E+00 % lost data
1.54431E+05 1.54427E+05 1.63469E+05 2.09107E+05 % total
];

MAT_uco_ING_TOX = [
0.00000E+00 1.64844E-04 2.65449E-03 4.88128E-03 % H3
0.00000E+00 4.86421E+09 4.87586E+09 4.86008E+09 % Xe135
2.04370E+02 2.03886E+02 1.95891E+02 1.87228E+02 % U235
1.27278E+02 1.27263E+02 1.27004E+02 1.26708E+02 % U238
0.00000E+00 1.13409E-01 2.59172E+03 2.47260E+04 % Pu238
0.00000E+00 7.19940E+03 2.38997E+05 4.50523E+05 % Pu239
0.00000E+00 6.51858E+01 3.79232E+04 1.41048E+05 % Pu240
0.00000E+00 2.25329E+00 2.63542E+04 2.02561E+05 % Pu241
0.00000E+00 2.70583E-06 6.28759E-01 1.03609E+01 % Pu242
0.00000E+00 4.59468E-04 1.04076E+02 1.66348E+03 % Am241
0.00000E+00 4.20419E-09 4.37056E-02 1.59851E+00 % Am244
0.00000E+00 4.30055E-13 4.07135E-06 1.49684E-04 % Am245
0.00000E+00 0.00000E+00 0.00000E+00 0.00000E+00 % lost data
3.31647E+02 4.59937E+10 6.14325E+10 6.13994E+10 % total
];

MAT_uco_INH_TOX = [
0.00000E+00 1.02047E-03 1.64325E-02 3.02174E-02 % H3
0.00000E+00 2.54792E+09 2.55402E+09 2.54576E+09 % Xe135
3.69605E+04 3.68730E+04 3.54270E+04 3.38604E+04 % U235
2.26272E+04 2.26245E+04 2.25784E+04 2.25258E+04 % U238
0.00000E+00 5.42391E+01 1.23952E+06 1.18255E+07 % Pu238
0.00000E+00 3.45571E+06 1.14718E+08 2.16251E+08 % Pu239
0.00000E+00 3.12892E+04 1.82031E+07 6.77029E+07 % Pu240
0.00000E+00 1.07970E+03 1.26281E+07 9.70607E+07 % Pu241
0.00000E+00 1.24017E-03 2.88181E+02 4.74873E+03 % Pu242
0.00000E+00 2.20545E-01 4.99563E+04 7.98469E+05 % Am241
0.00000E+00 3.38163E-08 3.51545E-01 1.28576E+01 % Am244
0.00000E+00 3.88437E-13 3.67735E-06 1.35198E-04 % Am245
0.00000E+00 0.00000E+00 0.00000E+00 0.00000E+00 % lost data
5.95876E+04 4.45086E+10 5.93219E+10 6.11037E+10 % total
];

TOT_VOLUME = [ 2.85911E+04 2.85911E+04 2.85911E+04 2.85911E+04 ];

TOT_BURNUP = [ 0.00000E+00 3.54875E-01 6.31665E+00 1.29883E+01 ];

TOT_ADENS = [
0.00000E+00 7.69987E-14 1.23991E-12 2.28004E-12 % H3
0.00000E+00 3.84579E-08 3.85500E-08 3.84252E-08 % Xe135
4.87458E-03 4.86305E-03 4.67234E-03 4.46573E-03 % U235
2.01233E-02 2.01209E-02 2.00800E-02 2.00332E-02 % U238
0.00000E+00 6.88599E-14 1.57365E-09 1.50132E-08 % Pu238
0.00000E+00 1.10561E-06 3.67025E-05 6.91864E-05 % Pu239
0.00000E+00 2.72414E-09 1.58483E-06 5.89444E-06 % Pu240
0.00000E+00 1.06821E-11 1.24936E-07 9.60274E-07 % Pu241
0.00000E+00 6.73231E-15 1.56440E-09 2.57786E-08 % Pu242
0.00000E+00 1.58255E-15 3.58470E-10 5.72954E-09 % Am241
0.00000E+00 1.67684E-23 1.74320E-16 6.37564E-15 % Am244
0.00000E+00 2.58305E-27 2.44538E-20 8.99046E-19 % Am245
0.00000E+00 7.49940E-08 1.33939E-06 2.76171E-06 % lost data
7.04699E-02 7.04790E-02 7.06322E-02 7.08035E-02 % total
];

