
DET1001 = [
    1    1    1    1    1    1    1    1    1    1  4.29279E+18 0.00463 
    2    2    1    1    1    1    1    1    1    1  1.72711E+18 0.00562 
    3    3    1    1    1    1    1    1    1    1  1.55779E+17 0.01198 
];


DET1001E = [
 1.00000E-09  6.25000E-07  3.13000E-07
 6.25000E-07  1.00000E-01  5.00003E-02
 1.00000E-01  2.00000E+01  1.00500E+01
];

DET1002 = [
    1    1    1    1    1    1    1    1    1    1  1.30657E+17 0.00771 
    2    2    1    1    1    1    1    1    1    1  3.65599E+17 0.00468 
    3    3    1    1    1    1    1    1    1    1  1.66049E+17 0.00610 
];


DET1002E = [
 1.00000E-09  6.25000E-07  3.13000E-07
 6.25000E-07  1.00000E-01  5.00003E-02
 1.00000E-01  2.00000E+01  1.00500E+01
];
