
DET1001 = [
    1    1    1    1    1    1    1    1    1    1  4.44158E+18 0.00469 
    2    2    1    1    1    1    1    1    1    1  1.79063E+18 0.00549 
    3    3    1    1    1    1    1    1    1    1  1.63548E+17 0.01172 
];


DET1001E = [
 1.00000E-09  6.25000E-07  3.13000E-07
 6.25000E-07  1.00000E-01  5.00003E-02
 1.00000E-01  2.00000E+01  1.00500E+01
];

DET1002 = [
    1    1    1    1    1    1    1    1    1    1  1.28700E+17 0.00828 
    2    2    1    1    1    1    1    1    1    1  3.81260E+17 0.00488 
    3    3    1    1    1    1    1    1    1    1  1.75614E+17 0.00602 
];


DET1002E = [
 1.00000E-09  6.25000E-07  3.13000E-07
 6.25000E-07  1.00000E-01  5.00003E-02
 1.00000E-01  2.00000E+01  1.00500E+01
];
