
DET1001 = [
    1    1    1    1    1    1    1    1    1    1  4.44433E+18 0.00456 
    2    2    1    1    1    1    1    1    1    1  1.79835E+18 0.00606 
    3    3    1    1    1    1    1    1    1    1  1.64824E+17 0.01213 
];


DET1001E = [
 1.00000E-09  6.25000E-07  3.13000E-07
 6.25000E-07  1.00000E-01  5.00003E-02
 1.00000E-01  2.00000E+01  1.00500E+01
];

DET1002 = [
    1    1    1    1    1    1    1    1    1    1  1.31127E+17 0.00755 
    2    2    1    1    1    1    1    1    1    1  3.96618E+17 0.00494 
    3    3    1    1    1    1    1    1    1    1  1.80581E+17 0.00609 
];


DET1002E = [
 1.00000E-09  6.25000E-07  3.13000E-07
 6.25000E-07  1.00000E-01  5.00003E-02
 1.00000E-01  2.00000E+01  1.00500E+01
];
