
DET1001 = [
    1    1    1    1    1    1    1    1    1    1  6.27848E+18 0.00418 
    2    2    1    1    1    1    1    1    1    1  2.09613E+18 0.00539 
    3    3    1    1    1    1    1    1    1    1  3.47705E+17 0.01041 
];


DET1001E = [
 1.00000E-09  6.25000E-07  3.13000E-07
 6.25000E-07  1.00000E-01  5.00003E-02
 1.00000E-01  2.00000E+01  1.00500E+01
];

DET1002 = [
    1    1    1    1    1    1    1    1    1    1  2.39270E+17 0.00663 
    2    2    1    1    1    1    1    1    1    1  4.08953E+17 0.00469 
    3    3    1    1    1    1    1    1    1    1  2.19989E+17 0.00619 
];


DET1002E = [
 1.00000E-09  6.25000E-07  3.13000E-07
 6.25000E-07  1.00000E-01  5.00003E-02
 1.00000E-01  2.00000E+01  1.00500E+01
];
