
DET1001 = [
    1    1    1    1    1    1    1    1    1    1  6.56378E+18 0.00391 
    2    2    1    1    1    1    1    1    1    1  2.14645E+18 0.00517 
    3    3    1    1    1    1    1    1    1    1  3.52612E+17 0.00979 
];


DET1001E = [
 1.00000E-09  6.25000E-07  3.13000E-07
 6.25000E-07  1.00000E-01  5.00003E-02
 1.00000E-01  2.00000E+01  1.00500E+01
];

DET1002 = [
    1    1    1    1    1    1    1    1    1    1  2.54796E+17 0.00650 
    2    2    1    1    1    1    1    1    1    1  4.30578E+17 0.00515 
    3    3    1    1    1    1    1    1    1    1  2.30536E+17 0.00656 
];


DET1002E = [
 1.00000E-09  6.25000E-07  3.13000E-07
 6.25000E-07  1.00000E-01  5.00003E-02
 1.00000E-01  2.00000E+01  1.00500E+01
];
