
ZAI = [
10030
541350
922350
922380
942380
942390
942400
942410
942420
952410
952440
952450
666
0
];

NAMES = [
'H3              '
'Xe135           '
'U235            '
'U238            '
'Pu238           '
'Pu239           '
'Pu240           '
'Pu241           '
'Pu242           '
'Am241           '
'Am244           '
'Am245           '
'lost            '
'total           '
];

i10030  = 1; iH3               = 1;
i541350 = 2; iXe135            = 2;
i922350 = 3; iU235             = 3;
i922380 = 4; iU238             = 4;
i942380 = 5; iPu238            = 5;
i942390 = 6; iPu239            = 6;
i942400 = 7; iPu240            = 7;
i942410 = 8; iPu241            = 8;
i942420 = 9; iPu242            = 9;
i952410 = 10; iAm241            = 10;
i952440 = 11; iAm244            = 11;
i952450 = 12; iAm245            = 12;
iLOST    = 13;
iTOT     = 14;

MAT_uco_VOLUME = [ 1.22080E+04 1.22080E+04 1.22080E+04 1.22080E+04 ];

MAT_uco_BURNUP = [ 0.00000E+00 8.31106E-01 1.47935E+01 3.04181E+01 ];

MAT_uco_ADENS = [
0.00000E+00 1.35672E-13 1.89109E-12 3.00641E-12 % H3
0.00000E+00 5.36616E-08 5.25722E-08 5.04100E-08 % Xe135
4.87458E-03 4.84795E-03 4.41398E-03 3.95503E-03 % U235
2.01233E-02 2.01187E-02 2.00389E-02 1.99452E-02 % U238
0.00000E+00 2.85018E-13 1.02278E-08 1.03155E-07 % Pu238
0.00000E+00 2.12106E-06 6.11970E-05 1.00577E-04 % Pu239
0.00000E+00 1.19664E-08 6.33503E-06 2.05087E-05 % Pu240
0.00000E+00 8.14810E-11 8.72665E-07 5.61961E-06 % Pu241
0.00000E+00 1.26003E-13 2.83151E-08 4.15091E-07 % Pu242
0.00000E+00 1.19146E-14 2.48742E-09 3.26206E-08 % Am241
0.00000E+00 8.95670E-22 9.65354E-15 3.26637E-13 % Am244
0.00000E+00 3.34926E-25 3.32207E-18 1.17303E-16 % Am245
0.00000E+00 1.75586E-07 3.14638E-06 6.49503E-06 % lost data
7.04699E-02 7.04912E-02 7.08502E-02 7.12508E-02 % total
];

MAT_uco_MDENS = [
0.00000E+00 6.79370E-13 9.46952E-12 1.50544E-11 % H3
0.00000E+00 1.20214E-05 1.17773E-05 1.12929E-05 % Xe135
1.90258E+00 1.89218E+00 1.72280E+00 1.54367E+00 % U235
7.95473E+00 7.95291E+00 7.92137E+00 7.88432E+00 % U238
0.00000E+00 1.12667E-10 4.04302E-06 4.07767E-05 % Pu238
0.00000E+00 8.41982E-04 2.42929E-02 3.99253E-02 % Pu239
0.00000E+00 4.77012E-06 2.52531E-03 8.17528E-03 % Pu240
0.00000E+00 3.26150E-08 3.49308E-04 2.24940E-03 % Pu241
0.00000E+00 5.06473E-11 1.13814E-05 1.66847E-04 % Pu242
0.00000E+00 4.76932E-12 9.95693E-07 1.30577E-05 % Am241
0.00000E+00 3.63002E-19 3.91244E-12 1.32381E-10 % Am244
0.00000E+00 1.36298E-22 1.35191E-15 4.77362E-14 % Am245
0.00000E+00 0.00000E+00 0.00000E+00 0.00000E+00 % lost data
1.10000E+01 1.09999E+01 1.09978E+01 1.09955E+01 % total
];

MAT_uco_A = [
0.00000E+00 2.95289E+06 4.11594E+07 6.54341E+07 % H3
0.00000E+00 1.38002E+16 1.35200E+16 1.29640E+16 % Xe135
1.85666E+09 1.84652E+09 1.68122E+09 1.50641E+09 % U235
1.20769E+09 1.20741E+09 1.20262E+09 1.19700E+09 % U238
0.00000E+00 8.71445E+05 3.12716E+10 3.15396E+11 % Pu238
0.00000E+00 2.35898E+10 6.80613E+11 1.11859E+12 % Pu239
0.00000E+00 4.89060E+08 2.58909E+11 8.38176E+11 % Pu240
0.00000E+00 1.52894E+09 1.63750E+13 1.05449E+14 % Pu241
0.00000E+00 9.00989E+01 2.02469E+07 2.96813E+08 % Pu242
0.00000E+00 7.38519E+03 1.54181E+09 2.02196E+10 % Am241
0.00000E+00 2.08447E+02 2.24664E+09 7.60173E+10 % Am244
0.00000E+00 3.84029E-01 3.80911E+06 1.34500E+08 % Am245
0.00000E+00 0.00000E+00 0.00000E+00 0.00000E+00 % lost data
3.06435E+09 3.24795E+18 3.54651E+18 3.57327E+18 % total
];

MAT_uco_H = [
0.00000E+00 2.69197E-09 3.75225E-08 5.96523E-08 % H3
0.00000E+00 1.24411E+03 1.21885E+03 1.16872E+03 % Xe135
1.37212E-03 1.36462E-03 1.24247E-03 1.11328E-03 % U235
8.27234E-04 8.27046E-04 8.23766E-04 8.19913E-04 % U238
0.00000E+00 7.80280E-07 2.80002E-02 2.82401E-01 % Pu238
0.00000E+00 1.98094E-02 5.71541E-01 9.39327E-01 % Pu239
0.00000E+00 4.11451E-04 2.17823E-01 7.05166E-01 % Pu240
0.00000E+00 1.31181E-06 1.40495E-02 9.04732E-02 % Pu241
0.00000E+00 7.19179E-11 1.61613E-05 2.36919E-04 % Pu242
0.00000E+00 6.62143E-09 1.38236E-03 1.81285E-02 % Am241
0.00000E+00 3.70279E-11 3.99088E-04 1.35035E-02 % Am244
0.00000E+00 1.93755E-14 1.92182E-07 6.78597E-06 % Am245
0.00000E+00 0.00000E+00 0.00000E+00 0.00000E+00 % lost data
2.19936E-03 1.19188E+06 1.20012E+06 1.18239E+06 % total
];

MAT_uco_SF = [
0.00000E+00 0.00000E+00 0.00000E+00 0.00000E+00 % H3
0.00000E+00 0.00000E+00 0.00000E+00 0.00000E+00 % Xe135
1.33680E-01 1.32949E-01 1.21048E-01 1.08462E-01 % U235
6.59397E+04 6.59246E+04 6.56632E+04 6.53561E+04 % U238
0.00000E+00 1.62089E-03 5.81652E+01 5.86637E+02 % Pu238
0.00000E+00 7.31283E-02 2.10990E+00 3.46762E+00 % Pu239
0.00000E+00 2.78764E+01 1.47578E+04 4.77760E+04 % Pu240
0.00000E+00 0.00000E+00 0.00000E+00 0.00000E+00 % Pu241
0.00000E+00 4.95544E-04 1.11358E+02 1.63247E+03 % Pu242
0.00000E+00 3.17563E-08 6.62978E-03 8.69443E-02 % Am241
0.00000E+00 0.00000E+00 0.00000E+00 0.00000E+00 % Am244
0.00000E+00 0.00000E+00 0.00000E+00 0.00000E+00 % Am245
0.00000E+00 0.00000E+00 0.00000E+00 0.00000E+00 % lost data
6.59398E+04 6.59528E+04 8.55511E+04 2.61221E+05 % total
];

MAT_uco_ING_TOX = [
0.00000E+00 1.24021E-04 1.72869E-03 2.74823E-03 % H3
0.00000E+00 2.89804E+09 2.83921E+09 2.72244E+09 % Xe135
8.72631E+01 8.67863E+01 7.90176E+01 7.08015E+01 % U235
5.43459E+01 5.43335E+01 5.41180E+01 5.38649E+01 % U238
0.00000E+00 2.00432E-01 7.19247E+03 7.25411E+04 % Pu238
0.00000E+00 5.89745E+03 1.70153E+05 2.79647E+05 % Pu239
0.00000E+00 1.22265E+02 6.47272E+04 2.09544E+05 % Pu240
0.00000E+00 7.33893E+00 7.86002E+04 5.06153E+05 % Pu241
0.00000E+00 2.16237E-05 4.85925E+00 7.12351E+01 % Pu242
0.00000E+00 1.47704E-03 3.08362E+02 4.04392E+03 % Am241
0.00000E+00 9.58855E-08 1.03346E+00 3.49680E+01 % Am244
0.00000E+00 2.38098E-11 2.36165E-04 8.33901E-03 % Am245
0.00000E+00 0.00000E+00 0.00000E+00 0.00000E+00 % lost data
1.41609E+02 4.39574E+10 5.85343E+10 5.78650E+10 % total
];

MAT_uco_INH_TOX = [
0.00000E+00 7.67751E-04 1.07014E-02 1.70129E-02 % H3
0.00000E+00 1.51802E+09 1.48720E+09 1.42604E+09 % Xe135
1.57816E+04 1.56954E+04 1.42904E+04 1.28045E+04 % U235
9.66149E+03 9.65929E+03 9.62098E+03 9.57598E+03 % U238
0.00000E+00 9.58589E+01 3.43987E+06 3.46936E+07 % Pu238
0.00000E+00 2.83077E+06 8.16736E+07 1.34230E+08 % Pu239
0.00000E+00 5.86872E+04 3.10690E+07 1.00581E+08 % Pu240
0.00000E+00 3.51657E+03 3.76626E+07 2.42532E+08 % Pu241
0.00000E+00 9.91088E-03 2.22716E+03 3.26494E+04 % Pu242
0.00000E+00 7.08979E-01 1.48014E+05 1.94108E+06 % Am241
0.00000E+00 7.71253E-07 8.31257E+00 2.81264E+02 % Am244
0.00000E+00 2.15056E-11 2.13310E-04 7.53200E-03 % Am245
0.00000E+00 0.00000E+00 0.00000E+00 0.00000E+00 % lost data
2.54431E+04 4.33938E+10 5.75024E+10 5.88729E+10 % total
];

TOT_VOLUME = [ 1.22080E+04 1.22080E+04 1.22080E+04 1.22080E+04 ];

TOT_BURNUP = [ 0.00000E+00 8.31106E-01 1.47935E+01 3.04181E+01 ];

TOT_ADENS = [
0.00000E+00 1.35672E-13 1.89109E-12 3.00641E-12 % H3
0.00000E+00 5.36616E-08 5.25722E-08 5.04100E-08 % Xe135
4.87458E-03 4.84795E-03 4.41398E-03 3.95503E-03 % U235
2.01233E-02 2.01187E-02 2.00389E-02 1.99452E-02 % U238
0.00000E+00 2.85018E-13 1.02278E-08 1.03155E-07 % Pu238
0.00000E+00 2.12106E-06 6.11970E-05 1.00577E-04 % Pu239
0.00000E+00 1.19664E-08 6.33503E-06 2.05087E-05 % Pu240
0.00000E+00 8.14810E-11 8.72665E-07 5.61961E-06 % Pu241
0.00000E+00 1.26003E-13 2.83151E-08 4.15091E-07 % Pu242
0.00000E+00 1.19146E-14 2.48742E-09 3.26206E-08 % Am241
0.00000E+00 8.95670E-22 9.65354E-15 3.26637E-13 % Am244
0.00000E+00 3.34926E-25 3.32207E-18 1.17303E-16 % Am245
0.00000E+00 1.75586E-07 3.14638E-06 6.49503E-06 % lost data
7.04699E-02 7.04912E-02 7.08502E-02 7.12508E-02 % total
];

