
DET1001 = [
    1    1    1    1    1    1    1    1    1    1  6.02542E+18 0.00397 
    2    2    1    1    1    1    1    1    1    1  2.01791E+18 0.00549 
    3    3    1    1    1    1    1    1    1    1  3.37188E+17 0.00989 
];


DET1001E = [
 1.00000E-09  6.25000E-07  3.13000E-07
 6.25000E-07  1.00000E-01  5.00003E-02
 1.00000E-01  2.00000E+01  1.00500E+01
];

DET1002 = [
    1    1    1    1    1    1    1    1    1    1  2.30512E+17 0.00658 
    2    2    1    1    1    1    1    1    1    1  3.90063E+17 0.00509 
    3    3    1    1    1    1    1    1    1    1  2.09232E+17 0.00619 
];


DET1002E = [
 1.00000E-09  6.25000E-07  3.13000E-07
 6.25000E-07  1.00000E-01  5.00003E-02
 1.00000E-01  2.00000E+01  1.00500E+01
];
