
DET1001 = [
    1    1    1    1    1    1    1    1    1    1  4.15607E+18 0.00475 
    2    2    1    1    1    1    1    1    1    1  1.84602E+18 0.00580 
    3    3    1    1    1    1    1    1    1    1  1.71821E+17 0.01193 
];


DET1001E = [
 1.00000E-09  6.25000E-07  3.13000E-07
 6.25000E-07  1.00000E-01  5.00003E-02
 1.00000E-01  2.00000E+01  1.00500E+01
];

DET1002 = [
    1    1    1    1    1    1    1    1    1    1  9.63326E+16 0.00897 
    2    2    1    1    1    1    1    1    1    1  3.67814E+17 0.00478 
    3    3    1    1    1    1    1    1    1    1  1.73864E+17 0.00646 
];


DET1002E = [
 1.00000E-09  6.25000E-07  3.13000E-07
 6.25000E-07  1.00000E-01  5.00003E-02
 1.00000E-01  2.00000E+01  1.00500E+01
];
