
DET1001 = [
    1    1    1    1    1    1    1    1    1    1  4.00538E+18 0.00471 
    2    2    1    1    1    1    1    1    1    1  1.77452E+18 0.00571 
    3    3    1    1    1    1    1    1    1    1  1.63730E+17 0.01166 
];


DET1001E = [
 1.00000E-09  6.25000E-07  3.13000E-07
 6.25000E-07  1.00000E-01  5.00003E-02
 1.00000E-01  2.00000E+01  1.00500E+01
];

DET1002 = [
    1    1    1    1    1    1    1    1    1    1  9.78209E+16 0.00852 
    2    2    1    1    1    1    1    1    1    1  3.56352E+17 0.00473 
    3    3    1    1    1    1    1    1    1    1  1.65467E+17 0.00618 
];


DET1002E = [
 1.00000E-09  6.25000E-07  3.13000E-07
 6.25000E-07  1.00000E-01  5.00003E-02
 1.00000E-01  2.00000E+01  1.00500E+01
];
