
DET1001 = [
    1    1    1    1    1    1    1    1    1    1  4.19276E+18 0.00496 
    2    2    1    1    1    1    1    1    1    1  1.84290E+18 0.00585 
    3    3    1    1    1    1    1    1    1    1  1.69625E+17 0.01181 
];


DET1001E = [
 1.00000E-09  6.25000E-07  3.13000E-07
 6.25000E-07  1.00000E-01  5.00003E-02
 1.00000E-01  2.00000E+01  1.00500E+01
];

DET1002 = [
    1    1    1    1    1    1    1    1    1    1  9.54088E+16 0.00915 
    2    2    1    1    1    1    1    1    1    1  3.77812E+17 0.00519 
    3    3    1    1    1    1    1    1    1    1  1.77246E+17 0.00643 
];


DET1002E = [
 1.00000E-09  6.25000E-07  3.13000E-07
 6.25000E-07  1.00000E-01  5.00003E-02
 1.00000E-01  2.00000E+01  1.00500E+01
];
