
DET1001 = [
    1    1    1    1    1    1    1    1    1    1  4.10112E+18 0.00489 
    2    2    1    1    1    1    1    1    1    1  1.79888E+18 0.00583 
    3    3    1    1    1    1    1    1    1    1  1.68456E+17 0.01133 
];


DET1001E = [
 1.00000E-09  6.25000E-07  3.13000E-07
 6.25000E-07  1.00000E-01  5.00003E-02
 1.00000E-01  2.00000E+01  1.00500E+01
];

DET1002 = [
    1    1    1    1    1    1    1    1    1    1  9.73331E+16 0.00893 
    2    2    1    1    1    1    1    1    1    1  3.60029E+17 0.00519 
    3    3    1    1    1    1    1    1    1    1  1.68402E+17 0.00611 
];


DET1002E = [
 1.00000E-09  6.25000E-07  3.13000E-07
 6.25000E-07  1.00000E-01  5.00003E-02
 1.00000E-01  2.00000E+01  1.00500E+01
];
