
ZAI = [
10030
541350
922350
922380
942380
942390
942400
942410
942420
952410
952440
952450
666
0
];

NAMES = [
'H3              '
'Xe135           '
'U235            '
'U238            '
'Pu238           '
'Pu239           '
'Pu240           '
'Pu241           '
'Pu242           '
'Am241           '
'Am244           '
'Am245           '
'lost            '
'total           '
];

i10030  = 1; iH3               = 1;
i541350 = 2; iXe135            = 2;
i922350 = 3; iU235             = 3;
i922380 = 4; iU238             = 4;
i942380 = 5; iPu238            = 5;
i942390 = 6; iPu239            = 6;
i942400 = 7; iPu240            = 7;
i942410 = 8; iPu241            = 8;
i942420 = 9; iPu242            = 9;
i952410 = 10; iAm241            = 10;
i952440 = 11; iAm244            = 11;
i952450 = 12; iAm245            = 12;
iLOST    = 13;
iTOT     = 14;

MAT_uco_VOLUME = [ 4.06429E+04 4.06429E+04 4.06429E+04 4.06429E+04 ];

MAT_uco_BURNUP = [ 0.00000E+00 2.49639E-01 4.44355E+00 9.13677E+00 ];

MAT_uco_ADENS = [
0.00000E+00 7.41261E-14 1.19286E-12 2.22730E-12 % H3
0.00000E+00 3.03405E-08 3.05592E-08 3.06508E-08 % Xe135
4.31104E-03 4.30286E-03 4.16768E-03 4.02116E-03 % U235
2.06805E-02 2.06784E-02 2.06426E-02 2.06017E-02 % U238
0.00000E+00 5.47150E-14 9.58717E-10 8.91109E-09 % Pu238
0.00000E+00 9.71583E-07 3.27947E-05 6.35361E-05 % Pu239
0.00000E+00 1.93805E-09 1.10902E-06 4.19998E-06 % Pu240
0.00000E+00 6.87274E-12 7.87253E-08 6.23272E-07 % Pu241
0.00000E+00 3.41475E-15 7.69942E-10 1.28696E-08 % Pu242
0.00000E+00 1.02492E-15 2.26280E-10 3.72959E-09 % Am241
0.00000E+00 7.02490E-24 7.03430E-17 2.61038E-15 % Am244
0.00000E+00 8.65410E-28 7.90852E-21 2.93552E-19 % Am245
0.00000E+00 5.27636E-08 9.42275E-07 1.94299E-06 % lost data
7.04520E-02 7.04584E-02 7.05662E-02 7.06867E-02 % total
];

MAT_uco_MDENS = [
0.00000E+00 3.71182E-13 5.97318E-12 1.11531E-11 % H3
0.00000E+00 6.79693E-06 6.84594E-06 6.86645E-06 % Xe135
1.68262E+00 1.67943E+00 1.62667E+00 1.56948E+00 % U235
8.17497E+00 8.17414E+00 8.16000E+00 8.14382E+00 % U238
0.00000E+00 2.16287E-11 3.78978E-07 3.52253E-06 % Pu238
0.00000E+00 3.85681E-04 1.30183E-02 2.52214E-02 % Pu239
0.00000E+00 7.72558E-07 4.42085E-04 1.67422E-03 % Pu240
0.00000E+00 2.75100E-09 3.15119E-05 2.49482E-04 % Pu241
0.00000E+00 1.37257E-12 3.09481E-07 5.17297E-06 % Pu242
0.00000E+00 4.10264E-13 9.05780E-08 1.49292E-06 % Am241
0.00000E+00 2.84709E-21 2.85090E-14 1.05795E-12 % Am244
0.00000E+00 3.52178E-25 3.21837E-18 1.19461E-16 % Am245
0.00000E+00 0.00000E+00 0.00000E+00 0.00000E+00 % lost data
1.10000E+01 1.10000E+01 1.09994E+01 1.09987E+01 % total
];

MAT_uco_A = [
0.00000E+00 5.37114E+06 8.64341E+07 1.61389E+08 % H3
0.00000E+00 2.59767E+16 2.61640E+16 2.62424E+16 % Xe135
5.46658E+09 5.45622E+09 5.28480E+09 5.09901E+09 % U235
4.13194E+09 4.13152E+09 4.12438E+09 4.11620E+09 % U238
0.00000E+00 5.56946E+05 9.75881E+09 9.07063E+10 % Pu238
0.00000E+00 3.59740E+10 1.21426E+12 2.35250E+12 % Pu239
0.00000E+00 2.63695E+08 1.50896E+11 5.71458E+11 % Pu240
0.00000E+00 4.29342E+08 4.91799E+12 3.89360E+13 % Pu241
0.00000E+00 8.12901E+00 1.83289E+06 3.06367E+07 % Pu242
0.00000E+00 2.11499E+03 4.66946E+08 7.69628E+09 % Am241
0.00000E+00 5.44285E+00 5.45013E+07 2.02251E+09 % Am244
0.00000E+00 3.30351E-03 3.01890E+04 1.12057E+06 % Am245
0.00000E+00 0.00000E+00 0.00000E+00 0.00000E+00 % lost data
9.59853E+09 3.38179E+18 3.75866E+18 3.81860E+18 % total
];

MAT_uco_H = [
0.00000E+00 4.89654E-09 7.87967E-08 1.47128E-07 % H3
0.00000E+00 2.34184E+03 2.35872E+03 2.36579E+03 % Xe135
4.03995E-03 4.03229E-03 3.90560E-03 3.76830E-03 % U235
2.83028E-03 2.82999E-03 2.82509E-03 2.81949E-03 % U238
0.00000E+00 4.98682E-07 8.73791E-03 8.12172E-02 % Pu238
0.00000E+00 3.02090E-02 1.01967E+00 1.97550E+00 % Pu239
0.00000E+00 2.21850E-04 1.26950E-01 4.80774E-01 % Pu240
0.00000E+00 3.68368E-07 4.21956E-03 3.34064E-02 % Pu241
0.00000E+00 6.48866E-12 1.46303E-06 2.44545E-05 % Pu242
0.00000E+00 1.89626E-09 4.18656E-04 6.90034E-03 % Am241
0.00000E+00 9.66853E-13 9.68148E-06 3.59273E-04 % Am244
0.00000E+00 1.66673E-16 1.52314E-09 5.65364E-08 % Am245
0.00000E+00 0.00000E+00 0.00000E+00 0.00000E+00 % lost data
6.87022E-03 1.20359E+06 1.24046E+06 1.23825E+06 % total
];

MAT_uco_SF = [
0.00000E+00 0.00000E+00 0.00000E+00 0.00000E+00 % H3
0.00000E+00 0.00000E+00 0.00000E+00 0.00000E+00 % Xe135
3.93594E-01 3.92848E-01 3.80505E-01 3.67129E-01 % U235
2.25604E+05 2.25581E+05 2.25191E+05 2.24744E+05 % U238
0.00000E+00 1.03592E-03 1.81514E+01 1.68714E+02 % Pu238
0.00000E+00 1.11519E-01 3.76422E+00 7.29275E+00 % Pu239
0.00000E+00 1.50306E+01 8.60105E+03 3.25731E+04 % Pu240
0.00000E+00 0.00000E+00 0.00000E+00 0.00000E+00 % Pu241
0.00000E+00 4.47095E-05 1.00809E+01 1.68502E+02 % Pu242
0.00000E+00 9.09445E-09 2.00787E-03 3.30940E-02 % Am241
0.00000E+00 0.00000E+00 0.00000E+00 0.00000E+00 % Am244
0.00000E+00 0.00000E+00 0.00000E+00 0.00000E+00 % Am245
0.00000E+00 0.00000E+00 0.00000E+00 0.00000E+00 % lost data
2.25605E+05 2.25597E+05 2.34321E+05 2.74434E+05 % total
];

MAT_uco_ING_TOX = [
0.00000E+00 2.25588E-04 3.63023E-03 6.77833E-03 % H3
0.00000E+00 5.45510E+09 5.49443E+09 5.51090E+09 % Xe135
2.56929E+02 2.56442E+02 2.48385E+02 2.39653E+02 % U235
1.85937E+02 1.85919E+02 1.85597E+02 1.85229E+02 % U238
0.00000E+00 1.28098E-01 2.24453E+03 2.08624E+04 % Pu238
0.00000E+00 8.99351E+03 3.03566E+05 5.88125E+05 % Pu239
0.00000E+00 6.59238E+01 3.77239E+04 1.42865E+05 % Pu240
0.00000E+00 2.06084E+00 2.36064E+04 1.86893E+05 % Pu241
0.00000E+00 1.95096E-06 4.39893E-01 7.35281E+00 % Pu242
0.00000E+00 4.22998E-04 9.33893E+01 1.53926E+03 % Am241
0.00000E+00 2.50371E-09 2.50706E-02 9.30354E-01 % Am244
0.00000E+00 2.04818E-13 1.87172E-06 6.94752E-05 % Am245
0.00000E+00 0.00000E+00 0.00000E+00 0.00000E+00 % lost data
4.42867E+02 4.66327E+10 6.23070E+10 6.23758E+10 % total
];

MAT_uco_INH_TOX = [
0.00000E+00 1.39650E-03 2.24729E-02 4.19611E-02 % H3
0.00000E+00 2.85743E+09 2.87804E+09 2.88666E+09 % Xe135
4.64660E+04 4.63779E+04 4.49208E+04 4.33416E+04 % U235
3.30555E+04 3.30522E+04 3.29950E+04 3.29296E+04 % U238
0.00000E+00 6.12640E+01 1.07347E+06 9.97769E+06 % Pu238
0.00000E+00 4.31688E+06 1.45712E+08 2.82300E+08 % Pu239
0.00000E+00 3.16434E+04 1.81075E+07 6.85750E+07 % Pu240
0.00000E+00 9.87487E+02 1.13114E+07 8.95528E+07 % Pu241
0.00000E+00 8.94191E-04 2.01618E+02 3.37004E+03 % Pu242
0.00000E+00 2.03039E-01 4.48268E+04 7.38843E+05 % Am241
0.00000E+00 2.01385E-08 2.01655E-01 7.48328E+00 % Am244
0.00000E+00 1.84997E-13 1.69059E-06 6.27518E-05 % Am245
0.00000E+00 0.00000E+00 0.00000E+00 0.00000E+00 % lost data
7.95215E+04 4.48879E+10 5.99466E+10 6.18435E+10 % total
];

TOT_VOLUME = [ 4.06429E+04 4.06429E+04 4.06429E+04 4.06429E+04 ];

TOT_BURNUP = [ 0.00000E+00 2.49639E-01 4.44355E+00 9.13677E+00 ];

TOT_ADENS = [
0.00000E+00 7.41261E-14 1.19286E-12 2.22730E-12 % H3
0.00000E+00 3.03405E-08 3.05592E-08 3.06508E-08 % Xe135
4.31104E-03 4.30286E-03 4.16768E-03 4.02116E-03 % U235
2.06805E-02 2.06784E-02 2.06426E-02 2.06017E-02 % U238
0.00000E+00 5.47150E-14 9.58717E-10 8.91109E-09 % Pu238
0.00000E+00 9.71583E-07 3.27947E-05 6.35361E-05 % Pu239
0.00000E+00 1.93805E-09 1.10902E-06 4.19998E-06 % Pu240
0.00000E+00 6.87274E-12 7.87253E-08 6.23272E-07 % Pu241
0.00000E+00 3.41475E-15 7.69942E-10 1.28696E-08 % Pu242
0.00000E+00 1.02492E-15 2.26280E-10 3.72959E-09 % Am241
0.00000E+00 7.02490E-24 7.03430E-17 2.61038E-15 % Am244
0.00000E+00 8.65410E-28 7.90852E-21 2.93552E-19 % Am245
0.00000E+00 5.27636E-08 9.42275E-07 1.94299E-06 % lost data
7.04520E-02 7.04584E-02 7.05662E-02 7.06867E-02 % total
];

