
ZAI = [
10030
541350
922350
922380
942380
942390
942400
942410
942420
952410
952440
952450
666
0
];

NAMES = [
'H3              '
'Xe135           '
'U235            '
'U238            '
'Pu238           '
'Pu239           '
'Pu240           '
'Pu241           '
'Pu242           '
'Am241           '
'Am244           '
'Am245           '
'lost            '
'total           '
];

i10030  = 1; iH3               = 1;
i541350 = 2; iXe135            = 2;
i922350 = 3; iU235             = 3;
i922380 = 4; iU238             = 4;
i942380 = 5; iPu238            = 5;
i942390 = 6; iPu239            = 6;
i942400 = 7; iPu240            = 7;
i942410 = 8; iPu241            = 8;
i942420 = 9; iPu242            = 9;
i952410 = 10; iAm241            = 10;
i952440 = 11; iAm244            = 11;
i952450 = 12; iAm245            = 12;
iLOST    = 13;
iTOT     = 14;

MAT_uco_VOLUME = [ 3.19338E+04 3.19338E+04 3.19338E+04 3.19338E+04 ];

MAT_uco_BURNUP = [ 0.00000E+00 3.17711E-01 5.65517E+00 1.16281E+01 ];

MAT_uco_ADENS = [
0.00000E+00 8.10772E-14 1.27654E-12 2.29046E-12 % H3
0.00000E+00 3.17017E-08 3.20123E-08 3.19800E-08 % Xe135
3.74777E-03 3.73749E-03 3.56869E-03 3.38800E-03 % U235
2.12374E-02 2.12348E-02 2.11905E-02 2.11397E-02 % U238
0.00000E+00 8.23211E-14 1.65198E-09 1.55402E-08 % Pu238
0.00000E+00 1.19362E-06 3.89356E-05 7.24268E-05 % Pu239
0.00000E+00 3.39254E-09 1.95353E-06 7.11664E-06 % Pu240
0.00000E+00 1.42948E-11 1.66892E-07 1.24546E-06 % Pu241
0.00000E+00 1.06250E-14 2.46637E-09 3.94043E-08 % Pu242
0.00000E+00 2.11014E-15 4.78482E-10 7.43059E-09 % Am241
0.00000E+00 3.02486E-23 3.09532E-16 1.11860E-14 % Am244
0.00000E+00 5.50899E-27 5.06983E-20 1.84649E-18 % Am245
0.00000E+00 6.71312E-08 1.20079E-06 2.47846E-06 % lost data
7.04339E-02 7.04421E-02 7.05793E-02 7.07327E-02 % total
];

MAT_uco_MDENS = [
0.00000E+00 4.05989E-13 6.39220E-12 1.14693E-11 % H3
0.00000E+00 7.10188E-06 7.17145E-06 7.16423E-06 % Xe135
1.46278E+00 1.45876E+00 1.39288E+00 1.32236E+00 % U235
8.39511E+00 8.39409E+00 8.37659E+00 8.35649E+00 % U238
0.00000E+00 3.25413E-11 6.53023E-07 6.14301E-06 % Pu238
0.00000E+00 4.73820E-04 1.54560E-02 2.87507E-02 % Pu239
0.00000E+00 1.35235E-06 7.78729E-04 2.83687E-03 % Pu240
0.00000E+00 5.72187E-09 6.68033E-05 4.98530E-04 % Pu241
0.00000E+00 4.27075E-12 9.91368E-07 1.58387E-05 % Pu242
0.00000E+00 8.44669E-13 1.91532E-07 2.97440E-06 % Am241
0.00000E+00 1.22593E-20 1.25449E-13 4.53353E-12 % Am244
0.00000E+00 2.24188E-24 2.06316E-17 7.51426E-16 % Am245
0.00000E+00 0.00000E+00 0.00000E+00 0.00000E+00 % lost data
1.10000E+01 1.10000E+01 1.09992E+01 1.09983E+01 % total
];

MAT_uco_A = [
0.00000E+00 4.61593E+06 7.26768E+07 1.30402E+08 % H3
0.00000E+00 2.13260E+16 2.15349E+16 2.15132E+16 % Xe135
3.73398E+09 3.72375E+09 3.55557E+09 3.37554E+09 % U235
3.33396E+09 3.33356E+09 3.32660E+09 3.31862E+09 % U238
0.00000E+00 6.58390E+05 1.32123E+10 1.24288E+11 % Pu238
0.00000E+00 3.47248E+10 1.13272E+12 2.10705E+12 % Pu239
0.00000E+00 3.62683E+08 2.08845E+11 7.60812E+11 % Pu240
0.00000E+00 7.01644E+08 8.19174E+12 6.11322E+13 % Pu241
0.00000E+00 1.98734E+01 4.61321E+06 7.37035E+07 % Pu242
0.00000E+00 3.42134E+03 7.75803E+08 1.20478E+10 % Am241
0.00000E+00 1.84143E+01 1.88433E+08 6.80968E+09 % Am244
0.00000E+00 1.65231E-02 1.52059E+05 5.53816E+06 % Am245
0.00000E+00 0.00000E+00 0.00000E+00 0.00000E+00 % lost data
7.06794E+09 3.36475E+18 3.73697E+18 3.78824E+18 % total
];

MAT_uco_H = [
0.00000E+00 4.20806E-09 6.62550E-08 1.18879E-07 % H3
0.00000E+00 1.92258E+03 1.94141E+03 1.93945E+03 % Xe135
2.75951E-03 2.75195E-03 2.62766E-03 2.49461E-03 % U235
2.28368E-03 2.28340E-03 2.27864E-03 2.27317E-03 % U238
0.00000E+00 5.89514E-07 1.18301E-02 1.11286E-01 % Pu238
0.00000E+00 2.91599E-02 9.51194E-01 1.76938E+00 % Pu239
0.00000E+00 3.05129E-04 1.75703E-01 6.40079E-01 % Pu240
0.00000E+00 6.01999E-07 7.02838E-03 5.24504E-02 % Pu241
0.00000E+00 1.58631E-11 3.68231E-06 5.88309E-05 % Pu242
0.00000E+00 3.06751E-09 6.95570E-04 1.08019E-02 % Am241
0.00000E+00 3.27108E-12 3.34728E-05 1.20965E-03 % Am244
0.00000E+00 8.33645E-16 7.67188E-09 2.79418E-07 % Am245
0.00000E+00 0.00000E+00 0.00000E+00 0.00000E+00 % lost data
5.04319E-03 1.20184E+06 1.23511E+06 1.22824E+06 % total
];

MAT_uco_SF = [
0.00000E+00 0.00000E+00 0.00000E+00 0.00000E+00 % H3
0.00000E+00 0.00000E+00 0.00000E+00 0.00000E+00 % Xe135
2.68847E-01 2.68110E-01 2.56001E-01 2.43039E-01 % U235
1.82034E+05 1.82012E+05 1.81633E+05 1.81197E+05 % U238
0.00000E+00 1.22461E-03 2.45748E+01 2.31176E+02 % Pu238
0.00000E+00 1.07647E-01 3.51143E+00 6.53184E+00 % Pu239
0.00000E+00 2.06730E+01 1.19041E+04 4.33663E+04 % Pu240
0.00000E+00 0.00000E+00 0.00000E+00 0.00000E+00 % Pu241
0.00000E+00 1.09304E-04 2.53726E+01 4.05369E+02 % Pu242
0.00000E+00 1.47118E-08 3.33595E-03 5.18057E-02 % Am241
0.00000E+00 0.00000E+00 0.00000E+00 0.00000E+00 % Am244
0.00000E+00 0.00000E+00 0.00000E+00 0.00000E+00 % Am245
0.00000E+00 0.00000E+00 0.00000E+00 0.00000E+00 % lost data
1.82034E+05 1.82033E+05 1.94774E+05 2.63401E+05 % total
];

MAT_uco_ING_TOX = [
0.00000E+00 1.93869E-04 3.05243E-03 5.47687E-03 % H3
0.00000E+00 4.47847E+09 4.52234E+09 4.51778E+09 % Xe135
1.75497E+02 1.75016E+02 1.67112E+02 1.58650E+02 % U235
1.50028E+02 1.50010E+02 1.49697E+02 1.49338E+02 % U238
0.00000E+00 1.51430E-01 3.03882E+03 2.85863E+04 % Pu238
0.00000E+00 8.68119E+03 2.83180E+05 5.26762E+05 % Pu239
0.00000E+00 9.06708E+01 5.22112E+04 1.90203E+05 % Pu240
0.00000E+00 3.36789E+00 3.93204E+04 2.93435E+05 % Pu241
0.00000E+00 4.76961E-06 1.10717E+00 1.76888E+01 % Pu242
0.00000E+00 6.84269E-04 1.55161E+02 2.40957E+03 % Am241
0.00000E+00 8.47060E-09 8.66793E-02 3.13245E+00 % Am244
0.00000E+00 1.02443E-12 9.42766E-06 3.43366E-04 % Am245
0.00000E+00 0.00000E+00 0.00000E+00 0.00000E+00 % lost data
3.25525E+02 4.56315E+10 6.12795E+10 6.12161E+10 % total
];

MAT_uco_INH_TOX = [
0.00000E+00 1.20014E-03 1.88960E-02 3.39044E-02 % H3
0.00000E+00 2.34586E+09 2.36884E+09 2.36646E+09 % Xe135
3.17389E+04 3.16518E+04 3.02223E+04 2.86921E+04 % U235
2.66717E+04 2.66684E+04 2.66128E+04 2.65490E+04 % U238
0.00000E+00 7.24229E+01 1.45335E+06 1.36717E+07 % Pu238
0.00000E+00 4.16697E+06 1.35926E+08 2.52846E+08 % Pu239
0.00000E+00 4.35220E+04 2.50614E+07 9.12974E+07 % Pu240
0.00000E+00 1.61378E+03 1.88410E+07 1.40604E+08 % Pu241
0.00000E+00 2.18607E-03 5.07453E+02 8.10738E+03 % Pu242
0.00000E+00 3.28449E-01 7.44771E+04 1.15659E+06 % Am241
0.00000E+00 6.81331E-08 6.97203E-01 2.51958E+01 % Am244
0.00000E+00 9.25293E-13 8.51531E-06 3.10137E-04 % Am245
0.00000E+00 0.00000E+00 0.00000E+00 0.00000E+00 % lost data
5.84105E+04 4.43423E+10 5.94294E+10 6.12803E+10 % total
];

TOT_VOLUME = [ 3.19338E+04 3.19338E+04 3.19338E+04 3.19338E+04 ];

TOT_BURNUP = [ 0.00000E+00 3.17711E-01 5.65517E+00 1.16281E+01 ];

TOT_ADENS = [
0.00000E+00 8.10772E-14 1.27654E-12 2.29046E-12 % H3
0.00000E+00 3.17017E-08 3.20123E-08 3.19800E-08 % Xe135
3.74777E-03 3.73749E-03 3.56869E-03 3.38800E-03 % U235
2.12374E-02 2.12348E-02 2.11905E-02 2.11397E-02 % U238
0.00000E+00 8.23211E-14 1.65198E-09 1.55402E-08 % Pu238
0.00000E+00 1.19362E-06 3.89356E-05 7.24268E-05 % Pu239
0.00000E+00 3.39254E-09 1.95353E-06 7.11664E-06 % Pu240
0.00000E+00 1.42948E-11 1.66892E-07 1.24546E-06 % Pu241
0.00000E+00 1.06250E-14 2.46637E-09 3.94043E-08 % Pu242
0.00000E+00 2.11014E-15 4.78482E-10 7.43059E-09 % Am241
0.00000E+00 3.02486E-23 3.09532E-16 1.11860E-14 % Am244
0.00000E+00 5.50899E-27 5.06983E-20 1.84649E-18 % Am245
0.00000E+00 6.71312E-08 1.20079E-06 2.47846E-06 % lost data
7.04339E-02 7.04421E-02 7.05793E-02 7.07327E-02 % total
];

