
DET1001 = [
    1    1    1    1    1    1    1    1    1    1  5.20862E+18 0.00464 
    2    2    1    1    1    1    1    1    1    1  2.05319E+18 0.00618 
    3    3    1    1    1    1    1    1    1    1  2.10999E+17 0.01134 
];


DET1001E = [
 1.00000E-09  6.25000E-07  3.13000E-07
 6.25000E-07  1.00000E-01  5.00003E-02
 1.00000E-01  2.00000E+01  1.00500E+01
];

DET1002 = [
    1    1    1    1    1    1    1    1    1    1  1.53415E+17 0.00767 
    2    2    1    1    1    1    1    1    1    1  4.11803E+17 0.00492 
    3    3    1    1    1    1    1    1    1    1  1.94259E+17 0.00624 
];


DET1002E = [
 1.00000E-09  6.25000E-07  3.13000E-07
 6.25000E-07  1.00000E-01  5.00003E-02
 1.00000E-01  2.00000E+01  1.00500E+01
];
