
DET1001 = [
    1    1    1    1    1    1    1    1    1    1  5.06845E+18 0.00461 
    2    2    1    1    1    1    1    1    1    1  1.98599E+18 0.00565 
    3    3    1    1    1    1    1    1    1    1  2.00828E+17 0.01113 
];


DET1001E = [
 1.00000E-09  6.25000E-07  3.13000E-07
 6.25000E-07  1.00000E-01  5.00003E-02
 1.00000E-01  2.00000E+01  1.00500E+01
];

DET1002 = [
    1    1    1    1    1    1    1    1    1    1  1.55754E+17 0.00774 
    2    2    1    1    1    1    1    1    1    1  3.79921E+17 0.00505 
    3    3    1    1    1    1    1    1    1    1  1.81448E+17 0.00636 
];


DET1002E = [
 1.00000E-09  6.25000E-07  3.13000E-07
 6.25000E-07  1.00000E-01  5.00003E-02
 1.00000E-01  2.00000E+01  1.00500E+01
];
