
DET1001 = [
    1    1    1    1    1    1    1    1    1    1  5.08267E+18 0.00462 
    2    2    1    1    1    1    1    1    1    1  1.96598E+18 0.00580 
    3    3    1    1    1    1    1    1    1    1  1.99029E+17 0.01095 
];


DET1001E = [
 1.00000E-09  6.25000E-07  3.13000E-07
 6.25000E-07  1.00000E-01  5.00003E-02
 1.00000E-01  2.00000E+01  1.00500E+01
];

DET1002 = [
    1    1    1    1    1    1    1    1    1    1  1.56030E+17 0.00779 
    2    2    1    1    1    1    1    1    1    1  3.93375E+17 0.00490 
    3    3    1    1    1    1    1    1    1    1  1.85053E+17 0.00653 
];


DET1002E = [
 1.00000E-09  6.25000E-07  3.13000E-07
 6.25000E-07  1.00000E-01  5.00003E-02
 1.00000E-01  2.00000E+01  1.00500E+01
];
