
DET1001 = [
    1    1    1    1    1    1    1    1    1    1  5.22115E+18 0.00449 
    2    2    1    1    1    1    1    1    1    1  2.05237E+18 0.00551 
    3    3    1    1    1    1    1    1    1    1  2.09597E+17 0.01122 
];


DET1001E = [
 1.00000E-09  6.25000E-07  3.13000E-07
 6.25000E-07  1.00000E-01  5.00003E-02
 1.00000E-01  2.00000E+01  1.00500E+01
];

DET1002 = [
    1    1    1    1    1    1    1    1    1    1  1.54502E+17 0.00809 
    2    2    1    1    1    1    1    1    1    1  4.00429E+17 0.00489 
    3    3    1    1    1    1    1    1    1    1  1.89234E+17 0.00660 
];


DET1002E = [
 1.00000E-09  6.25000E-07  3.13000E-07
 6.25000E-07  1.00000E-01  5.00003E-02
 1.00000E-01  2.00000E+01  1.00500E+01
];
