
DET1001 = [
    1    1    1    1    1    1    1    1    1    1  5.50128E+18 0.00457 
    2    2    1    1    1    1    1    1    1    1  1.95167E+18 0.00605 
    3    3    1    1    1    1    1    1    1    1  1.98957E+17 0.01203 
];


DET1001E = [
 1.00000E-09  6.25000E-07  3.13000E-07
 6.25000E-07  1.00000E-01  5.00003E-02
 1.00000E-01  2.00000E+01  1.00500E+01
];

DET1002 = [
    1    1    1    1    1    1    1    1    1    1  1.92839E+17 0.00677 
    2    2    1    1    1    1    1    1    1    1  4.09129E+17 0.00471 
    3    3    1    1    1    1    1    1    1    1  1.92404E+17 0.00643 
];


DET1002E = [
 1.00000E-09  6.25000E-07  3.13000E-07
 6.25000E-07  1.00000E-01  5.00003E-02
 1.00000E-01  2.00000E+01  1.00500E+01
];
