
DET1001 = [
    1    1    1    1    1    1    1    1    1    1  5.23384E+18 0.00444 
    2    2    1    1    1    1    1    1    1    1  1.85886E+18 0.00597 
    3    3    1    1    1    1    1    1    1    1  1.88970E+17 0.01128 
];


DET1001E = [
 1.00000E-09  6.25000E-07  3.13000E-07
 6.25000E-07  1.00000E-01  5.00003E-02
 1.00000E-01  2.00000E+01  1.00500E+01
];

DET1002 = [
    1    1    1    1    1    1    1    1    1    1  1.91075E+17 0.00666 
    2    2    1    1    1    1    1    1    1    1  3.82603E+17 0.00486 
    3    3    1    1    1    1    1    1    1    1  1.80298E+17 0.00670 
];


DET1002E = [
 1.00000E-09  6.25000E-07  3.13000E-07
 6.25000E-07  1.00000E-01  5.00003E-02
 1.00000E-01  2.00000E+01  1.00500E+01
];
