
DET1001 = [
    1    1    1    1    1    1    1    1    1    1  5.33751E+18 0.00453 
    2    2    1    1    1    1    1    1    1    1  1.87852E+18 0.00579 
    3    3    1    1    1    1    1    1    1    1  1.97862E+17 0.01131 
];


DET1001E = [
 1.00000E-09  6.25000E-07  3.13000E-07
 6.25000E-07  1.00000E-01  5.00003E-02
 1.00000E-01  2.00000E+01  1.00500E+01
];

DET1002 = [
    1    1    1    1    1    1    1    1    1    1  1.93472E+17 0.00672 
    2    2    1    1    1    1    1    1    1    1  3.93327E+17 0.00491 
    3    3    1    1    1    1    1    1    1    1  1.82082E+17 0.00595 
];


DET1002E = [
 1.00000E-09  6.25000E-07  3.13000E-07
 6.25000E-07  1.00000E-01  5.00003E-02
 1.00000E-01  2.00000E+01  1.00500E+01
];
