
DET1001 = [
    1    1    1    1    1    1    1    1    1    1  4.58141E+18 0.00460 
    2    2    1    1    1    1    1    1    1    1  1.88866E+18 0.00588 
    3    3    1    1    1    1    1    1    1    1  1.97807E+17 0.01119 
];


DET1001E = [
 1.00000E-09  6.25000E-07  3.13000E-07
 6.25000E-07  1.00000E-01  5.00003E-02
 1.00000E-01  2.00000E+01  1.00500E+01
];

DET1002 = [
    1    1    1    1    1    1    1    1    1    1  1.15912E+17 0.00846 
    2    2    1    1    1    1    1    1    1    1  3.68278E+17 0.00510 
    3    3    1    1    1    1    1    1    1    1  1.84120E+17 0.00643 
];


DET1002E = [
 1.00000E-09  6.25000E-07  3.13000E-07
 6.25000E-07  1.00000E-01  5.00003E-02
 1.00000E-01  2.00000E+01  1.00500E+01
];
