
DET1001 = [
    1    1    1    1    1    1    1    1    1    1  4.42203E+18 0.00448 
    2    2    1    1    1    1    1    1    1    1  1.79167E+18 0.00565 
    3    3    1    1    1    1    1    1    1    1  1.86523E+17 0.01144 
];


DET1001E = [
 1.00000E-09  6.25000E-07  3.13000E-07
 6.25000E-07  1.00000E-01  5.00003E-02
 1.00000E-01  2.00000E+01  1.00500E+01
];

DET1002 = [
    1    1    1    1    1    1    1    1    1    1  1.15336E+17 0.00832 
    2    2    1    1    1    1    1    1    1    1  3.45156E+17 0.00507 
    3    3    1    1    1    1    1    1    1    1  1.70879E+17 0.00623 
];


DET1002E = [
 1.00000E-09  6.25000E-07  3.13000E-07
 6.25000E-07  1.00000E-01  5.00003E-02
 1.00000E-01  2.00000E+01  1.00500E+01
];
