
DET1001 = [
    1    1    1    1    1    1    1    1    1    1  4.49876E+18 0.00473 
    2    2    1    1    1    1    1    1    1    1  1.84226E+18 0.00594 
    3    3    1    1    1    1    1    1    1    1  1.89632E+17 0.01144 
];


DET1001E = [
 1.00000E-09  6.25000E-07  3.13000E-07
 6.25000E-07  1.00000E-01  5.00003E-02
 1.00000E-01  2.00000E+01  1.00500E+01
];

DET1002 = [
    1    1    1    1    1    1    1    1    1    1  1.18128E+17 0.00816 
    2    2    1    1    1    1    1    1    1    1  3.56774E+17 0.00495 
    3    3    1    1    1    1    1    1    1    1  1.78738E+17 0.00682 
];


DET1002E = [
 1.00000E-09  6.25000E-07  3.13000E-07
 6.25000E-07  1.00000E-01  5.00003E-02
 1.00000E-01  2.00000E+01  1.00500E+01
];
