
DET1001 = [
    1    1    1    1    1    1    1    1    1    1  4.64647E+18 0.00438 
    2    2    1    1    1    1    1    1    1    1  1.91762E+18 0.00588 
    3    3    1    1    1    1    1    1    1    1  2.01726E+17 0.01249 
];


DET1001E = [
 1.00000E-09  6.25000E-07  3.13000E-07
 6.25000E-07  1.00000E-01  5.00003E-02
 1.00000E-01  2.00000E+01  1.00500E+01
];

DET1002 = [
    1    1    1    1    1    1    1    1    1    1  1.13243E+17 0.00859 
    2    2    1    1    1    1    1    1    1    1  3.78899E+17 0.00529 
    3    3    1    1    1    1    1    1    1    1  1.89404E+17 0.00593 
];


DET1002E = [
 1.00000E-09  6.25000E-07  3.13000E-07
 6.25000E-07  1.00000E-01  5.00003E-02
 1.00000E-01  2.00000E+01  1.00500E+01
];
