
DET1001 = [
    1    1    1    1    1    1    1    1    1    1  5.05684E+18 0.00457 
    2    2    1    1    1    1    1    1    1    1  1.78096E+18 0.00573 
    3    3    1    1    1    1    1    1    1    1  1.60809E+17 0.01229 
];


DET1001E = [
 1.00000E-09  6.25000E-07  3.13000E-07
 6.25000E-07  1.00000E-01  5.00003E-02
 1.00000E-01  2.00000E+01  1.00500E+01
];

DET1002 = [
    1    1    1    1    1    1    1    1    1    1  2.11135E+17 0.00643 
    2    2    1    1    1    1    1    1    1    1  3.96925E+17 0.00468 
    3    3    1    1    1    1    1    1    1    1  1.82250E+17 0.00622 
];


DET1002E = [
 1.00000E-09  6.25000E-07  3.13000E-07
 6.25000E-07  1.00000E-01  5.00003E-02
 1.00000E-01  2.00000E+01  1.00500E+01
];
