
ZAI = [
10030
541350
922350
922380
942380
942390
942400
942410
942420
952410
952440
952450
666
0
];

NAMES = [
'H3              '
'Xe135           '
'U235            '
'U238            '
'Pu238           '
'Pu239           '
'Pu240           '
'Pu241           '
'Pu242           '
'Am241           '
'Am244           '
'Am245           '
'lost            '
'total           '
];

i10030  = 1; iH3               = 1;
i541350 = 2; iXe135            = 2;
i922350 = 3; iU235             = 3;
i922380 = 4; iU238             = 4;
i942380 = 5; iPu238            = 5;
i942390 = 6; iPu239            = 6;
i942400 = 7; iPu240            = 7;
i942410 = 8; iPu241            = 8;
i942420 = 9; iPu242            = 9;
i952410 = 10; iAm241            = 10;
i952440 = 11; iAm244            = 11;
i952450 = 12; iAm245            = 12;
iLOST    = 13;
iTOT     = 14;

MAT_uco_VOLUME = [ 2.05629E+04 2.05629E+04 2.05629E+04 2.05629E+04 ];

MAT_uco_BURNUP = [ 0.00000E+00 4.93387E-01 8.78238E+00 1.80582E+01 ];

MAT_uco_ADENS = [
0.00000E+00 1.01152E-13 1.49098E-12 2.49917E-12 % H3
0.00000E+00 3.78710E-08 3.79843E-08 3.74995E-08 % Xe135
3.74777E-03 3.73192E-03 3.47396E-03 3.20187E-03 % U235
2.12374E-02 2.12337E-02 2.11704E-02 2.10970E-02 % U238
0.00000E+00 1.53596E-13 4.03418E-09 3.94916E-08 % Pu238
0.00000E+00 1.69256E-06 5.18824E-05 9.05911E-05 % Pu239
0.00000E+00 7.27117E-09 4.03949E-06 1.37840E-05 % Pu240
0.00000E+00 3.97932E-11 4.46325E-07 3.09749E-06 % Pu241
0.00000E+00 4.53703E-14 1.03930E-08 1.57637E-07 % Pu242
0.00000E+00 5.83682E-15 1.27605E-09 1.82866E-08 % Am241
0.00000E+00 2.07115E-22 2.13954E-15 7.68480E-14 % Am244
0.00000E+00 5.68667E-26 5.31358E-19 1.93203E-17 % Am245
0.00000E+00 1.04233E-07 1.86871E-06 3.86024E-06 % lost data
7.04339E-02 7.04466E-02 7.06599E-02 7.08979E-02 % total
];

MAT_uco_MDENS = [
0.00000E+00 5.06514E-13 7.46599E-12 1.25144E-11 % H3
0.00000E+00 8.48394E-06 8.50932E-06 8.40070E-06 % Xe135
1.46278E+00 1.45659E+00 1.35591E+00 1.24971E+00 % U235
8.39511E+00 8.39367E+00 8.36865E+00 8.33963E+00 % U238
0.00000E+00 6.07161E-11 1.59470E-06 1.56109E-05 % Pu238
0.00000E+00 6.71884E-04 2.05953E-02 3.59612E-02 % Pu239
0.00000E+00 2.89848E-06 1.61024E-03 5.49468E-03 % Pu240
0.00000E+00 1.59283E-08 1.78654E-04 1.23985E-03 % Pu241
0.00000E+00 1.82368E-11 4.17751E-06 6.33628E-05 % Pu242
0.00000E+00 2.33642E-12 5.10790E-07 7.31994E-06 % Am241
0.00000E+00 8.39406E-20 8.67125E-13 3.11454E-11 % Am244
0.00000E+00 2.31418E-23 2.16235E-16 7.86236E-15 % Am245
0.00000E+00 0.00000E+00 0.00000E+00 0.00000E+00 % lost data
1.10000E+01 1.09999E+01 1.09987E+01 1.09974E+01 % total
];

MAT_uco_A = [
0.00000E+00 3.70827E+06 5.46597E+07 9.16201E+07 % H3
0.00000E+00 1.64047E+16 1.64538E+16 1.62438E+16 % Xe135
2.40440E+09 2.39424E+09 2.22874E+09 2.05418E+09 % U235
2.14682E+09 2.14645E+09 2.14005E+09 2.13263E+09 % U238
0.00000E+00 7.91020E+05 2.07760E+10 2.03382E+11 % Pu238
0.00000E+00 3.17070E+10 9.71918E+11 1.69705E+12 % Pu239
0.00000E+00 5.00543E+08 2.78076E+11 9.48885E+11 % Pu240
0.00000E+00 1.25772E+09 1.41067E+13 9.79001E+13 % Pu241
0.00000E+00 5.46450E+01 1.25176E+07 1.89861E+08 % Pu242
0.00000E+00 6.09392E+03 1.33225E+09 1.90920E+10 % Am241
0.00000E+00 8.11890E+01 8.38701E+08 3.01244E+10 % Am244
0.00000E+00 1.09828E-01 1.02622E+06 3.73136E+07 % Am245
0.00000E+00 0.00000E+00 0.00000E+00 0.00000E+00 % lost data
4.55122E+09 3.33000E+18 3.68228E+18 3.72028E+18 % total
];

MAT_uco_H = [
0.00000E+00 3.38060E-09 4.98299E-08 8.35244E-08 % H3
0.00000E+00 1.47891E+03 1.48334E+03 1.46440E+03 % Xe135
1.77692E-03 1.76940E-03 1.64710E-03 1.51809E-03 % U235
1.47051E-03 1.47026E-03 1.46588E-03 1.46080E-03 % U238
0.00000E+00 7.08269E-07 1.86025E-02 1.82105E-01 % Pu238
0.00000E+00 2.66258E-02 8.16163E-01 1.42509E+00 % Pu239
0.00000E+00 4.21112E-04 2.33948E-01 7.98307E-01 % Pu240
0.00000E+00 1.07910E-06 1.21033E-02 8.39967E-02 % Pu241
0.00000E+00 4.36182E-11 9.99165E-06 1.51549E-04 % Pu242
0.00000E+00 5.46369E-09 1.19447E-03 1.71176E-02 % Am241
0.00000E+00 1.44222E-11 1.48985E-04 5.35122E-03 % Am244
0.00000E+00 5.54117E-15 5.17762E-08 1.88259E-06 % Am245
0.00000E+00 0.00000E+00 0.00000E+00 0.00000E+00 % lost data
3.24743E-03 1.19852E+06 1.22303E+06 1.20907E+06 % total
];

MAT_uco_SF = [
0.00000E+00 0.00000E+00 0.00000E+00 0.00000E+00 % H3
0.00000E+00 0.00000E+00 0.00000E+00 0.00000E+00 % Xe135
1.73117E-01 1.72385E-01 1.60469E-01 1.47901E-01 % U235
1.17216E+05 1.17196E+05 1.16847E+05 1.16442E+05 % U238
0.00000E+00 1.47130E-03 3.86433E+01 3.78290E+02 % Pu238
0.00000E+00 9.82916E-02 3.01295E+00 5.26086E+00 % Pu239
0.00000E+00 2.85309E+01 1.58503E+04 5.40865E+04 % Pu240
0.00000E+00 0.00000E+00 0.00000E+00 0.00000E+00 % Pu241
0.00000E+00 3.00548E-04 6.88466E+01 1.04424E+03 % Pu242
0.00000E+00 2.62038E-08 5.72869E-03 8.20958E-02 % Am241
0.00000E+00 0.00000E+00 0.00000E+00 0.00000E+00 % Am244
0.00000E+00 0.00000E+00 0.00000E+00 0.00000E+00 % Am245
0.00000E+00 0.00000E+00 0.00000E+00 0.00000E+00 % lost data
1.17216E+05 1.17225E+05 1.35891E+05 2.66551E+05 % total
];

MAT_uco_ING_TOX = [
0.00000E+00 1.55747E-04 2.29571E-03 3.84804E-03 % H3
0.00000E+00 3.44499E+09 3.45530E+09 3.41119E+09 % Xe135
1.13007E+02 1.12529E+02 1.04751E+02 9.65464E+01 % U235
9.66067E+01 9.65901E+01 9.63023E+01 9.59683E+01 % U238
0.00000E+00 1.81935E-01 4.77848E+03 4.67778E+04 % Pu238
0.00000E+00 7.92674E+03 2.42979E+05 4.24263E+05 % Pu239
0.00000E+00 1.25136E+02 6.95190E+04 2.37221E+05 % Pu240
0.00000E+00 6.03705E+00 6.77121E+04 4.69921E+05 % Pu241
0.00000E+00 1.31148E-05 3.00422E+00 4.55667E+01 % Pu242
0.00000E+00 1.21878E-03 2.66451E+02 3.81841E+03 % Am241
0.00000E+00 3.73469E-08 3.85802E-01 1.38572E+01 % Am244
0.00000E+00 6.80931E-12 6.36257E-05 2.31344E-03 % Am245
0.00000E+00 0.00000E+00 0.00000E+00 0.00000E+00 % lost data
2.09614E+02 4.45597E+10 5.99503E+10 5.96046E+10 % total
];

MAT_uco_INH_TOX = [
0.00000E+00 9.64150E-04 1.42115E-02 2.38212E-02 % H3
0.00000E+00 1.80452E+09 1.80992E+09 1.78681E+09 % Xe135
2.04374E+04 2.03510E+04 1.89443E+04 1.74605E+04 % U235
1.71745E+04 1.71716E+04 1.71204E+04 1.70610E+04 % U238
0.00000E+00 8.70122E+01 2.28536E+06 2.23720E+07 % Pu238
0.00000E+00 3.80484E+06 1.16630E+08 2.03646E+08 % Pu239
0.00000E+00 6.00651E+04 3.33691E+07 1.13866E+08 % Pu240
0.00000E+00 2.89275E+03 3.24454E+07 2.25170E+08 % Pu241
0.00000E+00 6.01095E-03 1.37693E+03 2.08848E+04 % Pu242
0.00000E+00 5.85016E-01 1.27896E+05 1.83284E+06 % Am241
0.00000E+00 3.00399E-07 3.10319E+00 1.11460E+02 % Am244
0.00000E+00 6.15035E-12 5.74684E-05 2.08956E-03 % Am245
0.00000E+00 0.00000E+00 0.00000E+00 0.00000E+00 % lost data
3.76119E+04 4.37511E+10 5.86675E+10 6.03558E+10 % total
];

TOT_VOLUME = [ 2.05629E+04 2.05629E+04 2.05629E+04 2.05629E+04 ];

TOT_BURNUP = [ 0.00000E+00 4.93387E-01 8.78238E+00 1.80582E+01 ];

TOT_ADENS = [
0.00000E+00 1.01152E-13 1.49098E-12 2.49917E-12 % H3
0.00000E+00 3.78710E-08 3.79843E-08 3.74995E-08 % Xe135
3.74777E-03 3.73192E-03 3.47396E-03 3.20187E-03 % U235
2.12374E-02 2.12337E-02 2.11704E-02 2.10970E-02 % U238
0.00000E+00 1.53596E-13 4.03418E-09 3.94916E-08 % Pu238
0.00000E+00 1.69256E-06 5.18824E-05 9.05911E-05 % Pu239
0.00000E+00 7.27117E-09 4.03949E-06 1.37840E-05 % Pu240
0.00000E+00 3.97932E-11 4.46325E-07 3.09749E-06 % Pu241
0.00000E+00 4.53703E-14 1.03930E-08 1.57637E-07 % Pu242
0.00000E+00 5.83682E-15 1.27605E-09 1.82866E-08 % Am241
0.00000E+00 2.07115E-22 2.13954E-15 7.68480E-14 % Am244
0.00000E+00 5.68667E-26 5.31358E-19 1.93203E-17 % Am245
0.00000E+00 1.04233E-07 1.86871E-06 3.86024E-06 % lost data
7.04339E-02 7.04466E-02 7.06599E-02 7.08979E-02 % total
];

