
DET1001 = [
    1    1    1    1    1    1    1    1    1    1  5.41145E+18 0.00452 
    2    2    1    1    1    1    1    1    1    1  1.90272E+18 0.00603 
    3    3    1    1    1    1    1    1    1    1  1.73208E+17 0.01172 
];


DET1001E = [
 1.00000E-09  6.25000E-07  3.13000E-07
 6.25000E-07  1.00000E-01  5.00003E-02
 1.00000E-01  2.00000E+01  1.00500E+01
];

DET1002 = [
    1    1    1    1    1    1    1    1    1    1  2.15915E+17 0.00669 
    2    2    1    1    1    1    1    1    1    1  4.42602E+17 0.00504 
    3    3    1    1    1    1    1    1    1    1  1.99605E+17 0.00668 
];


DET1002E = [
 1.00000E-09  6.25000E-07  3.13000E-07
 6.25000E-07  1.00000E-01  5.00003E-02
 1.00000E-01  2.00000E+01  1.00500E+01
];
