
DET1001 = [
    1    1    1    1    1    1    1    1    1    1  5.17158E+18 0.00456 
    2    2    1    1    1    1    1    1    1    1  1.82297E+18 0.00557 
    3    3    1    1    1    1    1    1    1    1  1.67789E+17 0.01132 
];


DET1001E = [
 1.00000E-09  6.25000E-07  3.13000E-07
 6.25000E-07  1.00000E-01  5.00003E-02
 1.00000E-01  2.00000E+01  1.00500E+01
];

DET1002 = [
    1    1    1    1    1    1    1    1    1    1  2.09478E+17 0.00647 
    2    2    1    1    1    1    1    1    1    1  4.06226E+17 0.00474 
    3    3    1    1    1    1    1    1    1    1  1.84886E+17 0.00661 
];


DET1002E = [
 1.00000E-09  6.25000E-07  3.13000E-07
 6.25000E-07  1.00000E-01  5.00003E-02
 1.00000E-01  2.00000E+01  1.00500E+01
];
