
DET1001 = [
    1    1    1    1    1    1    1    1    1    1  5.24650E+18 0.00465 
    2    2    1    1    1    1    1    1    1    1  1.86329E+18 0.00595 
    3    3    1    1    1    1    1    1    1    1  1.65047E+17 0.01132 
];


DET1001E = [
 1.00000E-09  6.25000E-07  3.13000E-07
 6.25000E-07  1.00000E-01  5.00003E-02
 1.00000E-01  2.00000E+01  1.00500E+01
];

DET1002 = [
    1    1    1    1    1    1    1    1    1    1  2.12288E+17 0.00632 
    2    2    1    1    1    1    1    1    1    1  4.23010E+17 0.00477 
    3    3    1    1    1    1    1    1    1    1  1.93337E+17 0.00657 
];


DET1002E = [
 1.00000E-09  6.25000E-07  3.13000E-07
 6.25000E-07  1.00000E-01  5.00003E-02
 1.00000E-01  2.00000E+01  1.00500E+01
];
