
ZAI = [
10030
541350
922350
922380
942380
942390
942400
942410
942420
952410
952440
952450
666
0
];

NAMES = [
'H3              '
'Xe135           '
'U235            '
'U238            '
'Pu238           '
'Pu239           '
'Pu240           '
'Pu241           '
'Pu242           '
'Am241           '
'Am244           '
'Am245           '
'lost            '
'total           '
];

i10030  = 1; iH3               = 1;
i541350 = 2; iXe135            = 2;
i922350 = 3; iU235             = 3;
i922380 = 4; iU238             = 4;
i942380 = 5; iPu238            = 5;
i942390 = 6; iPu239            = 6;
i942400 = 7; iPu240            = 7;
i942410 = 8; iPu241            = 8;
i942420 = 9; iPu242            = 9;
i952410 = 10; iAm241            = 10;
i952440 = 11; iAm244            = 11;
i952450 = 12; iAm245            = 12;
iLOST    = 13;
iTOT     = 14;

MAT_uco_VOLUME = [ 2.71122E+04 2.71122E+04 2.71122E+04 2.71122E+04 ];

MAT_uco_BURNUP = [ 0.00000E+00 3.74211E-01 6.66099E+00 1.36963E+01 ];

MAT_uco_ADENS = [
0.00000E+00 1.12684E-13 1.70294E-12 3.00440E-12 % H3
0.00000E+00 3.51056E-08 3.54670E-08 3.53750E-08 % Xe135
3.74777E-03 3.73562E-03 3.53689E-03 3.32555E-03 % U235
2.12374E-02 2.12343E-02 2.11812E-02 2.11201E-02 % U238
0.00000E+00 1.37763E-13 2.95297E-09 2.79383E-08 % Pu238
0.00000E+00 1.41967E-06 4.55492E-05 8.32480E-05 % Pu239
0.00000E+00 4.78621E-09 2.63479E-06 9.25386E-06 % Pu240
0.00000E+00 2.51682E-11 2.80864E-07 2.01291E-06 % Pu241
0.00000E+00 2.16788E-14 4.83722E-09 7.43491E-08 % Pu242
0.00000E+00 3.72807E-15 8.05608E-10 1.20203E-08 % Am241
0.00000E+00 9.68367E-23 9.74160E-16 3.37455E-14 % Am244
0.00000E+00 2.03512E-26 1.85836E-19 6.43886E-18 % Am245
0.00000E+00 7.90799E-08 1.41593E-06 2.92385E-06 % lost data
7.04339E-02 7.04436E-02 7.06052E-02 7.07859E-02 % total
];

MAT_uco_MDENS = [
0.00000E+00 5.64256E-13 8.52736E-12 1.50443E-11 % H3
0.00000E+00 7.86442E-06 7.94539E-06 7.92477E-06 % Xe135
1.46278E+00 1.45804E+00 1.38047E+00 1.29798E+00 % U235
8.39511E+00 8.39390E+00 8.37292E+00 8.34876E+00 % U238
0.00000E+00 5.44573E-11 1.16730E-06 1.10439E-05 % Pu238
0.00000E+00 5.63557E-04 1.80813E-02 3.30463E-02 % Pu239
0.00000E+00 1.90791E-06 1.05029E-03 3.68883E-03 % Pu240
0.00000E+00 1.00743E-08 1.12423E-04 8.05721E-04 % Pu241
0.00000E+00 8.71389E-12 1.94434E-06 2.98849E-05 % Pu242
0.00000E+00 1.49231E-12 3.22478E-07 4.81161E-06 % Am241
0.00000E+00 3.92465E-20 3.94813E-13 1.36766E-11 % Am244
0.00000E+00 8.28190E-24 7.56260E-17 2.62029E-15 % Am245
0.00000E+00 0.00000E+00 0.00000E+00 0.00000E+00 % lost data
1.10000E+01 1.09999E+01 1.09990E+01 1.09980E+01 % total
];

MAT_uco_A = [
0.00000E+00 5.44673E+06 8.23141E+07 1.45222E+08 % H3
0.00000E+00 2.00502E+16 2.02566E+16 2.02040E+16 % Xe135
3.17020E+09 3.15993E+09 2.99183E+09 2.81305E+09 % U235
2.83058E+09 2.83017E+09 2.82309E+09 2.81495E+09 % U238
0.00000E+00 9.35447E+05 2.00515E+10 1.89708E+11 % Pu238
0.00000E+00 3.50653E+10 1.12504E+12 2.05619E+12 % Pu239
0.00000E+00 4.34419E+08 2.39146E+11 8.39923E+11 % Pu240
0.00000E+00 1.04883E+09 1.17044E+13 8.38837E+13 % Pu241
0.00000E+00 3.44266E+01 7.68165E+06 1.18069E+08 % Pu242
0.00000E+00 5.13197E+03 1.10898E+09 1.65468E+10 % Am241
0.00000E+00 5.00502E+01 5.03496E+08 1.74414E+10 % Am244
0.00000E+00 5.18231E-02 4.73222E+05 1.63962E+07 % Am245
0.00000E+00 0.00000E+00 0.00000E+00 0.00000E+00 % lost data
6.00078E+09 3.36716E+18 3.73906E+18 3.78729E+18 % total
];

MAT_uco_H = [
0.00000E+00 4.96545E-09 7.50407E-08 1.32390E-07 % H3
0.00000E+00 1.80755E+03 1.82616E+03 1.82143E+03 % Xe135
2.34286E-03 2.33527E-03 2.21104E-03 2.07892E-03 % U235
1.93887E-03 1.93859E-03 1.93375E-03 1.92817E-03 % U238
0.00000E+00 8.37587E-07 1.79538E-02 1.69862E-01 % Pu238
0.00000E+00 2.94459E-02 9.44750E-01 1.72667E+00 % Pu239
0.00000E+00 3.65481E-04 2.01196E-01 7.06636E-01 % Pu240
0.00000E+00 8.99881E-07 1.00422E-02 7.19708E-02 % Pu241
0.00000E+00 2.74797E-11 6.13158E-06 9.42436E-05 % Pu242
0.00000E+00 4.60123E-09 9.94292E-04 1.48356E-02 % Am241
0.00000E+00 8.89080E-12 8.94398E-05 3.09825E-03 % Am244
0.00000E+00 2.61465E-15 2.38756E-08 8.27242E-07 % Am245
0.00000E+00 0.00000E+00 0.00000E+00 0.00000E+00 % lost data
4.28173E-03 1.20205E+06 1.23355E+06 1.22434E+06 % total
];

MAT_uco_SF = [
0.00000E+00 0.00000E+00 0.00000E+00 0.00000E+00 % H3
0.00000E+00 0.00000E+00 0.00000E+00 0.00000E+00 % Xe135
2.28254E-01 2.27515E-01 2.15411E-01 2.02540E-01 % U235
1.54549E+05 1.54527E+05 1.54141E+05 1.53696E+05 % U238
0.00000E+00 1.73993E-03 3.72957E+01 3.52858E+02 % Pu238
0.00000E+00 1.08703E-01 3.48764E+00 6.37418E+00 % Pu239
0.00000E+00 2.47619E+01 1.36313E+04 4.78756E+04 % Pu240
0.00000E+00 0.00000E+00 0.00000E+00 0.00000E+00 % Pu241
0.00000E+00 1.89346E-04 4.22491E+01 6.49377E+02 % Pu242
0.00000E+00 2.20675E-08 4.76862E-03 7.11514E-02 % Am241
0.00000E+00 0.00000E+00 0.00000E+00 0.00000E+00 % Am244
0.00000E+00 0.00000E+00 0.00000E+00 0.00000E+00 % Am245
0.00000E+00 0.00000E+00 0.00000E+00 0.00000E+00 % lost data
1.54550E+05 1.54552E+05 1.69866E+05 2.65425E+05 % total
];

MAT_uco_ING_TOX = [
0.00000E+00 2.28763E-04 3.45719E-03 6.09933E-03 % H3
0.00000E+00 4.21053E+09 4.25388E+09 4.24284E+09 % Xe135
1.48999E+02 1.48517E+02 1.40616E+02 1.32213E+02 % U235
1.27376E+02 1.27357E+02 1.27039E+02 1.26673E+02 % U238
0.00000E+00 2.15153E-01 4.61184E+03 4.36329E+04 % Pu238
0.00000E+00 8.76633E+03 2.81261E+05 5.14047E+05 % Pu239
0.00000E+00 1.08605E+02 5.97864E+04 2.09981E+05 % Pu240
0.00000E+00 5.03440E+00 5.61812E+04 4.02642E+05 % Pu241
0.00000E+00 8.26238E-06 1.84360E+00 2.83365E+01 % Pu242
0.00000E+00 1.02639E-03 2.21796E+02 3.30937E+03 % Am241
0.00000E+00 2.30231E-08 2.31608E-01 8.02306E+00 % Am244
0.00000E+00 3.21304E-12 2.93397E-05 1.01656E-03 % Am245
0.00000E+00 0.00000E+00 0.00000E+00 0.00000E+00 % lost data
2.76375E+02 4.53711E+10 6.10086E+10 6.08754E+10 % total
];

MAT_uco_INH_TOX = [
0.00000E+00 1.41615E-03 2.14017E-02 3.77577E-02 % H3
0.00000E+00 2.20552E+09 2.22822E+09 2.22244E+09 % Xe135
2.69467E+04 2.68594E+04 2.54305E+04 2.39109E+04 % U235
2.26446E+04 2.26413E+04 2.25847E+04 2.25196E+04 % U238
0.00000E+00 1.02899E+02 2.20566E+06 2.08679E+07 % Pu238
0.00000E+00 4.20784E+06 1.35005E+08 2.46743E+08 % Pu239
0.00000E+00 5.21303E+04 2.86975E+07 1.00791E+08 % Pu240
0.00000E+00 2.41232E+03 2.69201E+07 1.92933E+08 % Pu241
0.00000E+00 3.78692E-03 8.44982E+02 1.29875E+04 % Pu242
0.00000E+00 4.92669E-01 1.06462E+05 1.58850E+06 % Am241
0.00000E+00 1.85186E-07 1.86294E+00 6.45333E+01 % Am244
0.00000E+00 2.90210E-12 2.65004E-05 9.18187E-04 % Am245
0.00000E+00 0.00000E+00 0.00000E+00 0.00000E+00 % lost data
4.95913E+04 4.42188E+10 5.93362E+10 6.11904E+10 % total
];

TOT_VOLUME = [ 2.71122E+04 2.71122E+04 2.71122E+04 2.71122E+04 ];

TOT_BURNUP = [ 0.00000E+00 3.74211E-01 6.66099E+00 1.36963E+01 ];

TOT_ADENS = [
0.00000E+00 1.12684E-13 1.70294E-12 3.00440E-12 % H3
0.00000E+00 3.51056E-08 3.54670E-08 3.53750E-08 % Xe135
3.74777E-03 3.73562E-03 3.53689E-03 3.32555E-03 % U235
2.12374E-02 2.12343E-02 2.11812E-02 2.11201E-02 % U238
0.00000E+00 1.37763E-13 2.95297E-09 2.79383E-08 % Pu238
0.00000E+00 1.41967E-06 4.55492E-05 8.32480E-05 % Pu239
0.00000E+00 4.78621E-09 2.63479E-06 9.25386E-06 % Pu240
0.00000E+00 2.51682E-11 2.80864E-07 2.01291E-06 % Pu241
0.00000E+00 2.16788E-14 4.83722E-09 7.43491E-08 % Pu242
0.00000E+00 3.72807E-15 8.05608E-10 1.20203E-08 % Am241
0.00000E+00 9.68367E-23 9.74160E-16 3.37455E-14 % Am244
0.00000E+00 2.03512E-26 1.85836E-19 6.43886E-18 % Am245
0.00000E+00 7.90799E-08 1.41593E-06 2.92385E-06 % lost data
7.04339E-02 7.04436E-02 7.06052E-02 7.07859E-02 % total
];

