
DET1001 = [
    1    1    1    1    1    1    1    1    1    1  4.31986E+18 0.00494 
    2    2    1    1    1    1    1    1    1    1  1.77983E+18 0.00614 
    3    3    1    1    1    1    1    1    1    1  1.65468E+17 0.01221 
];


DET1001E = [
 1.00000E-09  6.25000E-07  3.13000E-07
 6.25000E-07  1.00000E-01  5.00003E-02
 1.00000E-01  2.00000E+01  1.00500E+01
];

DET1002 = [
    1    1    1    1    1    1    1    1    1    1  1.23029E+17 0.00860 
    2    2    1    1    1    1    1    1    1    1  3.86633E+17 0.00500 
    3    3    1    1    1    1    1    1    1    1  1.85615E+17 0.00634 
];


DET1002E = [
 1.00000E-09  6.25000E-07  3.13000E-07
 6.25000E-07  1.00000E-01  5.00003E-02
 1.00000E-01  2.00000E+01  1.00500E+01
];
