
DET1001 = [
    1    1    1    1    1    1    1    1    1    1  4.16164E+18 0.00503 
    2    2    1    1    1    1    1    1    1    1  1.68781E+18 0.00603 
    3    3    1    1    1    1    1    1    1    1  1.60299E+17 0.01249 
];


DET1001E = [
 1.00000E-09  6.25000E-07  3.13000E-07
 6.25000E-07  1.00000E-01  5.00003E-02
 1.00000E-01  2.00000E+01  1.00500E+01
];

DET1002 = [
    1    1    1    1    1    1    1    1    1    1  1.22244E+17 0.00787 
    2    2    1    1    1    1    1    1    1    1  3.60664E+17 0.00504 
    3    3    1    1    1    1    1    1    1    1  1.71562E+17 0.00662 
];


DET1002E = [
 1.00000E-09  6.25000E-07  3.13000E-07
 6.25000E-07  1.00000E-01  5.00003E-02
 1.00000E-01  2.00000E+01  1.00500E+01
];
