
DET1001 = [
    1    1    1    1    1    1    1    1    1    1  4.09898E+18 0.00466 
    2    2    1    1    1    1    1    1    1    1  1.65397E+18 0.00620 
    3    3    1    1    1    1    1    1    1    1  1.53577E+17 0.01185 
];


DET1001E = [
 1.00000E-09  6.25000E-07  3.13000E-07
 6.25000E-07  1.00000E-01  5.00003E-02
 1.00000E-01  2.00000E+01  1.00500E+01
];

DET1002 = [
    1    1    1    1    1    1    1    1    1    1  1.23089E+17 0.00843 
    2    2    1    1    1    1    1    1    1    1  3.49297E+17 0.00500 
    3    3    1    1    1    1    1    1    1    1  1.68350E+17 0.00657 
];


DET1002E = [
 1.00000E-09  6.25000E-07  3.13000E-07
 6.25000E-07  1.00000E-01  5.00003E-02
 1.00000E-01  2.00000E+01  1.00500E+01
];
