
DET1001 = [
    1    1    1    1    1    1    1    1    1    1  4.27920E+18 0.00452 
    2    2    1    1    1    1    1    1    1    1  1.74628E+18 0.00610 
    3    3    1    1    1    1    1    1    1    1  1.60986E+17 0.01175 
];


DET1001E = [
 1.00000E-09  6.25000E-07  3.13000E-07
 6.25000E-07  1.00000E-01  5.00003E-02
 1.00000E-01  2.00000E+01  1.00500E+01
];

DET1002 = [
    1    1    1    1    1    1    1    1    1    1  1.24481E+17 0.00837 
    2    2    1    1    1    1    1    1    1    1  3.71650E+17 0.00524 
    3    3    1    1    1    1    1    1    1    1  1.79598E+17 0.00669 
];


DET1002E = [
 1.00000E-09  6.25000E-07  3.13000E-07
 6.25000E-07  1.00000E-01  5.00003E-02
 1.00000E-01  2.00000E+01  1.00500E+01
];
