
ZAI = [
10030
541350
922350
922380
942380
942390
942400
942410
942420
952410
952440
952450
666
0
];

NAMES = [
'H3              '
'Xe135           '
'U235            '
'U238            '
'Pu238           '
'Pu239           '
'Pu240           '
'Pu241           '
'Pu242           '
'Am241           '
'Am244           '
'Am245           '
'lost            '
'total           '
];

i10030  = 1; iH3               = 1;
i541350 = 2; iXe135            = 2;
i922350 = 3; iU235             = 3;
i922380 = 4; iU238             = 4;
i942380 = 5; iPu238            = 5;
i942390 = 6; iPu239            = 6;
i942400 = 7; iPu240            = 7;
i942410 = 8; iPu241            = 8;
i942420 = 9; iPu242            = 9;
i952410 = 10; iAm241            = 10;
i952440 = 11; iAm244            = 11;
i952450 = 12; iAm245            = 12;
iLOST    = 13;
iTOT     = 14;

MAT_uco_VOLUME = [ 1.49548E+04 1.49548E+04 1.49548E+04 1.49548E+04 ];

MAT_uco_BURNUP = [ 0.00000E+00 6.78457E-01 1.20762E+01 2.48312E+01 ];

MAT_uco_ADENS = [
0.00000E+00 1.04544E-13 1.53865E-12 2.53765E-12 % H3
0.00000E+00 4.99524E-08 4.93892E-08 4.80279E-08 % Xe135
4.87458E-03 4.85281E-03 4.49648E-03 4.11687E-03 % U235
2.01233E-02 2.01194E-02 2.00522E-02 1.99743E-02 % U238
0.00000E+00 1.70702E-13 5.77566E-09 5.77738E-08 % Pu238
0.00000E+00 1.79454E-06 5.43917E-05 9.30794E-05 % Pu239
0.00000E+00 8.16560E-09 4.55736E-06 1.55110E-05 % Pu240
0.00000E+00 4.60511E-11 5.15709E-07 3.54984E-06 % Pu241
0.00000E+00 5.61762E-14 1.29834E-08 1.99357E-07 % Pu242
0.00000E+00 6.74375E-15 1.47258E-09 2.08253E-08 % Am241
0.00000E+00 2.74995E-22 2.95773E-15 1.04090E-13 % Am244
0.00000E+00 8.09232E-26 7.90814E-19 2.87082E-17 % Am245
0.00000E+00 1.43330E-07 2.56548E-06 5.29513E-06 % lost data
7.04699E-02 7.04873E-02 7.07803E-02 7.11075E-02 % total
];

MAT_uco_MDENS = [
0.00000E+00 5.23498E-13 7.70471E-12 1.27071E-11 % H3
0.00000E+00 1.11904E-05 1.10643E-05 1.07593E-05 % Xe135
1.90258E+00 1.89408E+00 1.75500E+00 1.60684E+00 % U235
7.95473E+00 7.95319E+00 7.92660E+00 7.89581E+00 % U238
0.00000E+00 6.74781E-11 2.28310E-06 2.28378E-05 % Pu238
0.00000E+00 7.12363E-04 2.15914E-02 3.69490E-02 % Pu239
0.00000E+00 3.25502E-06 1.81668E-03 6.18307E-03 % Pu240
0.00000E+00 1.84332E-08 2.06427E-04 1.42092E-03 % Pu241
0.00000E+00 2.25803E-11 5.21875E-06 8.01324E-05 % Pu242
0.00000E+00 2.69946E-12 5.89459E-07 8.33616E-06 % Am241
0.00000E+00 1.11451E-19 1.19873E-12 4.21862E-11 % Am244
0.00000E+00 3.29316E-23 3.21821E-16 1.16828E-14 % Am245
0.00000E+00 0.00000E+00 0.00000E+00 0.00000E+00 % lost data
1.10000E+01 1.09999E+01 1.09982E+01 1.09963E+01 % total
];

MAT_uco_A = [
0.00000E+00 2.78734E+06 4.10233E+07 6.76583E+07 % H3
0.00000E+00 1.57367E+16 1.55592E+16 1.51304E+16 % Xe135
2.27440E+09 2.26424E+09 2.09798E+09 1.92086E+09 % U235
1.47941E+09 1.47912E+09 1.47418E+09 1.46845E+09 % U238
0.00000E+00 6.39353E+05 2.16323E+10 2.16388E+11 % Pu238
0.00000E+00 2.44488E+10 7.41032E+11 1.26811E+12 % Pu239
0.00000E+00 4.08808E+08 2.28163E+11 7.76552E+11 % Pu240
0.00000E+00 1.05854E+09 1.18542E+13 8.15977E+13 % Pu241
0.00000E+00 4.92069E+01 1.13727E+07 1.74624E+08 % Pu242
0.00000E+00 5.12055E+03 1.11813E+09 1.58127E+10 % Am241
0.00000E+00 7.83980E+01 8.43218E+08 2.96749E+10 % Am244
0.00000E+00 1.13664E-01 1.11077E+06 4.03231E+07 % Am245
0.00000E+00 0.00000E+00 0.00000E+00 0.00000E+00 % lost data
3.75381E+09 3.25860E+18 3.57765E+18 3.61285E+18 % total
];

MAT_uco_H = [
0.00000E+00 2.54104E-09 3.73984E-08 6.16799E-08 % H3
0.00000E+00 1.41869E+03 1.40269E+03 1.36403E+03 % Xe135
1.68084E-03 1.67333E-03 1.55047E-03 1.41957E-03 % U235
1.01336E-03 1.01316E-03 1.00977E-03 1.00585E-03 % U238
0.00000E+00 5.72468E-07 1.93693E-02 1.93751E-01 % Pu238
0.00000E+00 2.05307E-02 6.22277E-01 1.06489E+00 % Pu239
0.00000E+00 3.43935E-04 1.91956E-01 6.53321E-01 % Pu240
0.00000E+00 9.08213E-07 1.01707E-02 7.00094E-02 % Pu241
0.00000E+00 3.92775E-11 9.07781E-06 1.39387E-04 % Pu242
0.00000E+00 4.59099E-09 1.00250E-03 1.41774E-02 % Am241
0.00000E+00 1.39264E-11 1.49787E-04 5.27138E-03 % Am244
0.00000E+00 5.73470E-15 5.60419E-08 2.03444E-06 % Am245
0.00000E+00 0.00000E+00 0.00000E+00 0.00000E+00 % lost data
2.69420E-03 1.19302E+06 1.20954E+06 1.19664E+06 % total
];

MAT_uco_SF = [
0.00000E+00 0.00000E+00 0.00000E+00 0.00000E+00 % H3
0.00000E+00 0.00000E+00 0.00000E+00 0.00000E+00 % Xe135
1.63757E-01 1.63025E-01 1.51055E-01 1.38302E-01 % U235
8.07757E+04 8.07602E+04 8.04902E+04 8.01774E+04 % U238
0.00000E+00 1.18920E-03 4.02361E+01 4.02481E+02 % Pu238
0.00000E+00 7.57911E-02 2.29720E+00 3.93115E+00 % Pu239
0.00000E+00 2.33021E+01 1.30053E+04 4.42635E+04 % Pu240
0.00000E+00 0.00000E+00 0.00000E+00 0.00000E+00 % Pu241
0.00000E+00 2.70638E-04 6.25498E+01 9.60434E+02 % Pu242
0.00000E+00 2.20184E-08 4.80797E-03 6.79945E-02 % Am241
0.00000E+00 0.00000E+00 0.00000E+00 0.00000E+00 % Am244
0.00000E+00 0.00000E+00 0.00000E+00 0.00000E+00 % Am245
0.00000E+00 0.00000E+00 0.00000E+00 0.00000E+00 % lost data
8.07759E+04 8.07838E+04 9.63889E+04 2.11586E+05 % total
];

MAT_uco_ING_TOX = [
0.00000E+00 1.17068E-04 1.72298E-03 2.84165E-03 % H3
0.00000E+00 3.30470E+09 3.26744E+09 3.17738E+09 % Xe135
1.06897E+02 1.06419E+02 9.86052E+01 9.02806E+01 % U235
6.65734E+01 6.65606E+01 6.63380E+01 6.60803E+01 % U238
0.00000E+00 1.47051E-01 4.97543E+03 4.97692E+04 % Pu238
0.00000E+00 6.11219E+03 1.85258E+05 3.17028E+05 % Pu239
0.00000E+00 1.02202E+02 5.70407E+04 1.94138E+05 % Pu240
0.00000E+00 5.08101E+00 5.69003E+04 3.91669E+05 % Pu241
0.00000E+00 1.18096E-05 2.72945E+00 4.19098E+01 % Pu242
0.00000E+00 1.02411E-03 2.23626E+02 3.16254E+03 % Am241
0.00000E+00 3.60631E-08 3.87880E-01 1.36505E+01 % Am244
0.00000E+00 7.04714E-12 6.88676E-05 2.50004E-03 % Am245
0.00000E+00 0.00000E+00 0.00000E+00 0.00000E+00 % lost data
1.73470E+02 4.43768E+10 5.92681E+10 5.88311E+10 % total
];

MAT_uco_INH_TOX = [
0.00000E+00 7.24707E-04 1.06661E-02 1.75912E-02 % H3
0.00000E+00 1.73103E+09 1.71152E+09 1.66434E+09 % Xe135
1.93324E+04 1.92461E+04 1.78329E+04 1.63273E+04 % U235
1.18353E+04 1.18330E+04 1.17934E+04 1.17476E+04 % U238
0.00000E+00 7.03288E+01 2.37955E+06 2.38026E+07 % Pu238
0.00000E+00 2.93385E+06 8.89238E+07 1.52173E+08 % Pu239
0.00000E+00 4.90570E+04 2.73795E+07 9.31862E+07 % Pu240
0.00000E+00 2.43465E+03 2.72647E+07 1.87675E+08 % Pu241
0.00000E+00 5.41276E-03 1.25100E+03 1.92087E+04 % Pu242
0.00000E+00 4.91573E-01 1.07341E+05 1.51802E+06 % Am241
0.00000E+00 2.90073E-07 3.11990E+00 1.09797E+02 % Am244
0.00000E+00 6.36516E-12 6.22029E-05 2.25810E-03 % Am245
0.00000E+00 0.00000E+00 0.00000E+00 0.00000E+00 % lost data
3.11677E+04 4.36177E+10 5.79863E+10 5.95076E+10 % total
];

TOT_VOLUME = [ 1.49548E+04 1.49548E+04 1.49548E+04 1.49548E+04 ];

TOT_BURNUP = [ 0.00000E+00 6.78457E-01 1.20762E+01 2.48312E+01 ];

TOT_ADENS = [
0.00000E+00 1.04544E-13 1.53865E-12 2.53765E-12 % H3
0.00000E+00 4.99524E-08 4.93892E-08 4.80279E-08 % Xe135
4.87458E-03 4.85281E-03 4.49648E-03 4.11687E-03 % U235
2.01233E-02 2.01194E-02 2.00522E-02 1.99743E-02 % U238
0.00000E+00 1.70702E-13 5.77566E-09 5.77738E-08 % Pu238
0.00000E+00 1.79454E-06 5.43917E-05 9.30794E-05 % Pu239
0.00000E+00 8.16560E-09 4.55736E-06 1.55110E-05 % Pu240
0.00000E+00 4.60511E-11 5.15709E-07 3.54984E-06 % Pu241
0.00000E+00 5.61762E-14 1.29834E-08 1.99357E-07 % Pu242
0.00000E+00 6.74375E-15 1.47258E-09 2.08253E-08 % Am241
0.00000E+00 2.74995E-22 2.95773E-15 1.04090E-13 % Am244
0.00000E+00 8.09232E-26 7.90814E-19 2.87082E-17 % Am245
0.00000E+00 1.43330E-07 2.56548E-06 5.29513E-06 % lost data
7.04699E-02 7.04873E-02 7.07803E-02 7.11075E-02 % total
];

