
DET1001 = [
    1    1    1    1    1    1    1    1    1    1  5.62998E+18 0.00428 
    2    2    1    1    1    1    1    1    1    1  1.89247E+18 0.00580 
    3    3    1    1    1    1    1    1    1    1  1.93074E+17 0.01155 
];


DET1001E = [
 1.00000E-09  6.25000E-07  3.13000E-07
 6.25000E-07  1.00000E-01  5.00003E-02
 1.00000E-01  2.00000E+01  1.00500E+01
];

DET1002 = [
    1    1    1    1    1    1    1    1    1    1  2.27255E+17 0.00654 
    2    2    1    1    1    1    1    1    1    1  4.08095E+17 0.00452 
    3    3    1    1    1    1    1    1    1    1  1.87579E+17 0.00622 
];


DET1002E = [
 1.00000E-09  6.25000E-07  3.13000E-07
 6.25000E-07  1.00000E-01  5.00003E-02
 1.00000E-01  2.00000E+01  1.00500E+01
];
