
DET1001 = [
    1    1    1    1    1    1    1    1    1    1  5.81006E+18 0.00450 
    2    2    1    1    1    1    1    1    1    1  1.95539E+18 0.00606 
    3    3    1    1    1    1    1    1    1    1  2.01900E+17 0.01165 
];


DET1001E = [
 1.00000E-09  6.25000E-07  3.13000E-07
 6.25000E-07  1.00000E-01  5.00003E-02
 1.00000E-01  2.00000E+01  1.00500E+01
];

DET1002 = [
    1    1    1    1    1    1    1    1    1    1  2.31052E+17 0.00691 
    2    2    1    1    1    1    1    1    1    1  4.20920E+17 0.00489 
    3    3    1    1    1    1    1    1    1    1  1.97007E+17 0.00649 
];


DET1002E = [
 1.00000E-09  6.25000E-07  3.13000E-07
 6.25000E-07  1.00000E-01  5.00003E-02
 1.00000E-01  2.00000E+01  1.00500E+01
];
