
DET1001 = [
    1    1    1    1    1    1    1    1    1    1  5.31179E+18 0.00417 
    2    2    1    1    1    1    1    1    1    1  1.98276E+18 0.00532 
    3    3    1    1    1    1    1    1    1    1  3.29017E+17 0.01051 
];


DET1001E = [
 1.00000E-09  6.25000E-07  3.13000E-07
 6.25000E-07  1.00000E-01  5.00003E-02
 1.00000E-01  2.00000E+01  1.00500E+01
];

DET1002 = [
    1    1    1    1    1    1    1    1    1    1  1.61937E+17 0.00769 
    2    2    1    1    1    1    1    1    1    1  3.71098E+17 0.00545 
    3    3    1    1    1    1    1    1    1    1  1.98811E+17 0.00632 
];


DET1002E = [
 1.00000E-09  6.25000E-07  3.13000E-07
 6.25000E-07  1.00000E-01  5.00003E-02
 1.00000E-01  2.00000E+01  1.00500E+01
];
