
DET1001 = [
    1    1    1    1    1    1    1    1    1    1  5.21130E+18 0.00423 
    2    2    1    1    1    1    1    1    1    1  1.93884E+18 0.00486 
    3    3    1    1    1    1    1    1    1    1  3.24699E+17 0.00968 
];


DET1001E = [
 1.00000E-09  6.25000E-07  3.13000E-07
 6.25000E-07  1.00000E-01  5.00003E-02
 1.00000E-01  2.00000E+01  1.00500E+01
];

DET1002 = [
    1    1    1    1    1    1    1    1    1    1  1.59247E+17 0.00757 
    2    2    1    1    1    1    1    1    1    1  3.54788E+17 0.00489 
    3    3    1    1    1    1    1    1    1    1  1.92785E+17 0.00653 
];


DET1002E = [
 1.00000E-09  6.25000E-07  3.13000E-07
 6.25000E-07  1.00000E-01  5.00003E-02
 1.00000E-01  2.00000E+01  1.00500E+01
];
