
DET1001 = [
    1    1    1    1    1    1    1    1    1    1  5.40587E+18 0.00429 
    2    2    1    1    1    1    1    1    1    1  2.04200E+18 0.00525 
    3    3    1    1    1    1    1    1    1    1  3.43820E+17 0.01039 
];


DET1001E = [
 1.00000E-09  6.25000E-07  3.13000E-07
 6.25000E-07  1.00000E-01  5.00003E-02
 1.00000E-01  2.00000E+01  1.00500E+01
];

DET1002 = [
    1    1    1    1    1    1    1    1    1    1  1.62162E+17 0.00762 
    2    2    1    1    1    1    1    1    1    1  3.78916E+17 0.00522 
    3    3    1    1    1    1    1    1    1    1  2.07324E+17 0.00622 
];


DET1002E = [
 1.00000E-09  6.25000E-07  3.13000E-07
 6.25000E-07  1.00000E-01  5.00003E-02
 1.00000E-01  2.00000E+01  1.00500E+01
];
