
DET1001 = [
    1    1    1    1    1    1    1    1    1    1  5.58072E+18 0.00439 
    2    2    1    1    1    1    1    1    1    1  2.08021E+18 0.00555 
    3    3    1    1    1    1    1    1    1    1  3.55314E+17 0.00991 
];


DET1001E = [
 1.00000E-09  6.25000E-07  3.13000E-07
 6.25000E-07  1.00000E-01  5.00003E-02
 1.00000E-01  2.00000E+01  1.00500E+01
];

DET1002 = [
    1    1    1    1    1    1    1    1    1    1  1.66079E+17 0.00757 
    2    2    1    1    1    1    1    1    1    1  3.98328E+17 0.00548 
    3    3    1    1    1    1    1    1    1    1  2.15537E+17 0.00613 
];


DET1002E = [
 1.00000E-09  6.25000E-07  3.13000E-07
 6.25000E-07  1.00000E-01  5.00003E-02
 1.00000E-01  2.00000E+01  1.00500E+01
];
