
DET1001 = [
    1    1    1    1    1    1    1    1    1    1  4.71447E+18 0.00497 
    2    2    1    1    1    1    1    1    1    1  1.86732E+18 0.00560 
    3    3    1    1    1    1    1    1    1    1  1.89654E+17 0.01114 
];


DET1001E = [
 1.00000E-09  6.25000E-07  3.13000E-07
 6.25000E-07  1.00000E-01  5.00003E-02
 1.00000E-01  2.00000E+01  1.00500E+01
];

DET1002 = [
    1    1    1    1    1    1    1    1    1    1  1.36556E+17 0.00762 
    2    2    1    1    1    1    1    1    1    1  3.64223E+17 0.00478 
    3    3    1    1    1    1    1    1    1    1  1.76088E+17 0.00633 
];


DET1002E = [
 1.00000E-09  6.25000E-07  3.13000E-07
 6.25000E-07  1.00000E-01  5.00003E-02
 1.00000E-01  2.00000E+01  1.00500E+01
];
