
DET1001 = [
    1    1    1    1    1    1    1    1    1    1  4.95864E+18 0.00441 
    2    2    1    1    1    1    1    1    1    1  1.97263E+18 0.00582 
    3    3    1    1    1    1    1    1    1    1  2.02646E+17 0.01188 
];


DET1001E = [
 1.00000E-09  6.25000E-07  3.13000E-07
 6.25000E-07  1.00000E-01  5.00003E-02
 1.00000E-01  2.00000E+01  1.00500E+01
];

DET1002 = [
    1    1    1    1    1    1    1    1    1    1  1.35777E+17 0.00840 
    2    2    1    1    1    1    1    1    1    1  3.92450E+17 0.00503 
    3    3    1    1    1    1    1    1    1    1  1.88441E+17 0.00646 
];


DET1002E = [
 1.00000E-09  6.25000E-07  3.13000E-07
 6.25000E-07  1.00000E-01  5.00003E-02
 1.00000E-01  2.00000E+01  1.00500E+01
];
