
DET1001 = [
    1    1    1    1    1    1    1    1    1    1  4.78096E+18 0.00449 
    2    2    1    1    1    1    1    1    1    1  1.87016E+18 0.00549 
    3    3    1    1    1    1    1    1    1    1  1.91958E+17 0.01120 
];


DET1001E = [
 1.00000E-09  6.25000E-07  3.13000E-07
 6.25000E-07  1.00000E-01  5.00003E-02
 1.00000E-01  2.00000E+01  1.00500E+01
];

DET1002 = [
    1    1    1    1    1    1    1    1    1    1  1.35293E+17 0.00822 
    2    2    1    1    1    1    1    1    1    1  3.71487E+17 0.00514 
    3    3    1    1    1    1    1    1    1    1  1.76728E+17 0.00628 
];


DET1002E = [
 1.00000E-09  6.25000E-07  3.13000E-07
 6.25000E-07  1.00000E-01  5.00003E-02
 1.00000E-01  2.00000E+01  1.00500E+01
];
