
DET1001 = [
    1    1    1    1    1    1    1    1    1    1  6.02346E+18 0.00425 
    2    2    1    1    1    1    1    1    1    1  2.33827E+18 0.00523 
    3    3    1    1    1    1    1    1    1    1  3.86974E+17 0.00925 
];


DET1001E = [
 1.00000E-09  6.25000E-07  3.13000E-07
 6.25000E-07  1.00000E-01  5.00003E-02
 1.00000E-01  2.00000E+01  1.00500E+01
];

DET1002 = [
    1    1    1    1    1    1    1    1    1    1  1.71139E+17 0.00735 
    2    2    1    1    1    1    1    1    1    1  4.10031E+17 0.00490 
    3    3    1    1    1    1    1    1    1    1  2.17015E+17 0.00640 
];


DET1002E = [
 1.00000E-09  6.25000E-07  3.13000E-07
 6.25000E-07  1.00000E-01  5.00003E-02
 1.00000E-01  2.00000E+01  1.00500E+01
];
