
DET1001 = [
    1    1    1    1    1    1    1    1    1    1  5.91556E+18 0.00439 
    2    2    1    1    1    1    1    1    1    1  2.28164E+18 0.00497 
    3    3    1    1    1    1    1    1    1    1  3.77251E+17 0.01004 
];


DET1001E = [
 1.00000E-09  6.25000E-07  3.13000E-07
 6.25000E-07  1.00000E-01  5.00003E-02
 1.00000E-01  2.00000E+01  1.00500E+01
];

DET1002 = [
    1    1    1    1    1    1    1    1    1    1  1.74253E+17 0.00730 
    2    2    1    1    1    1    1    1    1    1  3.98938E+17 0.00466 
    3    3    1    1    1    1    1    1    1    1  2.07712E+17 0.00646 
];


DET1002E = [
 1.00000E-09  6.25000E-07  3.13000E-07
 6.25000E-07  1.00000E-01  5.00003E-02
 1.00000E-01  2.00000E+01  1.00500E+01
];
