
DET1001 = [
    1    1    1    1    1    1    1    1    1    1  5.80517E+18 0.00405 
    2    2    1    1    1    1    1    1    1    1  2.24374E+18 0.00456 
    3    3    1    1    1    1    1    1    1    1  3.70947E+17 0.00972 
];


DET1001E = [
 1.00000E-09  6.25000E-07  3.13000E-07
 6.25000E-07  1.00000E-01  5.00003E-02
 1.00000E-01  2.00000E+01  1.00500E+01
];

DET1002 = [
    1    1    1    1    1    1    1    1    1    1  1.74004E+17 0.00671 
    2    2    1    1    1    1    1    1    1    1  3.86925E+17 0.00496 
    3    3    1    1    1    1    1    1    1    1  2.03209E+17 0.00635 
];


DET1002E = [
 1.00000E-09  6.25000E-07  3.13000E-07
 6.25000E-07  1.00000E-01  5.00003E-02
 1.00000E-01  2.00000E+01  1.00500E+01
];
