
DET1001 = [
    1    1    1    1    1    1    1    1    1    1  4.75393E+18 0.00469 
    2    2    1    1    1    1    1    1    1    1  1.73142E+18 0.00590 
    3    3    1    1    1    1    1    1    1    1  1.56019E+17 0.01169 
];


DET1001E = [
 1.00000E-09  6.25000E-07  3.13000E-07
 6.25000E-07  1.00000E-01  5.00003E-02
 1.00000E-01  2.00000E+01  1.00500E+01
];

DET1002 = [
    1    1    1    1    1    1    1    1    1    1  1.81843E+17 0.00729 
    2    2    1    1    1    1    1    1    1    1  3.83125E+17 0.00465 
    3    3    1    1    1    1    1    1    1    1  1.76264E+17 0.00598 
];


DET1002E = [
 1.00000E-09  6.25000E-07  3.13000E-07
 6.25000E-07  1.00000E-01  5.00003E-02
 1.00000E-01  2.00000E+01  1.00500E+01
];
