
DET1001 = [
    1    1    1    1    1    1    1    1    1    1  4.81200E+18 0.00433 
    2    2    1    1    1    1    1    1    1    1  1.76359E+18 0.00602 
    3    3    1    1    1    1    1    1    1    1  1.60980E+17 0.01209 
];


DET1001E = [
 1.00000E-09  6.25000E-07  3.13000E-07
 6.25000E-07  1.00000E-01  5.00003E-02
 1.00000E-01  2.00000E+01  1.00500E+01
];

DET1002 = [
    1    1    1    1    1    1    1    1    1    1  1.81614E+17 0.00714 
    2    2    1    1    1    1    1    1    1    1  3.92991E+17 0.00482 
    3    3    1    1    1    1    1    1    1    1  1.79427E+17 0.00613 
];


DET1002E = [
 1.00000E-09  6.25000E-07  3.13000E-07
 6.25000E-07  1.00000E-01  5.00003E-02
 1.00000E-01  2.00000E+01  1.00500E+01
];
