
DET1001 = [
    1    1    1    1    1    1    1    1    1    1  4.90080E+18 0.00457 
    2    2    1    1    1    1    1    1    1    1  1.79613E+18 0.00615 
    3    3    1    1    1    1    1    1    1    1  1.64358E+17 0.01172 
];


DET1001E = [
 1.00000E-09  6.25000E-07  3.13000E-07
 6.25000E-07  1.00000E-01  5.00003E-02
 1.00000E-01  2.00000E+01  1.00500E+01
];

DET1002 = [
    1    1    1    1    1    1    1    1    1    1  1.82430E+17 0.00662 
    2    2    1    1    1    1    1    1    1    1  4.04030E+17 0.00465 
    3    3    1    1    1    1    1    1    1    1  1.85469E+17 0.00637 
];


DET1002E = [
 1.00000E-09  6.25000E-07  3.13000E-07
 6.25000E-07  1.00000E-01  5.00003E-02
 1.00000E-01  2.00000E+01  1.00500E+01
];
