
DET1001 = [
    1    1    1    1    1    1    1    1    1    1  4.99041E+18 0.00440 
    2    2    1    1    1    1    1    1    1    1  1.84733E+18 0.00581 
    3    3    1    1    1    1    1    1    1    1  1.68138E+17 0.01199 
];


DET1001E = [
 1.00000E-09  6.25000E-07  3.13000E-07
 6.25000E-07  1.00000E-01  5.00003E-02
 1.00000E-01  2.00000E+01  1.00500E+01
];

DET1002 = [
    1    1    1    1    1    1    1    1    1    1  1.85412E+17 0.00660 
    2    2    1    1    1    1    1    1    1    1  4.21779E+17 0.00474 
    3    3    1    1    1    1    1    1    1    1  1.93549E+17 0.00634 
];


DET1002E = [
 1.00000E-09  6.25000E-07  3.13000E-07
 6.25000E-07  1.00000E-01  5.00003E-02
 1.00000E-01  2.00000E+01  1.00500E+01
];
