
ZAI = [
10030
541350
922350
922380
942380
942390
942400
942410
942420
952410
952440
952450
666
0
];

NAMES = [
'H3              '
'Xe135           '
'U235            '
'U238            '
'Pu238           '
'Pu239           '
'Pu240           '
'Pu241           '
'Pu242           '
'Am241           '
'Am244           '
'Am245           '
'lost            '
'total           '
];

i10030  = 1; iH3               = 1;
i541350 = 2; iXe135            = 2;
i922350 = 3; iU235             = 3;
i922380 = 4; iU238             = 4;
i942380 = 5; iPu238            = 5;
i942390 = 6; iPu239            = 6;
i942400 = 7; iPu240            = 7;
i942410 = 8; iPu241            = 8;
i942420 = 9; iPu242            = 9;
i952410 = 10; iAm241            = 10;
i952440 = 11; iAm244            = 11;
i952450 = 12; iAm245            = 12;
iLOST    = 13;
iTOT     = 14;

MAT_uco_VOLUME = [ 2.05629E+04 2.05629E+04 2.05629E+04 2.05629E+04 ];

MAT_uco_BURNUP = [ 0.00000E+00 4.93407E-01 8.78272E+00 1.80587E+01 ];

MAT_uco_ADENS = [
0.00000E+00 9.62110E-14 1.46101E-12 2.50970E-12 % H3
0.00000E+00 4.15909E-08 4.16102E-08 4.11540E-08 % Xe135
4.31104E-03 4.29513E-03 4.03481E-03 3.75760E-03 % U235
2.06805E-02 2.06771E-02 2.06179E-02 2.05495E-02 % U238
0.00000E+00 1.31569E-13 3.59503E-09 3.50537E-08 % Pu238
0.00000E+00 1.58626E-06 4.97505E-05 8.87687E-05 % Pu239
0.00000E+00 5.98855E-09 3.37005E-06 1.17805E-05 % Pu240
0.00000E+00 3.07945E-11 3.47540E-07 2.50016E-06 % Pu241
0.00000E+00 3.04880E-14 6.97288E-09 1.09296E-07 % Pu242
0.00000E+00 4.52941E-15 9.94570E-10 1.47839E-08 % Am241
0.00000E+00 1.26797E-22 1.28574E-15 4.76459E-14 % Am244
0.00000E+00 3.03675E-26 2.79059E-19 1.04617E-17 % Am245
0.00000E+00 1.04247E-07 1.86621E-06 3.85270E-06 % lost data
7.04520E-02 7.04646E-02 7.06778E-02 7.09159E-02 % total
];

MAT_uco_MDENS = [
0.00000E+00 4.81770E-13 7.31589E-12 1.25672E-11 % H3
0.00000E+00 9.31727E-06 9.32159E-06 9.21939E-06 % Xe135
1.68262E+00 1.67642E+00 1.57481E+00 1.46661E+00 % U235
8.17497E+00 8.17362E+00 8.15024E+00 8.12319E+00 % U238
0.00000E+00 5.20089E-11 1.42111E-06 1.38566E-05 % Pu238
0.00000E+00 6.29683E-04 1.97491E-02 3.52378E-02 % Pu239
0.00000E+00 2.38719E-06 1.34339E-03 4.69602E-03 % Pu240
0.00000E+00 1.23263E-08 1.39112E-04 1.00076E-03 % Pu241
0.00000E+00 1.22548E-11 2.80277E-06 4.39321E-05 % Pu242
0.00000E+00 1.81308E-12 3.98117E-07 5.91784E-06 % Am241
0.00000E+00 5.13888E-20 5.21093E-13 1.93102E-11 % Am244
0.00000E+00 1.23580E-23 1.13563E-16 4.25739E-15 % Am245
0.00000E+00 0.00000E+00 0.00000E+00 0.00000E+00 % lost data
1.10000E+01 1.09999E+01 1.09987E+01 1.09974E+01 % total
];

MAT_uco_A = [
0.00000E+00 3.52712E+06 5.35608E+07 9.20062E+07 % H3
0.00000E+00 1.80161E+16 1.80244E+16 1.78268E+16 % Xe135
2.76577E+09 2.75557E+09 2.58855E+09 2.41071E+09 % U235
2.09052E+09 2.09018E+09 2.08420E+09 2.07728E+09 % U238
0.00000E+00 6.77581E+05 1.85144E+10 1.80526E+11 % Pu238
0.00000E+00 2.97155E+10 9.31981E+11 1.66291E+12 % Pu239
0.00000E+00 4.12248E+08 2.31992E+11 8.10965E+11 % Pu240
0.00000E+00 9.73302E+08 1.09845E+13 7.90210E+13 % Pu241
0.00000E+00 3.67204E+01 8.39828E+06 1.31639E+08 % Pu242
0.00000E+00 4.72892E+03 1.03838E+09 1.54350E+10 % Am241
0.00000E+00 4.97043E+01 5.04011E+08 1.86772E+10 % Am244
0.00000E+00 5.86493E-02 5.38952E+05 2.02049E+07 % Am245
0.00000E+00 0.00000E+00 0.00000E+00 0.00000E+00 % lost data
4.85629E+09 3.31249E+18 3.66141E+18 3.70545E+18 % total
];

MAT_uco_H = [
0.00000E+00 3.21546E-09 4.88281E-08 8.38763E-08 % H3
0.00000E+00 1.62418E+03 1.62493E+03 1.60711E+03 % Xe135
2.04398E-03 2.03644E-03 1.91301E-03 1.78158E-03 % U235
1.43195E-03 1.43172E-03 1.42762E-03 1.42288E-03 % U238
0.00000E+00 6.06697E-07 1.65775E-02 1.61641E-01 % Pu238
0.00000E+00 2.49534E-02 7.82626E-01 1.39642E+00 % Pu239
0.00000E+00 3.46829E-04 1.95178E-01 6.82273E-01 % Pu240
0.00000E+00 8.35077E-07 9.42449E-03 6.77987E-02 % Pu241
0.00000E+00 2.93106E-11 6.70360E-06 1.05076E-04 % Pu242
0.00000E+00 4.23986E-09 9.30991E-04 1.38388E-02 % Am241
0.00000E+00 8.82935E-12 8.95313E-05 3.31777E-03 % Am244
0.00000E+00 2.95905E-15 2.71919E-08 1.01941E-06 % Am245
0.00000E+00 0.00000E+00 0.00000E+00 0.00000E+00 % lost data
3.47593E-03 1.19744E+06 1.22306E+06 1.21267E+06 % total
];

MAT_uco_SF = [
0.00000E+00 0.00000E+00 0.00000E+00 0.00000E+00 % H3
0.00000E+00 0.00000E+00 0.00000E+00 0.00000E+00 % Xe135
1.99136E-01 1.98401E-01 1.86376E-01 1.73571E-01 % U235
1.14142E+05 1.14124E+05 1.13797E+05 1.13420E+05 % U238
0.00000E+00 1.26030E-03 3.44368E+01 3.35779E+02 % Pu238
0.00000E+00 9.21180E-02 2.88914E+00 5.15503E+00 % Pu239
0.00000E+00 2.34982E+01 1.32236E+04 4.62250E+04 % Pu240
0.00000E+00 0.00000E+00 0.00000E+00 0.00000E+00 % Pu241
0.00000E+00 2.01962E-04 4.61906E+01 7.24014E+02 % Pu242
0.00000E+00 2.03344E-08 4.46503E-03 6.63707E-02 % Am241
0.00000E+00 0.00000E+00 0.00000E+00 0.00000E+00 % Am244
0.00000E+00 0.00000E+00 0.00000E+00 0.00000E+00 % Am245
0.00000E+00 0.00000E+00 0.00000E+00 0.00000E+00 % lost data
1.14143E+05 1.14147E+05 1.29212E+05 2.27268E+05 % total
];

MAT_uco_ING_TOX = [
0.00000E+00 1.48139E-04 2.24956E-03 3.86426E-03 % H3
0.00000E+00 3.78337E+09 3.78513E+09 3.74363E+09 % Xe135
1.29991E+02 1.29512E+02 1.21662E+02 1.13303E+02 % U235
9.40735E+01 9.40579E+01 9.37889E+01 9.34777E+01 % U238
0.00000E+00 1.55844E-01 4.25831E+03 4.15210E+04 % Pu238
0.00000E+00 7.42887E+03 2.32995E+05 4.15728E+05 % Pu239
0.00000E+00 1.03062E+02 5.79981E+04 2.02741E+05 % Pu240
0.00000E+00 4.67185E+00 5.27254E+04 3.79301E+05 % Pu241
0.00000E+00 8.81290E-06 2.01559E+00 3.15933E+01 % Pu242
0.00000E+00 9.45784E-04 2.07676E+02 3.08701E+03 % Am241
0.00000E+00 2.28640E-08 2.31845E-01 8.59151E+00 % Am244
0.00000E+00 3.63626E-12 3.34150E-05 1.25271E-03 % Am245
0.00000E+00 0.00000E+00 0.00000E+00 0.00000E+00 % lost data
2.24065E+02 4.48957E+10 6.02280E+10 5.99850E+10 % total
];

MAT_uco_INH_TOX = [
0.00000E+00 9.17051E-04 1.39258E-02 2.39216E-02 % H3
0.00000E+00 1.98177E+09 1.98268E+09 1.96095E+09 % Xe135
2.35091E+04 2.34223E+04 2.20027E+04 2.04910E+04 % U235
1.67242E+04 1.67214E+04 1.66736E+04 1.66182E+04 % U238
0.00000E+00 7.45339E+01 2.03658E+06 1.98579E+07 % Pu238
0.00000E+00 3.56586E+06 1.11838E+08 1.99550E+08 % Pu239
0.00000E+00 4.94698E+04 2.78391E+07 9.73158E+07 % Pu240
0.00000E+00 2.23859E+03 2.52643E+07 1.81748E+08 % Pu241
0.00000E+00 4.03924E-03 9.23811E+02 1.44803E+04 % Pu242
0.00000E+00 4.53976E-01 9.96843E+04 1.48176E+06 % Am241
0.00000E+00 1.83906E-07 1.86484E+00 6.91057E+01 % Am244
0.00000E+00 3.28436E-12 3.01813E-05 1.13148E-03 % Am245
0.00000E+00 0.00000E+00 0.00000E+00 0.00000E+00 % lost data
4.02332E+04 4.39222E+10 5.87276E+10 6.04446E+10 % total
];

TOT_VOLUME = [ 2.05629E+04 2.05629E+04 2.05629E+04 2.05629E+04 ];

TOT_BURNUP = [ 0.00000E+00 4.93407E-01 8.78272E+00 1.80587E+01 ];

TOT_ADENS = [
0.00000E+00 9.62110E-14 1.46101E-12 2.50970E-12 % H3
0.00000E+00 4.15909E-08 4.16102E-08 4.11540E-08 % Xe135
4.31104E-03 4.29513E-03 4.03481E-03 3.75760E-03 % U235
2.06805E-02 2.06771E-02 2.06179E-02 2.05495E-02 % U238
0.00000E+00 1.31569E-13 3.59503E-09 3.50537E-08 % Pu238
0.00000E+00 1.58626E-06 4.97505E-05 8.87687E-05 % Pu239
0.00000E+00 5.98855E-09 3.37005E-06 1.17805E-05 % Pu240
0.00000E+00 3.07945E-11 3.47540E-07 2.50016E-06 % Pu241
0.00000E+00 3.04880E-14 6.97288E-09 1.09296E-07 % Pu242
0.00000E+00 4.52941E-15 9.94570E-10 1.47839E-08 % Am241
0.00000E+00 1.26797E-22 1.28574E-15 4.76459E-14 % Am244
0.00000E+00 3.03675E-26 2.79059E-19 1.04617E-17 % Am245
0.00000E+00 1.04247E-07 1.86621E-06 3.85270E-06 % lost data
7.04520E-02 7.04646E-02 7.06778E-02 7.09159E-02 % total
];

