
ZAI = [
10030
541350
922350
922380
942380
942390
942400
942410
942420
952410
952440
952450
666
0
];

NAMES = [
'H3              '
'Xe135           '
'U235            '
'U238            '
'Pu238           '
'Pu239           '
'Pu240           '
'Pu241           '
'Pu242           '
'Am241           '
'Am244           '
'Am245           '
'lost            '
'total           '
];

i10030  = 1; iH3               = 1;
i541350 = 2; iXe135            = 2;
i922350 = 3; iU235             = 3;
i922380 = 4; iU238             = 4;
i942380 = 5; iPu238            = 5;
i942390 = 6; iPu239            = 6;
i942400 = 7; iPu240            = 7;
i942410 = 8; iPu241            = 8;
i942420 = 9; iPu242            = 9;
i952410 = 10; iAm241            = 10;
i952440 = 11; iAm244            = 11;
i952450 = 12; iAm245            = 12;
iLOST    = 13;
iTOT     = 14;

MAT_uco_VOLUME = [ 1.60170E+04 1.60170E+04 1.60170E+04 1.60170E+04 ];

MAT_uco_BURNUP = [ 0.00000E+00 6.33425E-01 1.12749E+01 2.31835E+01 ];

MAT_uco_ADENS = [
0.00000E+00 1.28983E-13 1.81018E-12 2.89158E-12 % H3
0.00000E+00 4.12674E-08 4.10484E-08 3.98587E-08 % Xe135
3.74777E-03 3.72747E-03 3.39873E-03 3.05499E-03 % U235
2.12374E-02 2.12330E-02 2.11574E-02 2.10688E-02 % U238
0.00000E+00 2.56774E-13 7.67665E-09 7.59454E-08 % Pu238
0.00000E+00 2.00581E-06 5.84596E-05 9.71528E-05 % Pu239
0.00000E+00 1.10455E-08 5.85844E-06 1.89811E-05 % Pu240
0.00000E+00 7.41043E-11 7.89273E-07 5.09901E-06 % Pu241
0.00000E+00 1.09844E-13 2.42341E-08 3.51108E-07 % Pu242
0.00000E+00 1.08482E-14 2.25172E-09 2.98223E-08 % Am241
0.00000E+00 7.55045E-22 7.79763E-15 2.63946E-13 % Am244
0.00000E+00 2.69438E-25 2.51474E-18 8.76374E-17 % Am245
0.00000E+00 1.33817E-07 2.40235E-06 4.96374E-06 % lost data
7.04339E-02 7.04502E-02 7.07241E-02 7.10295E-02 % total
];

MAT_uco_MDENS = [
0.00000E+00 6.45874E-13 9.06437E-12 1.44794E-11 % H3
0.00000E+00 9.24481E-06 9.19573E-06 8.92922E-06 % Xe135
1.46278E+00 1.45486E+00 1.32654E+00 1.19238E+00 % U235
8.39511E+00 8.39339E+00 8.36350E+00 8.32848E+00 % U238
0.00000E+00 1.01502E-10 3.03455E-06 3.00210E-05 % Pu238
0.00000E+00 7.96230E-04 2.32062E-02 3.85660E-02 % Pu239
0.00000E+00 4.40304E-06 2.33532E-03 7.56635E-03 % Pu240
0.00000E+00 2.96623E-08 3.15928E-04 2.04102E-03 % Pu241
0.00000E+00 4.41523E-11 9.74097E-06 1.41129E-04 % Pu242
0.00000E+00 4.34245E-12 9.01342E-07 1.19376E-05 % Am241
0.00000E+00 3.06009E-19 3.16027E-12 1.06973E-10 % Am244
0.00000E+00 1.09648E-22 1.02337E-15 3.56640E-14 % Am245
0.00000E+00 0.00000E+00 0.00000E+00 0.00000E+00 % lost data
1.10000E+01 1.09999E+01 1.09984E+01 1.09966E+01 % total
];

MAT_uco_A = [
0.00000E+00 3.68319E+06 5.16908E+07 8.25709E+07 % H3
0.00000E+00 1.39240E+16 1.38501E+16 1.34487E+16 % Xe135
1.87285E+09 1.86271E+09 1.69843E+09 1.52665E+09 % U235
1.67221E+09 1.67187E+09 1.66591E+09 1.65894E+09 % U238
0.00000E+00 1.03004E+06 3.07946E+10 3.04652E+11 % Pu238
0.00000E+00 2.92681E+10 8.53024E+11 1.41762E+12 % Pu239
0.00000E+00 5.92271E+08 3.14134E+11 1.01778E+12 % Pu240
0.00000E+00 1.82437E+09 1.94311E+13 1.25532E+14 % Pu241
0.00000E+00 1.03051E+02 2.27353E+07 3.29394E+08 % Pu242
0.00000E+00 8.82216E+03 1.83118E+09 2.42525E+10 % Am241
0.00000E+00 2.30545E+02 2.38092E+09 8.05930E+10 % Am244
0.00000E+00 4.05330E-01 3.78306E+06 1.31838E+08 % Am245
0.00000E+00 0.00000E+00 0.00000E+00 0.00000E+00 % lost data
3.54506E+09 3.30366E+18 3.63350E+18 3.66067E+18 % total
];

MAT_uco_H = [
0.00000E+00 3.35773E-09 4.71233E-08 7.52748E-08 % H3
0.00000E+00 1.25527E+03 1.24861E+03 1.21242E+03 % Xe135
1.38409E-03 1.37659E-03 1.25518E-03 1.12824E-03 % U235
1.14542E-03 1.14519E-03 1.14111E-03 1.13633E-03 % U238
0.00000E+00 9.22283E-07 2.75730E-02 2.72781E-01 % Pu238
0.00000E+00 2.45778E-02 7.16322E-01 1.19044E+00 % Pu239
0.00000E+00 4.98283E-04 2.64284E-01 8.56269E-01 % Pu240
0.00000E+00 1.56528E-06 1.66715E-02 1.07705E-01 % Pu241
0.00000E+00 8.22562E-11 1.81476E-05 2.62926E-04 % Pu242
0.00000E+00 7.90979E-09 1.64180E-03 2.17444E-02 % Am241
0.00000E+00 4.09533E-11 4.22941E-04 1.43163E-02 % Am244
0.00000E+00 2.04503E-14 1.90868E-07 6.65164E-06 % Am245
0.00000E+00 0.00000E+00 0.00000E+00 0.00000E+00 % lost data
2.52951E-03 1.19617E+06 1.21175E+06 1.19249E+06 % total
];

MAT_uco_SF = [
0.00000E+00 0.00000E+00 0.00000E+00 0.00000E+00 % H3
0.00000E+00 0.00000E+00 0.00000E+00 0.00000E+00 % Xe135
1.34845E-01 1.34115E-01 1.22287E-01 1.09919E-01 % U235
9.13027E+04 9.12840E+04 9.09588E+04 9.05780E+04 % U238
0.00000E+00 1.91587E-03 5.72779E+01 5.66653E+02 % Pu238
0.00000E+00 9.07312E-02 2.64437E+00 4.39463E+00 % Pu239
0.00000E+00 3.37594E+01 1.79056E+04 5.80134E+04 % Pu240
0.00000E+00 0.00000E+00 0.00000E+00 0.00000E+00 % Pu241
0.00000E+00 5.66779E-04 1.25044E+02 1.81167E+03 % Pu242
0.00000E+00 3.79353E-08 7.87406E-03 1.04286E-01 % Am241
0.00000E+00 0.00000E+00 0.00000E+00 0.00000E+00 % Am244
0.00000E+00 0.00000E+00 0.00000E+00 0.00000E+00 % Am245
0.00000E+00 0.00000E+00 0.00000E+00 0.00000E+00 % lost data
9.13028E+04 9.13180E+04 1.14619E+05 3.13969E+05 % total
];

MAT_uco_ING_TOX = [
0.00000E+00 1.54694E-04 2.17101E-03 3.46798E-03 % H3
0.00000E+00 2.92405E+09 2.90852E+09 2.82423E+09 % Xe135
8.80239E+01 8.75473E+01 7.98261E+01 7.17527E+01 % U235
7.52494E+01 7.52340E+01 7.49661E+01 7.46522E+01 % U238
0.00000E+00 2.36909E-01 7.08275E+03 7.00700E+04 % Pu238
0.00000E+00 7.31703E+03 2.13256E+05 3.54406E+05 % Pu239
0.00000E+00 1.48068E+02 7.85335E+04 2.54445E+05 % Pu240
0.00000E+00 8.75699E+00 9.32692E+04 6.02555E+05 % Pu241
0.00000E+00 2.47322E-05 5.45647E+00 7.90545E+01 % Pu242
0.00000E+00 1.76443E-03 3.66235E+02 4.85051E+03 % Am241
0.00000E+00 1.06050E-07 1.09522E+00 3.70728E+01 % Am244
0.00000E+00 2.51305E-11 2.34550E-04 8.17393E-03 % Am245
0.00000E+00 0.00000E+00 0.00000E+00 0.00000E+00 % lost data
1.63273E+02 4.40168E+10 5.90740E+10 5.84617E+10 % total
];

MAT_uco_INH_TOX = [
0.00000E+00 9.57628E-04 1.34396E-02 2.14684E-02 % H3
0.00000E+00 1.53164E+09 1.52351E+09 1.47936E+09 % Xe135
1.59192E+04 1.58330E+04 1.44366E+04 1.29766E+04 % U235
1.33777E+04 1.33749E+04 1.33273E+04 1.32715E+04 % U238
0.00000E+00 1.13304E+02 3.38740E+06 3.35117E+07 % Pu238
0.00000E+00 3.51218E+06 1.02363E+08 1.70115E+08 % Pu239
0.00000E+00 7.10725E+04 3.76961E+07 1.22134E+08 % Pu240
0.00000E+00 4.19606E+03 4.46915E+07 2.88724E+08 % Pu241
0.00000E+00 1.13356E-02 2.50088E+03 3.62333E+04 % Pu242
0.00000E+00 8.46927E-01 1.75793E+05 2.32824E+06 % Am241
0.00000E+00 8.53015E-07 8.80941E+00 2.98194E+02 % Am244
0.00000E+00 2.26985E-11 2.11851E-04 7.38291E-03 % Am245
0.00000E+00 0.00000E+00 0.00000E+00 0.00000E+00 % lost data
2.92969E+04 4.34543E+10 5.80947E+10 5.96034E+10 % total
];

TOT_VOLUME = [ 1.60170E+04 1.60170E+04 1.60170E+04 1.60170E+04 ];

TOT_BURNUP = [ 0.00000E+00 6.33425E-01 1.12749E+01 2.31835E+01 ];

TOT_ADENS = [
0.00000E+00 1.28983E-13 1.81018E-12 2.89158E-12 % H3
0.00000E+00 4.12674E-08 4.10484E-08 3.98587E-08 % Xe135
3.74777E-03 3.72747E-03 3.39873E-03 3.05499E-03 % U235
2.12374E-02 2.12330E-02 2.11574E-02 2.10688E-02 % U238
0.00000E+00 2.56774E-13 7.67665E-09 7.59454E-08 % Pu238
0.00000E+00 2.00581E-06 5.84596E-05 9.71528E-05 % Pu239
0.00000E+00 1.10455E-08 5.85844E-06 1.89811E-05 % Pu240
0.00000E+00 7.41043E-11 7.89273E-07 5.09901E-06 % Pu241
0.00000E+00 1.09844E-13 2.42341E-08 3.51108E-07 % Pu242
0.00000E+00 1.08482E-14 2.25172E-09 2.98223E-08 % Am241
0.00000E+00 7.55045E-22 7.79763E-15 2.63946E-13 % Am244
0.00000E+00 2.69438E-25 2.51474E-18 8.76374E-17 % Am245
0.00000E+00 1.33817E-07 2.40235E-06 4.96374E-06 % lost data
7.04339E-02 7.04502E-02 7.07241E-02 7.10295E-02 % total
];

