
DET1001 = [
    1    1    1    1    1    1    1    1    1    1  5.94035E+18 0.00442 
    2    2    1    1    1    1    1    1    1    1  1.99926E+18 0.00598 
    3    3    1    1    1    1    1    1    1    1  2.07781E+17 0.01231 
];


DET1001E = [
 1.00000E-09  6.25000E-07  3.13000E-07
 6.25000E-07  1.00000E-01  5.00003E-02
 1.00000E-01  2.00000E+01  1.00500E+01
];

DET1002 = [
    1    1    1    1    1    1    1    1    1    1  2.38615E+17 0.00638 
    2    2    1    1    1    1    1    1    1    1  4.45928E+17 0.00498 
    3    3    1    1    1    1    1    1    1    1  2.12930E+17 0.00652 
];


DET1002E = [
 1.00000E-09  6.25000E-07  3.13000E-07
 6.25000E-07  1.00000E-01  5.00003E-02
 1.00000E-01  2.00000E+01  1.00500E+01
];
