
DET1001 = [
    1    1    1    1    1    1    1    1    1    1  5.48281E+18 0.00428 
    2    2    1    1    1    1    1    1    1    1  1.83514E+18 0.00579 
    3    3    1    1    1    1    1    1    1    1  1.88730E+17 0.01180 
];


DET1001E = [
 1.00000E-09  6.25000E-07  3.13000E-07
 6.25000E-07  1.00000E-01  5.00003E-02
 1.00000E-01  2.00000E+01  1.00500E+01
];

DET1002 = [
    1    1    1    1    1    1    1    1    1    1  2.26690E+17 0.00686 
    2    2    1    1    1    1    1    1    1    1  3.90883E+17 0.00499 
    3    3    1    1    1    1    1    1    1    1  1.87091E+17 0.00646 
];


DET1002E = [
 1.00000E-09  6.25000E-07  3.13000E-07
 6.25000E-07  1.00000E-01  5.00003E-02
 1.00000E-01  2.00000E+01  1.00500E+01
];
