
DET1001 = [
    1    1    1    1    1    1    1    1    1    1  5.77089E+18 0.00438 
    2    2    1    1    1    1    1    1    1    1  1.95169E+18 0.00590 
    3    3    1    1    1    1    1    1    1    1  1.98064E+17 0.01098 
];


DET1001E = [
 1.00000E-09  6.25000E-07  3.13000E-07
 6.25000E-07  1.00000E-01  5.00003E-02
 1.00000E-01  2.00000E+01  1.00500E+01
];

DET1002 = [
    1    1    1    1    1    1    1    1    1    1  2.27186E+17 0.00659 
    2    2    1    1    1    1    1    1    1    1  4.21895E+17 0.00511 
    3    3    1    1    1    1    1    1    1    1  2.02390E+17 0.00649 
];


DET1002E = [
 1.00000E-09  6.25000E-07  3.13000E-07
 6.25000E-07  1.00000E-01  5.00003E-02
 1.00000E-01  2.00000E+01  1.00500E+01
];
