
DET1001 = [
    1    1    1    1    1    1    1    1    1    1  5.58932E+18 0.00430 
    2    2    1    1    1    1    1    1    1    1  1.89641E+18 0.00563 
    3    3    1    1    1    1    1    1    1    1  1.95475E+17 0.01140 
];


DET1001E = [
 1.00000E-09  6.25000E-07  3.13000E-07
 6.25000E-07  1.00000E-01  5.00003E-02
 1.00000E-01  2.00000E+01  1.00500E+01
];

DET1002 = [
    1    1    1    1    1    1    1    1    1    1  2.21957E+17 0.00656 
    2    2    1    1    1    1    1    1    1    1  4.02813E+17 0.00499 
    3    3    1    1    1    1    1    1    1    1  1.90656E+17 0.00652 
];


DET1002E = [
 1.00000E-09  6.25000E-07  3.13000E-07
 6.25000E-07  1.00000E-01  5.00003E-02
 1.00000E-01  2.00000E+01  1.00500E+01
];
