
DET1001 = [
    1    1    1    1    1    1    1    1    1    1  5.63395E+18 0.00444 
    2    2    1    1    1    1    1    1    1    1  2.23121E+18 0.00516 
    3    3    1    1    1    1    1    1    1    1  3.71513E+17 0.00994 
];


DET1001E = [
 1.00000E-09  6.25000E-07  3.13000E-07
 6.25000E-07  1.00000E-01  5.00003E-02
 1.00000E-01  2.00000E+01  1.00500E+01
];

DET1002 = [
    1    1    1    1    1    1    1    1    1    1  1.53385E+17 0.00761 
    2    2    1    1    1    1    1    1    1    1  3.94397E+17 0.00490 
    3    3    1    1    1    1    1    1    1    1  2.14891E+17 0.00651 
];


DET1002E = [
 1.00000E-09  6.25000E-07  3.13000E-07
 6.25000E-07  1.00000E-01  5.00003E-02
 1.00000E-01  2.00000E+01  1.00500E+01
];
