
DET1001 = [
    1    1    1    1    1    1    1    1    1    1  5.41111E+18 0.00420 
    2    2    1    1    1    1    1    1    1    1  2.13801E+18 0.00530 
    3    3    1    1    1    1    1    1    1    1  3.52331E+17 0.01000 
];


DET1001E = [
 1.00000E-09  6.25000E-07  3.13000E-07
 6.25000E-07  1.00000E-01  5.00003E-02
 1.00000E-01  2.00000E+01  1.00500E+01
];

DET1002 = [
    1    1    1    1    1    1    1    1    1    1  1.52826E+17 0.00711 
    2    2    1    1    1    1    1    1    1    1  3.68911E+17 0.00515 
    3    3    1    1    1    1    1    1    1    1  1.99912E+17 0.00627 
];


DET1002E = [
 1.00000E-09  6.25000E-07  3.13000E-07
 6.25000E-07  1.00000E-01  5.00003E-02
 1.00000E-01  2.00000E+01  1.00500E+01
];
