
DET1001 = [
    1    1    1    1    1    1    1    1    1    1  5.54798E+18 0.00447 
    2    2    1    1    1    1    1    1    1    1  2.19117E+18 0.00541 
    3    3    1    1    1    1    1    1    1    1  3.61263E+17 0.01017 
];


DET1001E = [
 1.00000E-09  6.25000E-07  3.13000E-07
 6.25000E-07  1.00000E-01  5.00003E-02
 1.00000E-01  2.00000E+01  1.00500E+01
];

DET1002 = [
    1    1    1    1    1    1    1    1    1    1  1.57010E+17 0.00752 
    2    2    1    1    1    1    1    1    1    1  3.81256E+17 0.00460 
    3    3    1    1    1    1    1    1    1    1  2.05129E+17 0.00634 
];


DET1002E = [
 1.00000E-09  6.25000E-07  3.13000E-07
 6.25000E-07  1.00000E-01  5.00003E-02
 1.00000E-01  2.00000E+01  1.00500E+01
];
