
DET1001 = [
    1    1    1    1    1    1    1    1    1    1  5.75983E+18 0.00433 
    2    2    1    1    1    1    1    1    1    1  2.30144E+18 0.00484 
    3    3    1    1    1    1    1    1    1    1  3.79628E+17 0.00984 
];


DET1001E = [
 1.00000E-09  6.25000E-07  3.13000E-07
 6.25000E-07  1.00000E-01  5.00003E-02
 1.00000E-01  2.00000E+01  1.00500E+01
];

DET1002 = [
    1    1    1    1    1    1    1    1    1    1  1.55425E+17 0.00802 
    2    2    1    1    1    1    1    1    1    1  4.06693E+17 0.00513 
    3    3    1    1    1    1    1    1    1    1  2.22412E+17 0.00669 
];


DET1002E = [
 1.00000E-09  6.25000E-07  3.13000E-07
 6.25000E-07  1.00000E-01  5.00003E-02
 1.00000E-01  2.00000E+01  1.00500E+01
];
