
ZAI = [
10030
541350
922350
922380
942380
942390
942400
942410
942420
952410
952440
952450
666
0
];

NAMES = [
'H3              '
'Xe135           '
'U235            '
'U238            '
'Pu238           '
'Pu239           '
'Pu240           '
'Pu241           '
'Pu242           '
'Am241           '
'Am244           '
'Am245           '
'lost            '
'total           '
];

i10030  = 1; iH3               = 1;
i541350 = 2; iXe135            = 2;
i922350 = 3; iU235             = 3;
i922380 = 4; iU238             = 4;
i942380 = 5; iPu238            = 5;
i942390 = 6; iPu239            = 6;
i942400 = 7; iPu240            = 7;
i942410 = 8; iPu241            = 8;
i942420 = 9; iPu242            = 9;
i952410 = 10; iAm241            = 10;
i952440 = 11; iAm244            = 11;
i952450 = 12; iAm245            = 12;
iLOST    = 13;
iTOT     = 14;

MAT_uco_VOLUME = [ 2.69784E+04 2.69784E+04 2.69784E+04 2.69784E+04 ];

MAT_uco_BURNUP = [ 0.00000E+00 3.76072E-01 6.69406E+00 1.37641E+01 ];

MAT_uco_ADENS = [
0.00000E+00 1.02376E-13 1.58813E-12 2.77475E-12 % H3
0.00000E+00 3.44501E-08 3.47307E-08 3.46282E-08 % Xe135
3.74777E-03 3.73561E-03 3.53676E-03 3.32521E-03 % U235
2.12374E-02 2.12344E-02 2.11829E-02 2.11235E-02 % U238
0.00000E+00 1.28225E-13 2.70581E-09 2.55322E-08 % Pu238
0.00000E+00 1.37937E-06 4.40170E-05 8.01262E-05 % Pu239
0.00000E+00 4.70698E-09 2.63539E-06 9.30396E-06 % Pu240
0.00000E+00 2.35933E-11 2.65991E-07 1.91068E-06 % Pu241
0.00000E+00 2.15483E-14 4.85885E-09 7.52845E-08 % Pu242
0.00000E+00 3.47850E-15 7.61905E-10 1.13610E-08 % Am241
0.00000E+00 8.60734E-23 8.63268E-16 3.12428E-14 % Am244
0.00000E+00 1.94437E-26 1.76014E-19 6.42698E-18 % Am245
0.00000E+00 7.94684E-08 1.42277E-06 2.93788E-06 % lost data
7.04339E-02 7.04436E-02 7.06061E-02 7.07876E-02 % total
];

MAT_uco_MDENS = [
0.00000E+00 5.12643E-13 7.95245E-12 1.38944E-11 % H3
0.00000E+00 7.71758E-06 7.78044E-06 7.75747E-06 % Xe135
1.46278E+00 1.45803E+00 1.38042E+00 1.29785E+00 % U235
8.39511E+00 8.39393E+00 8.37359E+00 8.35011E+00 % U238
0.00000E+00 5.06870E-11 1.06960E-06 1.00928E-05 % Pu238
0.00000E+00 5.47556E-04 1.74731E-02 3.18071E-02 % Pu239
0.00000E+00 1.87633E-06 1.05053E-03 3.70880E-03 % Pu240
0.00000E+00 9.44387E-09 1.06470E-04 7.64804E-04 % Pu241
0.00000E+00 8.66143E-12 1.95303E-06 3.02609E-05 % Pu242
0.00000E+00 1.39241E-12 3.04983E-07 4.54770E-06 % Am241
0.00000E+00 3.48843E-20 3.49870E-13 1.26622E-11 % Am244
0.00000E+00 7.91259E-24 7.16289E-17 2.61545E-15 % Am245
0.00000E+00 0.00000E+00 0.00000E+00 0.00000E+00 % lost data
1.10000E+01 1.09999E+01 1.09990E+01 1.09980E+01 % total
];

MAT_uco_A = [
0.00000E+00 4.92410E+06 7.63859E+07 1.33460E+08 % H3
0.00000E+00 1.95787E+16 1.97382E+16 1.96799E+16 % Xe135
3.15456E+09 3.14433E+09 2.97695E+09 2.79889E+09 % U235
2.81661E+09 2.81622E+09 2.80939E+09 2.80151E+09 % U238
0.00000E+00 8.66387E+05 1.82825E+10 1.72515E+11 % Pu238
0.00000E+00 3.39017E+10 1.08184E+12 1.96932E+12 % Pu239
0.00000E+00 4.25120E+08 2.38020E+11 8.40305E+11 % Pu240
0.00000E+00 9.78353E+08 1.10299E+13 7.92310E+13 % Pu241
0.00000E+00 3.40505E+01 7.67793E+06 1.18964E+08 % Pu242
0.00000E+00 4.76480E+03 1.04365E+09 1.55621E+10 % Am241
0.00000E+00 4.42678E+01 4.43981E+08 1.60682E+10 % Am244
0.00000E+00 4.92680E-02 4.45999E+05 1.62852E+07 % Am245
0.00000E+00 0.00000E+00 0.00000E+00 0.00000E+00 % lost data
5.97117E+09 3.35533E+18 3.72180E+18 3.76932E+18 % total
];

MAT_uco_H = [
0.00000E+00 4.48900E-09 6.96363E-08 1.21667E-07 % H3
0.00000E+00 1.76505E+03 1.77943E+03 1.77418E+03 % Xe135
2.33131E-03 2.32375E-03 2.20005E-03 2.06846E-03 % U235
1.92931E-03 1.92904E-03 1.92436E-03 1.91897E-03 % U238
0.00000E+00 7.75751E-07 1.63699E-02 1.54468E-01 % Pu238
0.00000E+00 2.84688E-02 9.08468E-01 1.65373E+00 % Pu239
0.00000E+00 3.57658E-04 2.00249E-01 7.06958E-01 % Pu240
0.00000E+00 8.39410E-07 9.46350E-03 6.79789E-02 % Pu241
0.00000E+00 2.71795E-11 6.12860E-06 9.49585E-05 % Pu242
0.00000E+00 4.27203E-09 9.35714E-04 1.39527E-02 % Am241
0.00000E+00 7.86361E-12 7.88676E-05 2.85432E-03 % Am244
0.00000E+00 2.48573E-15 2.25021E-08 8.21642E-07 % Am245
0.00000E+00 0.00000E+00 0.00000E+00 0.00000E+00 % lost data
4.26061E-03 1.20108E+06 1.23135E+06 1.22191E+06 % total
];

MAT_uco_SF = [
0.00000E+00 0.00000E+00 0.00000E+00 0.00000E+00 % H3
0.00000E+00 0.00000E+00 0.00000E+00 0.00000E+00 % Xe135
2.27129E-01 2.26392E-01 2.14341E-01 2.01520E-01 % U235
1.53787E+05 1.53765E+05 1.53393E+05 1.52963E+05 % U238
0.00000E+00 1.61148E-03 3.40055E+01 3.20878E+02 % Pu238
0.00000E+00 1.05095E-01 3.35370E+00 6.10489E+00 % Pu239
0.00000E+00 2.42319E+01 1.35672E+04 4.78974E+04 % Pu240
0.00000E+00 0.00000E+00 0.00000E+00 0.00000E+00 % Pu241
0.00000E+00 1.87278E-04 4.22286E+01 6.54303E+02 % Pu242
0.00000E+00 2.04886E-08 4.48768E-03 6.69172E-02 % Am241
0.00000E+00 0.00000E+00 0.00000E+00 0.00000E+00 % Am244
0.00000E+00 0.00000E+00 0.00000E+00 0.00000E+00 % Am245
0.00000E+00 0.00000E+00 0.00000E+00 0.00000E+00 % lost data
1.53787E+05 1.53790E+05 1.69007E+05 2.63498E+05 % total
];

MAT_uco_ING_TOX = [
0.00000E+00 2.06812E-04 3.20821E-03 5.60532E-03 % H3
0.00000E+00 4.11153E+09 4.14502E+09 4.13278E+09 % Xe135
1.48264E+02 1.47784E+02 1.39917E+02 1.31548E+02 % U235
1.26748E+02 1.26730E+02 1.26423E+02 1.26068E+02 % U238
0.00000E+00 1.99269E-01 4.20498E+03 3.96785E+04 % Pu238
0.00000E+00 8.47542E+03 2.70460E+05 4.92330E+05 % Pu239
0.00000E+00 1.06280E+02 5.95051E+04 2.10076E+05 % Pu240
0.00000E+00 4.69609E+00 5.29437E+04 3.80309E+05 % Pu241
0.00000E+00 8.17213E-06 1.84270E+00 2.85514E+01 % Pu242
0.00000E+00 9.52960E-04 2.08729E+02 3.11243E+03 % Am241
0.00000E+00 2.03632E-08 2.04231E-01 7.39138E+00 % Am244
0.00000E+00 3.05461E-12 2.76520E-05 1.00968E-03 % Am245
0.00000E+00 0.00000E+00 0.00000E+00 0.00000E+00 % lost data
2.75012E+02 4.52623E+10 6.08354E+10 6.06846E+10 % total
];

MAT_uco_INH_TOX = [
0.00000E+00 1.28027E-03 1.98603E-02 3.46996E-02 % H3
0.00000E+00 2.15366E+09 2.17120E+09 2.16479E+09 % Xe135
2.68138E+04 2.67268E+04 2.53041E+04 2.37906E+04 % U235
2.25329E+04 2.25297E+04 2.24751E+04 2.24121E+04 % U238
0.00000E+00 9.53026E+01 2.01108E+06 1.89767E+07 % Pu238
0.00000E+00 4.06820E+06 1.29821E+08 2.36318E+08 % Pu239
0.00000E+00 5.10145E+04 2.85624E+07 1.00837E+08 % Pu240
0.00000E+00 2.25021E+03 2.53689E+07 1.82231E+08 % Pu241
0.00000E+00 3.74556E-03 8.44572E+02 1.30861E+04 % Pu242
0.00000E+00 4.57421E-01 1.00190E+05 1.49396E+06 % Am241
0.00000E+00 1.63791E-07 1.64273E+00 5.94524E+01 % Am244
0.00000E+00 2.75901E-12 2.49760E-05 9.11971E-04 % Am245
0.00000E+00 0.00000E+00 0.00000E+00 0.00000E+00 % lost data
4.93467E+04 4.41515E+10 5.92011E+10 6.10208E+10 % total
];

TOT_VOLUME = [ 2.69784E+04 2.69784E+04 2.69784E+04 2.69784E+04 ];

TOT_BURNUP = [ 0.00000E+00 3.76072E-01 6.69406E+00 1.37641E+01 ];

TOT_ADENS = [
0.00000E+00 1.02376E-13 1.58813E-12 2.77475E-12 % H3
0.00000E+00 3.44501E-08 3.47307E-08 3.46282E-08 % Xe135
3.74777E-03 3.73561E-03 3.53676E-03 3.32521E-03 % U235
2.12374E-02 2.12344E-02 2.11829E-02 2.11235E-02 % U238
0.00000E+00 1.28225E-13 2.70581E-09 2.55322E-08 % Pu238
0.00000E+00 1.37937E-06 4.40170E-05 8.01262E-05 % Pu239
0.00000E+00 4.70698E-09 2.63539E-06 9.30396E-06 % Pu240
0.00000E+00 2.35933E-11 2.65991E-07 1.91068E-06 % Pu241
0.00000E+00 2.15483E-14 4.85885E-09 7.52845E-08 % Pu242
0.00000E+00 3.47850E-15 7.61905E-10 1.13610E-08 % Am241
0.00000E+00 8.60734E-23 8.63268E-16 3.12428E-14 % Am244
0.00000E+00 1.94437E-26 1.76014E-19 6.42698E-18 % Am245
0.00000E+00 7.94684E-08 1.42277E-06 2.93788E-06 % lost data
7.04339E-02 7.04436E-02 7.06061E-02 7.07876E-02 % total
];

