
ZAI = [
10030
541350
922350
922380
942380
942390
942400
942410
942420
952410
952440
952450
666
0
];

NAMES = [
'H3              '
'Xe135           '
'U235            '
'U238            '
'Pu238           '
'Pu239           '
'Pu240           '
'Pu241           '
'Pu242           '
'Am241           '
'Am244           '
'Am245           '
'lost            '
'total           '
];

i10030  = 1; iH3               = 1;
i541350 = 2; iXe135            = 2;
i922350 = 3; iU235             = 3;
i922380 = 4; iU238             = 4;
i942380 = 5; iPu238            = 5;
i942390 = 6; iPu239            = 6;
i942400 = 7; iPu240            = 7;
i942410 = 8; iPu241            = 8;
i942420 = 9; iPu242            = 9;
i952410 = 10; iAm241            = 10;
i952440 = 11; iAm244            = 11;
i952450 = 12; iAm245            = 12;
iLOST    = 13;
iTOT     = 14;

MAT_uco_VOLUME = [ 1.96207E+04 1.96207E+04 1.96207E+04 1.96207E+04 ];

MAT_uco_BURNUP = [ 0.00000E+00 5.17098E-01 9.20427E+00 1.89257E+01 ];

MAT_uco_ADENS = [
0.00000E+00 9.90923E-14 1.48475E-12 2.53511E-12 % H3
0.00000E+00 4.22387E-08 4.21427E-08 4.15215E-08 % Xe135
4.31104E-03 4.29439E-03 4.02186E-03 3.73159E-03 % U235
2.06805E-02 2.06771E-02 2.06183E-02 2.05504E-02 % U238
0.00000E+00 1.36848E-13 3.92888E-09 3.86520E-08 % Pu238
0.00000E+00 1.58117E-06 4.90010E-05 8.64841E-05 % Pu239
0.00000E+00 6.23675E-09 3.49366E-06 1.21484E-05 % Pu240
0.00000E+00 3.27446E-11 3.71886E-07 2.61642E-06 % Pu241
0.00000E+00 3.40731E-14 7.88268E-09 1.21839E-07 % Pu242
0.00000E+00 4.81089E-15 1.06410E-09 1.54790E-08 % Am241
0.00000E+00 1.49295E-22 1.52217E-15 5.45796E-14 % Am244
0.00000E+00 3.74721E-26 3.45552E-19 1.26444E-17 % Am245
0.00000E+00 1.09250E-07 1.95566E-06 4.03694E-06 % lost data
7.04520E-02 7.04652E-02 7.06886E-02 7.09381E-02 % total
];

MAT_uco_MDENS = [
0.00000E+00 4.96198E-13 7.43479E-12 1.26944E-11 % H3
0.00000E+00 9.46239E-06 9.44089E-06 9.30173E-06 % Xe135
1.68262E+00 1.67613E+00 1.56975E+00 1.45646E+00 % U235
8.17497E+00 8.17362E+00 8.15038E+00 8.12354E+00 % U238
0.00000E+00 5.40955E-11 1.55307E-06 1.52790E-05 % Pu238
0.00000E+00 6.27664E-04 1.94515E-02 3.43309E-02 % Pu239
0.00000E+00 2.48613E-06 1.39266E-03 4.84267E-03 % Pu240
0.00000E+00 1.31069E-08 1.48858E-04 1.04729E-03 % Pu241
0.00000E+00 1.36958E-11 3.16848E-06 4.89735E-05 % Pu242
0.00000E+00 1.92576E-12 4.25949E-07 6.19612E-06 % Am241
0.00000E+00 6.05071E-20 6.16912E-13 2.21203E-11 % Am244
0.00000E+00 1.52493E-23 1.40622E-16 5.14562E-15 % Am245
0.00000E+00 0.00000E+00 0.00000E+00 0.00000E+00 % lost data
1.10000E+01 1.09999E+01 1.09986E+01 1.09972E+01 % total
];

MAT_uco_A = [
0.00000E+00 3.46629E+06 5.19372E+07 8.86794E+07 % H3
0.00000E+00 1.74583E+16 1.74186E+16 1.71619E+16 % Xe135
2.63904E+09 2.62885E+09 2.46202E+09 2.28432E+09 % U235
1.99473E+09 1.99440E+09 1.98873E+09 1.98218E+09 % U238
0.00000E+00 6.72473E+05 1.93066E+10 1.89937E+11 % Pu238
0.00000E+00 2.82630E+10 8.75879E+11 1.54588E+12 % Pu239
0.00000E+00 4.09661E+08 2.29481E+11 7.97970E+11 % Pu240
0.00000E+00 9.87514E+08 1.12154E+13 7.89062E+13 % Pu241
0.00000E+00 3.91580E+01 9.05905E+06 1.40021E+08 % Pu242
0.00000E+00 4.79265E+03 1.06007E+09 1.54204E+10 % Am241
0.00000E+00 5.58421E+01 5.69349E+08 2.04149E+10 % Am244
0.00000E+00 6.90546E-02 6.36792E+05 2.33014E+07 % Am245
0.00000E+00 0.00000E+00 0.00000E+00 0.00000E+00 % lost data
4.63377E+09 3.29780E+18 3.63810E+18 3.67912E+18 % total
];

MAT_uco_H = [
0.00000E+00 3.16001E-09 4.73480E-08 8.08435E-08 % H3
0.00000E+00 1.57389E+03 1.57032E+03 1.54717E+03 % Xe135
1.95032E-03 1.94279E-03 1.81949E-03 1.68818E-03 % U235
1.36634E-03 1.36611E-03 1.36223E-03 1.35774E-03 % U238
0.00000E+00 6.02123E-07 1.72868E-02 1.70067E-01 % Pu238
0.00000E+00 2.37337E-02 7.35514E-01 1.29814E+00 % Pu239
0.00000E+00 3.44652E-04 1.93065E-01 6.71340E-01 % Pu240
0.00000E+00 8.47270E-07 9.62261E-03 6.77002E-02 % Pu241
0.00000E+00 3.12564E-11 7.23103E-06 1.11766E-04 % Pu242
0.00000E+00 4.29701E-09 9.50435E-04 1.38256E-02 % Am241
0.00000E+00 9.91964E-12 1.01138E-04 3.62644E-03 % Am244
0.00000E+00 3.48403E-15 3.21283E-08 1.17563E-06 % Am245
0.00000E+00 0.00000E+00 0.00000E+00 0.00000E+00 % lost data
3.31666E-03 1.19629E+06 1.21971E+06 1.20867E+06 % total
];

MAT_uco_SF = [
0.00000E+00 0.00000E+00 0.00000E+00 0.00000E+00 % H3
0.00000E+00 0.00000E+00 0.00000E+00 0.00000E+00 % Xe135
1.90011E-01 1.89277E-01 1.77265E-01 1.64471E-01 % U235
1.08912E+05 1.08894E+05 1.08585E+05 1.08227E+05 % U238
0.00000E+00 1.25080E-03 3.59102E+01 3.53282E+02 % Pu238
0.00000E+00 8.76153E-02 2.71522E+00 4.79223E+00 % Pu239
0.00000E+00 2.33507E+01 1.30804E+04 4.54843E+04 % Pu240
0.00000E+00 0.00000E+00 0.00000E+00 0.00000E+00 % Pu241
0.00000E+00 2.15369E-04 4.98248E+01 7.70116E+02 % Pu242
0.00000E+00 2.06084E-08 4.55828E-03 6.63075E-02 % Am241
0.00000E+00 0.00000E+00 0.00000E+00 0.00000E+00 % Am244
0.00000E+00 0.00000E+00 0.00000E+00 0.00000E+00 % Am245
0.00000E+00 0.00000E+00 0.00000E+00 0.00000E+00 % lost data
1.08913E+05 1.08918E+05 1.24018E+05 2.25244E+05 % total
];

MAT_uco_ING_TOX = [
0.00000E+00 1.45584E-04 2.18136E-03 3.72453E-03 % H3
0.00000E+00 3.66624E+09 3.65791E+09 3.60399E+09 % Xe135
1.24035E+02 1.23556E+02 1.15715E+02 1.07363E+02 % U235
8.97629E+01 8.97481E+01 8.94930E+01 8.91983E+01 % U238
0.00000E+00 1.54669E-01 4.44051E+03 4.36854E+04 % Pu238
0.00000E+00 7.06575E+03 2.18970E+05 3.86470E+05 % Pu239
0.00000E+00 1.02415E+02 5.73704E+04 1.99492E+05 % Pu240
0.00000E+00 4.74007E+00 5.38338E+04 3.78750E+05 % Pu241
0.00000E+00 9.39793E-06 2.17417E+00 3.36051E+01 % Pu242
0.00000E+00 9.58531E-04 2.12013E+02 3.08407E+03 % Am241
0.00000E+00 2.56873E-08 2.61901E-01 9.39084E+00 % Am244
0.00000E+00 4.28138E-12 3.94811E-05 1.44469E-03 % Am245
0.00000E+00 0.00000E+00 0.00000E+00 0.00000E+00 % lost data
2.13798E+02 4.47691E+10 5.99953E+10 5.97011E+10 % total
];

MAT_uco_INH_TOX = [
0.00000E+00 9.01236E-04 1.35037E-02 2.30566E-02 % H3
0.00000E+00 1.92041E+09 1.91605E+09 1.88781E+09 % Xe135
2.24319E+04 2.23452E+04 2.09271E+04 1.94168E+04 % U235
1.59579E+04 1.59552E+04 1.59099E+04 1.58575E+04 % U238
0.00000E+00 7.39720E+01 2.12372E+06 2.08930E+07 % Pu238
0.00000E+00 3.39156E+06 1.05105E+08 1.85506E+08 % Pu239
0.00000E+00 4.91594E+04 2.75378E+07 9.57564E+07 % Pu240
0.00000E+00 2.27128E+03 2.57954E+07 1.81484E+08 % Pu241
0.00000E+00 4.30738E-03 9.96495E+02 1.54023E+04 % Pu242
0.00000E+00 4.60095E-01 1.01766E+05 1.48035E+06 % Am241
0.00000E+00 2.06616E-07 2.10659E+00 7.55350E+01 % Am244
0.00000E+00 3.86705E-12 3.56603E-05 1.30488E-03 % Am245
0.00000E+00 0.00000E+00 0.00000E+00 0.00000E+00 % lost data
3.83897E+04 4.38487E+10 5.85465E+10 6.02076E+10 % total
];

TOT_VOLUME = [ 1.96207E+04 1.96207E+04 1.96207E+04 1.96207E+04 ];

TOT_BURNUP = [ 0.00000E+00 5.17098E-01 9.20427E+00 1.89257E+01 ];

TOT_ADENS = [
0.00000E+00 9.90923E-14 1.48475E-12 2.53511E-12 % H3
0.00000E+00 4.22387E-08 4.21427E-08 4.15215E-08 % Xe135
4.31104E-03 4.29439E-03 4.02186E-03 3.73159E-03 % U235
2.06805E-02 2.06771E-02 2.06183E-02 2.05504E-02 % U238
0.00000E+00 1.36848E-13 3.92888E-09 3.86520E-08 % Pu238
0.00000E+00 1.58117E-06 4.90010E-05 8.64841E-05 % Pu239
0.00000E+00 6.23675E-09 3.49366E-06 1.21484E-05 % Pu240
0.00000E+00 3.27446E-11 3.71886E-07 2.61642E-06 % Pu241
0.00000E+00 3.40731E-14 7.88268E-09 1.21839E-07 % Pu242
0.00000E+00 4.81089E-15 1.06410E-09 1.54790E-08 % Am241
0.00000E+00 1.49295E-22 1.52217E-15 5.45796E-14 % Am244
0.00000E+00 3.74721E-26 3.45552E-19 1.26444E-17 % Am245
0.00000E+00 1.09250E-07 1.95566E-06 4.03694E-06 % lost data
7.04520E-02 7.04652E-02 7.06886E-02 7.09381E-02 % total
];

