
DET1001 = [
    1    1    1    1    1    1    1    1    1    1  5.00242E+18 0.00433 
    2    2    1    1    1    1    1    1    1    1  1.79979E+18 0.00571 
    3    3    1    1    1    1    1    1    1    1  1.63730E+17 0.01226 
];


DET1001E = [
 1.00000E-09  6.25000E-07  3.13000E-07
 6.25000E-07  1.00000E-01  5.00003E-02
 1.00000E-01  2.00000E+01  1.00500E+01
];

DET1002 = [
    1    1    1    1    1    1    1    1    1    1  1.95038E+17 0.00685 
    2    2    1    1    1    1    1    1    1    1  4.11831E+17 0.00446 
    3    3    1    1    1    1    1    1    1    1  1.87203E+17 0.00613 
];


DET1002E = [
 1.00000E-09  6.25000E-07  3.13000E-07
 6.25000E-07  1.00000E-01  5.00003E-02
 1.00000E-01  2.00000E+01  1.00500E+01
];
