
DET1001 = [
    1    1    1    1    1    1    1    1    1    1  4.92407E+18 0.00455 
    2    2    1    1    1    1    1    1    1    1  1.74283E+18 0.00599 
    3    3    1    1    1    1    1    1    1    1  1.56145E+17 0.01270 
];


DET1001E = [
 1.00000E-09  6.25000E-07  3.13000E-07
 6.25000E-07  1.00000E-01  5.00003E-02
 1.00000E-01  2.00000E+01  1.00500E+01
];

DET1002 = [
    1    1    1    1    1    1    1    1    1    1  1.93633E+17 0.00676 
    2    2    1    1    1    1    1    1    1    1  3.97592E+17 0.00476 
    3    3    1    1    1    1    1    1    1    1  1.79865E+17 0.00576 
];


DET1002E = [
 1.00000E-09  6.25000E-07  3.13000E-07
 6.25000E-07  1.00000E-01  5.00003E-02
 1.00000E-01  2.00000E+01  1.00500E+01
];
