
DET1001 = [
    1    1    1    1    1    1    1    1    1    1  5.12724E+18 0.00431 
    2    2    1    1    1    1    1    1    1    1  1.85913E+18 0.00611 
    3    3    1    1    1    1    1    1    1    1  1.65649E+17 0.01147 
];


DET1001E = [
 1.00000E-09  6.25000E-07  3.13000E-07
 6.25000E-07  1.00000E-01  5.00003E-02
 1.00000E-01  2.00000E+01  1.00500E+01
];

DET1002 = [
    1    1    1    1    1    1    1    1    1    1  1.98652E+17 0.00648 
    2    2    1    1    1    1    1    1    1    1  4.22945E+17 0.00476 
    3    3    1    1    1    1    1    1    1    1  1.94365E+17 0.00639 
];


DET1002E = [
 1.00000E-09  6.25000E-07  3.13000E-07
 6.25000E-07  1.00000E-01  5.00003E-02
 1.00000E-01  2.00000E+01  1.00500E+01
];
