
DET1001 = [
    1    1    1    1    1    1    1    1    1    1  4.08383E+18 0.00459 
    2    2    1    1    1    1    1    1    1    1  1.66916E+18 0.00635 
    3    3    1    1    1    1    1    1    1    1  1.55487E+17 0.01176 
];


DET1001E = [
 1.00000E-09  6.25000E-07  3.13000E-07
 6.25000E-07  1.00000E-01  5.00003E-02
 1.00000E-01  2.00000E+01  1.00500E+01
];

DET1002 = [
    1    1    1    1    1    1    1    1    1    1  1.17816E+17 0.00835 
    2    2    1    1    1    1    1    1    1    1  3.65465E+17 0.00501 
    3    3    1    1    1    1    1    1    1    1  1.72751E+17 0.00625 
];


DET1002E = [
 1.00000E-09  6.25000E-07  3.13000E-07
 6.25000E-07  1.00000E-01  5.00003E-02
 1.00000E-01  2.00000E+01  1.00500E+01
];
