
DET1001 = [
    1    1    1    1    1    1    1    1    1    1  3.93126E+18 0.00480 
    2    2    1    1    1    1    1    1    1    1  1.59427E+18 0.00589 
    3    3    1    1    1    1    1    1    1    1  1.45402E+17 0.01140 
];


DET1001E = [
 1.00000E-09  6.25000E-07  3.13000E-07
 6.25000E-07  1.00000E-01  5.00003E-02
 1.00000E-01  2.00000E+01  1.00500E+01
];

DET1002 = [
    1    1    1    1    1    1    1    1    1    1  1.15959E+17 0.00804 
    2    2    1    1    1    1    1    1    1    1  3.41744E+17 0.00495 
    3    3    1    1    1    1    1    1    1    1  1.63888E+17 0.00650 
];


DET1002E = [
 1.00000E-09  6.25000E-07  3.13000E-07
 6.25000E-07  1.00000E-01  5.00003E-02
 1.00000E-01  2.00000E+01  1.00500E+01
];
