
DET1001 = [
    1    1    1    1    1    1    1    1    1    1  4.00878E+18 0.00488 
    2    2    1    1    1    1    1    1    1    1  1.61766E+18 0.00629 
    3    3    1    1    1    1    1    1    1    1  1.45879E+17 0.01277 
];


DET1001E = [
 1.00000E-09  6.25000E-07  3.13000E-07
 6.25000E-07  1.00000E-01  5.00003E-02
 1.00000E-01  2.00000E+01  1.00500E+01
];

DET1002 = [
    1    1    1    1    1    1    1    1    1    1  1.16538E+17 0.00827 
    2    2    1    1    1    1    1    1    1    1  3.51196E+17 0.00502 
    3    3    1    1    1    1    1    1    1    1  1.65990E+17 0.00642 
];


DET1002E = [
 1.00000E-09  6.25000E-07  3.13000E-07
 6.25000E-07  1.00000E-01  5.00003E-02
 1.00000E-01  2.00000E+01  1.00500E+01
];
