
ZAI = [
10030
541350
922350
922380
942380
942390
942400
942410
942420
952410
952440
952450
666
0
];

NAMES = [
'H3              '
'Xe135           '
'U235            '
'U238            '
'Pu238           '
'Pu239           '
'Pu240           '
'Pu241           '
'Pu242           '
'Am241           '
'Am244           '
'Am245           '
'lost            '
'total           '
];

i10030  = 1; iH3               = 1;
i541350 = 2; iXe135            = 2;
i922350 = 3; iU235             = 3;
i922380 = 4; iU238             = 4;
i942380 = 5; iPu238            = 5;
i942390 = 6; iPu239            = 6;
i942400 = 7; iPu240            = 7;
i942410 = 8; iPu241            = 8;
i942420 = 9; iPu242            = 9;
i952410 = 10; iAm241            = 10;
i952440 = 11; iAm244            = 11;
i952450 = 12; iAm245            = 12;
iLOST    = 13;
iTOT     = 14;

MAT_uco_VOLUME = [ 2.20231E+04 2.20231E+04 2.20231E+04 2.20231E+04 ];

MAT_uco_BURNUP = [ 0.00000E+00 4.60706E-01 8.20059E+00 1.68619E+01 ];

MAT_uco_ADENS = [
0.00000E+00 1.07282E-13 1.67297E-12 3.02372E-12 % H3
0.00000E+00 4.46370E-08 4.47268E-08 4.44112E-08 % Xe135
4.87458E-03 4.85959E-03 4.61296E-03 4.34817E-03 % U235
2.01233E-02 2.01201E-02 2.00653E-02 2.00022E-02 % U238
0.00000E+00 1.33582E-13 3.40885E-09 3.31288E-08 % Pu238
0.00000E+00 1.47054E-06 4.74948E-05 8.71296E-05 % Pu239
0.00000E+00 4.71501E-09 2.61465E-06 9.31150E-06 % Pu240
0.00000E+00 2.42935E-11 2.71511E-07 1.97765E-06 % Pu241
0.00000E+00 1.98081E-14 4.42570E-09 6.96578E-08 % Pu242
0.00000E+00 3.60283E-15 7.78900E-10 1.17847E-08 % Am241
0.00000E+00 8.64877E-23 8.61017E-16 3.08983E-14 % Am244
0.00000E+00 1.72993E-26 1.56163E-19 5.67805E-18 % Am245
0.00000E+00 9.73665E-08 1.74105E-06 3.59225E-06 % lost data
7.04699E-02 7.04817E-02 7.06807E-02 7.09030E-02 % total
];

MAT_uco_MDENS = [
0.00000E+00 5.37209E-13 8.37731E-12 1.51411E-11 % H3
0.00000E+00 9.99965E-06 1.00198E-05 9.94909E-06 % Xe135
1.90258E+00 1.89673E+00 1.80046E+00 1.69712E+00 % U235
7.95473E+00 7.95347E+00 7.93180E+00 7.90686E+00 % U238
0.00000E+00 5.28044E-11 1.34751E-06 1.30957E-05 % Pu238
0.00000E+00 5.83750E-04 1.88536E-02 3.45871E-02 % Pu239
0.00000E+00 1.87952E-06 1.04227E-03 3.71180E-03 % Pu240
0.00000E+00 9.72414E-09 1.08680E-04 7.91606E-04 % Pu241
0.00000E+00 7.96193E-12 1.77893E-06 2.79992E-05 % Pu242
0.00000E+00 1.44218E-12 3.11786E-07 4.71733E-06 % Am241
0.00000E+00 3.50522E-20 3.48958E-13 1.25226E-11 % Am244
0.00000E+00 7.03993E-24 6.35503E-17 2.31068E-15 % Am245
0.00000E+00 0.00000E+00 0.00000E+00 0.00000E+00 % lost data
1.10000E+01 1.09999E+01 1.09988E+01 1.09975E+01 % total
];

MAT_uco_A = [
0.00000E+00 4.21228E+06 6.56869E+07 1.18722E+08 % H3
0.00000E+00 2.07086E+16 2.07503E+16 2.06039E+16 % Xe135
3.34939E+09 3.33909E+09 3.16963E+09 2.98768E+09 % U235
2.17865E+09 2.17831E+09 2.17237E+09 2.16554E+09 % U238
0.00000E+00 7.36796E+05 1.88022E+10 1.82729E+11 % Pu238
0.00000E+00 2.95040E+10 9.52904E+11 1.74811E+12 % Pu239
0.00000E+00 3.47627E+08 1.92772E+11 6.86516E+11 % Pu240
0.00000E+00 8.22353E+08 9.19085E+12 6.69447E+13 % Pu241
0.00000E+00 2.55514E+01 5.70892E+06 8.98551E+07 % Pu242
0.00000E+00 4.02864E+03 8.70956E+08 1.31775E+10 % Am241
0.00000E+00 3.63107E+01 3.61487E+08 1.29722E+10 % Am244
0.00000E+00 3.57830E-02 3.23017E+05 1.17448E+07 % Am245
0.00000E+00 0.00000E+00 0.00000E+00 0.00000E+00 % lost data
5.52804E+09 3.31371E+18 3.66738E+18 3.71700E+18 % total
];

MAT_uco_H = [
0.00000E+00 3.84008E-09 5.98827E-08 1.08231E-07 % H3
0.00000E+00 1.86691E+03 1.87067E+03 1.85747E+03 % Xe135
2.47529E-03 2.46767E-03 2.34244E-03 2.20798E-03 % U235
1.49232E-03 1.49208E-03 1.48802E-03 1.48334E-03 % U238
0.00000E+00 6.59717E-07 1.68352E-02 1.63613E-01 % Pu238
0.00000E+00 2.47759E-02 8.00196E-01 1.46797E+00 % Pu239
0.00000E+00 2.92462E-04 1.62181E-01 5.77573E-01 % Pu240
0.00000E+00 7.05565E-07 7.88559E-03 5.74375E-02 % Pu241
0.00000E+00 2.03954E-11 4.55693E-06 7.17233E-05 % Pu242
0.00000E+00 3.61201E-09 7.80883E-04 1.18147E-02 % Am241
0.00000E+00 6.45014E-12 6.42136E-05 2.30435E-03 % Am244
0.00000E+00 1.80537E-15 1.62973E-08 5.92566E-07 % Am245
0.00000E+00 0.00000E+00 0.00000E+00 0.00000E+00 % lost data
3.96761E-03 1.19798E+06 1.22651E+06 1.21946E+06 % total
];

MAT_uco_SF = [
0.00000E+00 0.00000E+00 0.00000E+00 0.00000E+00 % H3
0.00000E+00 0.00000E+00 0.00000E+00 0.00000E+00 % Xe135
2.41156E-01 2.40414E-01 2.28213E-01 2.15113E-01 % U235
1.18954E+05 1.18936E+05 1.18611E+05 1.18239E+05 % U238
0.00000E+00 1.37044E-03 3.49721E+01 3.39875E+02 % Pu238
0.00000E+00 9.14625E-02 2.95400E+00 5.41915E+00 % Pu239
0.00000E+00 1.98147E+01 1.09880E+04 3.91314E+04 % Pu240
0.00000E+00 0.00000E+00 0.00000E+00 0.00000E+00 % Pu241
0.00000E+00 1.40533E-04 3.13991E+01 4.94203E+02 % Pu242
0.00000E+00 1.73232E-08 3.74511E-03 5.66635E-02 % Am241
0.00000E+00 0.00000E+00 0.00000E+00 0.00000E+00 % Am244
0.00000E+00 0.00000E+00 0.00000E+00 0.00000E+00 % Am245
0.00000E+00 0.00000E+00 0.00000E+00 0.00000E+00 % lost data
1.18955E+05 1.18956E+05 1.31177E+05 2.06272E+05 % total
];

MAT_uco_ING_TOX = [
0.00000E+00 1.76916E-04 2.75885E-03 4.98632E-03 % H3
0.00000E+00 4.34880E+09 4.35756E+09 4.32681E+09 % Xe135
1.57421E+02 1.56937E+02 1.48972E+02 1.40421E+02 % U235
9.80393E+01 9.80238E+01 9.77567E+01 9.74494E+01 % U238
0.00000E+00 1.69463E-01 4.32450E+03 4.20276E+04 % Pu238
0.00000E+00 7.37601E+03 2.38226E+05 4.37028E+05 % Pu239
0.00000E+00 8.69068E+01 4.81930E+04 1.71629E+05 % Pu240
0.00000E+00 3.94729E+00 4.41161E+04 3.21335E+05 % Pu241
0.00000E+00 6.13233E-06 1.37014E+00 2.15652E+01 % Pu242
0.00000E+00 8.05728E-04 1.74191E+02 2.63551E+03 % Am241
0.00000E+00 1.67029E-08 1.66284E-01 5.96722E+00 % Am244
0.00000E+00 2.21854E-12 2.00271E-05 7.28180E-04 % Am245
0.00000E+00 0.00000E+00 0.00000E+00 0.00000E+00 % lost data
2.55461E+02 4.54787E+10 6.08612E+10 6.07253E+10 % total
];

MAT_uco_INH_TOX = [
0.00000E+00 1.09519E-03 1.70786E-02 3.08677E-02 % H3
0.00000E+00 2.27794E+09 2.28253E+09 2.26642E+09 % Xe135
2.84698E+04 2.83823E+04 2.69418E+04 2.53953E+04 % U235
1.74292E+04 1.74265E+04 1.73790E+04 1.73243E+04 % U238
0.00000E+00 8.10475E+01 2.06824E+06 2.01001E+07 % Pu238
0.00000E+00 3.54048E+06 1.14348E+08 2.09773E+08 % Pu239
0.00000E+00 4.17153E+04 2.31326E+07 8.23819E+07 % Pu240
0.00000E+00 1.89141E+03 2.11389E+07 1.53973E+08 % Pu241
0.00000E+00 2.81065E-03 6.27982E+02 9.88406E+03 % Pu242
0.00000E+00 3.86750E-01 8.36117E+04 1.26504E+06 % Am241
0.00000E+00 1.34350E-07 1.33750E+00 4.79972E+01 % Am244
0.00000E+00 2.00385E-12 1.80889E-05 6.57711E-04 % Am245
0.00000E+00 0.00000E+00 0.00000E+00 0.00000E+00 % lost data
4.58991E+04 4.42444E+10 5.90558E+10 6.08279E+10 % total
];

TOT_VOLUME = [ 2.20231E+04 2.20231E+04 2.20231E+04 2.20231E+04 ];

TOT_BURNUP = [ 0.00000E+00 4.60706E-01 8.20059E+00 1.68619E+01 ];

TOT_ADENS = [
0.00000E+00 1.07282E-13 1.67297E-12 3.02372E-12 % H3
0.00000E+00 4.46370E-08 4.47268E-08 4.44112E-08 % Xe135
4.87458E-03 4.85959E-03 4.61296E-03 4.34817E-03 % U235
2.01233E-02 2.01201E-02 2.00653E-02 2.00022E-02 % U238
0.00000E+00 1.33582E-13 3.40885E-09 3.31288E-08 % Pu238
0.00000E+00 1.47054E-06 4.74948E-05 8.71296E-05 % Pu239
0.00000E+00 4.71501E-09 2.61465E-06 9.31150E-06 % Pu240
0.00000E+00 2.42935E-11 2.71511E-07 1.97765E-06 % Pu241
0.00000E+00 1.98081E-14 4.42570E-09 6.96578E-08 % Pu242
0.00000E+00 3.60283E-15 7.78900E-10 1.17847E-08 % Am241
0.00000E+00 8.64877E-23 8.61017E-16 3.08983E-14 % Am244
0.00000E+00 1.72993E-26 1.56163E-19 5.67805E-18 % Am245
0.00000E+00 9.73665E-08 1.74105E-06 3.59225E-06 % lost data
7.04699E-02 7.04817E-02 7.06807E-02 7.09030E-02 % total
];

