
DET1001 = [
    1    1    1    1    1    1    1    1    1    1  4.85750E+18 0.00424 
    2    2    1    1    1    1    1    1    1    1  1.82428E+18 0.00540 
    3    3    1    1    1    1    1    1    1    1  1.90180E+17 0.01122 
];


DET1001E = [
 1.00000E-09  6.25000E-07  3.13000E-07
 6.25000E-07  1.00000E-01  5.00003E-02
 1.00000E-01  2.00000E+01  1.00500E+01
];

DET1002 = [
    1    1    1    1    1    1    1    1    1    1  1.52642E+17 0.00788 
    2    2    1    1    1    1    1    1    1    1  3.67861E+17 0.00466 
    3    3    1    1    1    1    1    1    1    1  1.73254E+17 0.00660 
];


DET1002E = [
 1.00000E-09  6.25000E-07  3.13000E-07
 6.25000E-07  1.00000E-01  5.00003E-02
 1.00000E-01  2.00000E+01  1.00500E+01
];
