
DET1001 = [
    1    1    1    1    1    1    1    1    1    1  5.05949E+18 0.00468 
    2    2    1    1    1    1    1    1    1    1  1.94945E+18 0.00628 
    3    3    1    1    1    1    1    1    1    1  1.99832E+17 0.01151 
];


DET1001E = [
 1.00000E-09  6.25000E-07  3.13000E-07
 6.25000E-07  1.00000E-01  5.00003E-02
 1.00000E-01  2.00000E+01  1.00500E+01
];

DET1002 = [
    1    1    1    1    1    1    1    1    1    1  1.53878E+17 0.00765 
    2    2    1    1    1    1    1    1    1    1  3.99221E+17 0.00485 
    3    3    1    1    1    1    1    1    1    1  1.91142E+17 0.00653 
];


DET1002E = [
 1.00000E-09  6.25000E-07  3.13000E-07
 6.25000E-07  1.00000E-01  5.00003E-02
 1.00000E-01  2.00000E+01  1.00500E+01
];
