
DET1001 = [
    1    1    1    1    1    1    1    1    1    1  4.89295E+18 0.00479 
    2    2    1    1    1    1    1    1    1    1  1.86473E+18 0.00596 
    3    3    1    1    1    1    1    1    1    1  1.91276E+17 0.01077 
];


DET1001E = [
 1.00000E-09  6.25000E-07  3.13000E-07
 6.25000E-07  1.00000E-01  5.00003E-02
 1.00000E-01  2.00000E+01  1.00500E+01
];

DET1002 = [
    1    1    1    1    1    1    1    1    1    1  1.50312E+17 0.00746 
    2    2    1    1    1    1    1    1    1    1  3.72220E+17 0.00481 
    3    3    1    1    1    1    1    1    1    1  1.77784E+17 0.00657 
];


DET1002E = [
 1.00000E-09  6.25000E-07  3.13000E-07
 6.25000E-07  1.00000E-01  5.00003E-02
 1.00000E-01  2.00000E+01  1.00500E+01
];
