
ZAI = [
10030
541350
922350
922380
942380
942390
942400
942410
942420
952410
952440
952450
666
0
];

NAMES = [
'H3              '
'Xe135           '
'U235            '
'U238            '
'Pu238           '
'Pu239           '
'Pu240           '
'Pu241           '
'Pu242           '
'Am241           '
'Am244           '
'Am245           '
'lost            '
'total           '
];

i10030  = 1; iH3               = 1;
i541350 = 2; iXe135            = 2;
i922350 = 3; iU235             = 3;
i922380 = 4; iU238             = 4;
i942380 = 5; iPu238            = 5;
i942390 = 6; iPu239            = 6;
i942400 = 7; iPu240            = 7;
i942410 = 8; iPu241            = 8;
i942420 = 9; iPu242            = 9;
i952410 = 10; iAm241            = 10;
i952440 = 11; iAm244            = 11;
i952450 = 12; iAm245            = 12;
iLOST    = 13;
iTOT     = 14;

MAT_uco_VOLUME = [ 2.41547E+04 2.41547E+04 2.41547E+04 2.41547E+04 ];

MAT_uco_BURNUP = [ 0.00000E+00 4.20038E-01 7.47676E+00 1.53735E+01 ];

MAT_uco_ADENS = [
0.00000E+00 9.46515E-14 1.47886E-12 2.60304E-12 % H3
0.00000E+00 3.91282E-08 3.92429E-08 3.89326E-08 % Xe135
4.31104E-03 4.29745E-03 4.07423E-03 3.83506E-03 % U235
2.06805E-02 2.06776E-02 2.06273E-02 2.05696E-02 % U238
0.00000E+00 1.13734E-13 2.70831E-09 2.60770E-08 % Pu238
0.00000E+00 1.34506E-06 4.32489E-05 7.88239E-05 % Pu239
0.00000E+00 4.40232E-09 2.50001E-06 8.93289E-06 % Pu240
0.00000E+00 2.11394E-11 2.42928E-07 1.76565E-06 % Pu241
0.00000E+00 1.80793E-14 4.16682E-09 6.56719E-08 % Pu242
0.00000E+00 3.11858E-15 6.95950E-10 1.05037E-08 % Am241
0.00000E+00 6.54449E-23 7.06104E-16 2.46929E-14 % Am244
0.00000E+00 1.36807E-26 1.33590E-19 4.71739E-18 % Am245
0.00000E+00 8.87571E-08 1.58742E-06 3.27576E-06 % lost data
7.04520E-02 7.04628E-02 7.06442E-02 7.08469E-02 % total
];

MAT_uco_MDENS = [
0.00000E+00 4.73962E-13 7.40529E-12 1.30346E-11 % H3
0.00000E+00 8.76558E-06 8.79128E-06 8.72175E-06 % Xe135
1.68262E+00 1.67732E+00 1.59020E+00 1.49685E+00 % U235
8.17497E+00 8.17382E+00 8.15397E+00 8.13115E+00 % U238
0.00000E+00 4.49585E-11 1.07059E-06 1.03082E-05 % Pu238
0.00000E+00 5.33937E-04 1.71681E-02 3.12901E-02 % Pu239
0.00000E+00 1.75488E-06 9.96570E-04 3.56088E-03 % Pu240
0.00000E+00 8.46163E-09 9.72386E-05 7.06748E-04 % Pu241
0.00000E+00 7.26704E-12 1.67487E-06 2.63971E-05 % Pu242
0.00000E+00 1.24834E-12 2.78582E-07 4.20453E-06 % Am241
0.00000E+00 2.65239E-20 2.86174E-13 1.00077E-11 % Am244
0.00000E+00 5.56734E-24 5.43644E-17 1.91974E-15 % Am245
0.00000E+00 0.00000E+00 0.00000E+00 0.00000E+00 % lost data
1.10000E+01 1.09999E+01 1.09989E+01 1.09978E+01 % total
];

MAT_uco_A = [
0.00000E+00 4.07605E+06 6.36853E+07 1.12097E+08 % H3
0.00000E+00 1.99099E+16 1.99682E+16 1.98103E+16 % Xe135
3.24887E+09 3.23864E+09 3.07041E+09 2.89017E+09 % U235
2.45568E+09 2.45533E+09 2.44937E+09 2.44251E+09 % U238
0.00000E+00 6.88038E+05 1.63841E+10 1.57754E+11 % Pu238
0.00000E+00 2.95983E+10 9.51701E+11 1.73454E+12 % Pu239
0.00000E+00 3.55988E+08 2.02160E+11 7.22347E+11 % Pu240
0.00000E+00 7.84844E+08 9.01921E+12 6.55533E+13 % Pu241
0.00000E+00 2.55786E+01 5.89523E+06 9.29126E+07 % Pu242
0.00000E+00 3.82466E+03 8.53522E+08 1.28819E+10 % Am241
0.00000E+00 3.01355E+01 3.25141E+08 1.13704E+10 % Am244
0.00000E+00 3.10369E-02 3.03071E+05 1.07022E+07 % Am245
0.00000E+00 0.00000E+00 0.00000E+00 0.00000E+00 % lost data
5.70455E+09 3.31373E+18 3.66764E+18 3.71523E+18 % total
];

MAT_uco_H = [
0.00000E+00 3.71589E-09 5.80579E-08 1.02192E-07 % H3
0.00000E+00 1.79491E+03 1.80017E+03 1.78593E+03 % Xe135
2.40100E-03 2.39344E-03 2.26912E-03 2.13591E-03 % U235
1.68208E-03 1.68184E-03 1.67775E-03 1.67306E-03 % U238
0.00000E+00 6.16060E-07 1.46701E-02 1.41251E-01 % Pu238
0.00000E+00 2.48550E-02 7.99186E-01 1.45657E+00 % Pu239
0.00000E+00 2.99496E-04 1.70080E-01 6.07718E-01 % Pu240
0.00000E+00 6.73383E-07 7.73833E-03 5.62436E-02 % Pu241
0.00000E+00 2.04171E-11 4.70563E-06 7.41639E-05 % Pu242
0.00000E+00 3.42912E-09 7.65253E-04 1.15497E-02 % Am241
0.00000E+00 5.35320E-12 5.77572E-05 2.01980E-03 % Am244
0.00000E+00 1.56591E-15 1.52910E-08 5.39961E-07 % Am245
0.00000E+00 0.00000E+00 0.00000E+00 0.00000E+00 % lost data
4.08308E-03 1.19790E+06 1.22617E+06 1.21837E+06 % total
];

MAT_uco_SF = [
0.00000E+00 0.00000E+00 0.00000E+00 0.00000E+00 % H3
0.00000E+00 0.00000E+00 0.00000E+00 0.00000E+00 % Xe135
2.33919E-01 2.33182E-01 2.21070E-01 2.08092E-01 % U235
1.34080E+05 1.34061E+05 1.33736E+05 1.33361E+05 % U238
0.00000E+00 1.27975E-03 3.04743E+01 2.93423E+02 % Pu238
0.00000E+00 9.17548E-02 2.95027E+00 5.37707E+00 % Pu239
0.00000E+00 2.02913E+01 1.15231E+04 4.11738E+04 % Pu240
0.00000E+00 0.00000E+00 0.00000E+00 0.00000E+00 % Pu241
0.00000E+00 1.40682E-04 3.24237E+01 5.11019E+02 % Pu242
0.00000E+00 1.64461E-08 3.67015E-03 5.53921E-02 % Am241
0.00000E+00 0.00000E+00 0.00000E+00 0.00000E+00 % Am244
0.00000E+00 0.00000E+00 0.00000E+00 0.00000E+00 % Am245
0.00000E+00 0.00000E+00 0.00000E+00 0.00000E+00 % lost data
1.34080E+05 1.34082E+05 1.46839E+05 2.23416E+05 % total
];

MAT_uco_ING_TOX = [
0.00000E+00 1.71194E-04 2.67478E-03 4.70807E-03 % H3
0.00000E+00 4.18107E+09 4.19333E+09 4.16017E+09 % Xe135
1.52697E+02 1.52216E+02 1.44309E+02 1.35838E+02 % U235
1.10505E+02 1.10490E+02 1.10222E+02 1.09913E+02 % U238
0.00000E+00 1.58249E-01 3.76833E+03 3.62835E+04 % Pu238
0.00000E+00 7.39958E+03 2.37925E+05 4.33635E+05 % Pu239
0.00000E+00 8.89970E+01 5.05401E+04 1.80587E+05 % Pu240
0.00000E+00 3.76725E+00 4.32922E+04 3.14656E+05 % Pu241
0.00000E+00 6.13886E-06 1.41485E+00 2.22990E+01 % Pu242
0.00000E+00 7.64933E-04 1.70704E+02 2.57638E+03 % Am241
0.00000E+00 1.38623E-08 1.49565E-01 5.23037E+00 % Am244
0.00000E+00 1.92429E-12 1.87904E-05 6.63536E-04 % Am245
0.00000E+00 0.00000E+00 0.00000E+00 0.00000E+00 % lost data
2.63203E+02 4.53057E+10 6.06977E+10 6.05403E+10 % total
];

MAT_uco_INH_TOX = [
0.00000E+00 1.05977E-03 1.65582E-02 2.91452E-02 % H3
0.00000E+00 2.19009E+09 2.19651E+09 2.17914E+09 % Xe135
2.76154E+04 2.75284E+04 2.60985E+04 2.45665E+04 % U235
1.96454E+04 1.96427E+04 1.95950E+04 1.95401E+04 % U238
0.00000E+00 7.56841E+01 1.80225E+06 1.73530E+07 % Pu238
0.00000E+00 3.55180E+06 1.14204E+08 2.08145E+08 % Pu239
0.00000E+00 4.27186E+04 2.42593E+07 8.66816E+07 % Pu240
0.00000E+00 1.80514E+03 2.07442E+07 1.50773E+08 % Pu241
0.00000E+00 2.81364E-03 6.48475E+02 1.02204E+04 % Pu242
0.00000E+00 3.67168E-01 8.19382E+04 1.23666E+06 % Am241
0.00000E+00 1.11501E-07 1.20302E+00 4.20704E+01 % Am244
0.00000E+00 1.73806E-12 1.69720E-05 5.99322E-04 % Am245
0.00000E+00 0.00000E+00 0.00000E+00 0.00000E+00 % lost data
4.72609E+04 4.41482E+10 5.89749E+10 6.07266E+10 % total
];

TOT_VOLUME = [ 2.41547E+04 2.41547E+04 2.41547E+04 2.41547E+04 ];

TOT_BURNUP = [ 0.00000E+00 4.20038E-01 7.47676E+00 1.53735E+01 ];

TOT_ADENS = [
0.00000E+00 9.46515E-14 1.47886E-12 2.60304E-12 % H3
0.00000E+00 3.91282E-08 3.92429E-08 3.89326E-08 % Xe135
4.31104E-03 4.29745E-03 4.07423E-03 3.83506E-03 % U235
2.06805E-02 2.06776E-02 2.06273E-02 2.05696E-02 % U238
0.00000E+00 1.13734E-13 2.70831E-09 2.60770E-08 % Pu238
0.00000E+00 1.34506E-06 4.32489E-05 7.88239E-05 % Pu239
0.00000E+00 4.40232E-09 2.50001E-06 8.93289E-06 % Pu240
0.00000E+00 2.11394E-11 2.42928E-07 1.76565E-06 % Pu241
0.00000E+00 1.80793E-14 4.16682E-09 6.56719E-08 % Pu242
0.00000E+00 3.11858E-15 6.95950E-10 1.05037E-08 % Am241
0.00000E+00 6.54449E-23 7.06104E-16 2.46929E-14 % Am244
0.00000E+00 1.36807E-26 1.33590E-19 4.71739E-18 % Am245
0.00000E+00 8.87571E-08 1.58742E-06 3.27576E-06 % lost data
7.04520E-02 7.04628E-02 7.06442E-02 7.08469E-02 % total
];

