
DET1001 = [
    1    1    1    1    1    1    1    1    1    1  5.02500E+18 0.00460 
    2    2    1    1    1    1    1    1    1    1  1.90905E+18 0.00546 
    3    3    1    1    1    1    1    1    1    1  1.98122E+17 0.01112 
];


DET1001E = [
 1.00000E-09  6.25000E-07  3.13000E-07
 6.25000E-07  1.00000E-01  5.00003E-02
 1.00000E-01  2.00000E+01  1.00500E+01
];

DET1002 = [
    1    1    1    1    1    1    1    1    1    1  1.51638E+17 0.00807 
    2    2    1    1    1    1    1    1    1    1  3.88122E+17 0.00501 
    3    3    1    1    1    1    1    1    1    1  1.84421E+17 0.00627 
];


DET1002E = [
 1.00000E-09  6.25000E-07  3.13000E-07
 6.25000E-07  1.00000E-01  5.00003E-02
 1.00000E-01  2.00000E+01  1.00500E+01
];
