
DET1001 = [
    1    1    1    1    1    1    1    1    1    1  5.06444E+18 0.00416 
    2    2    1    1    1    1    1    1    1    1  1.71684E+18 0.00603 
    3    3    1    1    1    1    1    1    1    1  1.58280E+17 0.01219 
];


DET1001E = [
 1.00000E-09  6.25000E-07  3.13000E-07
 6.25000E-07  1.00000E-01  5.00003E-02
 1.00000E-01  2.00000E+01  1.00500E+01
];

DET1002 = [
    1    1    1    1    1    1    1    1    1    1  2.29596E+17 0.00621 
    2    2    1    1    1    1    1    1    1    1  4.01999E+17 0.00473 
    3    3    1    1    1    1    1    1    1    1  1.83838E+17 0.00625 
];


DET1002E = [
 1.00000E-09  6.25000E-07  3.13000E-07
 6.25000E-07  1.00000E-01  5.00003E-02
 1.00000E-01  2.00000E+01  1.00500E+01
];
