
DET1001 = [
    1    1    1    1    1    1    1    1    1    1  5.27636E+18 0.00458 
    2    2    1    1    1    1    1    1    1    1  1.75690E+18 0.00640 
    3    3    1    1    1    1    1    1    1    1  1.58163E+17 0.01259 
];


DET1001E = [
 1.00000E-09  6.25000E-07  3.13000E-07
 6.25000E-07  1.00000E-01  5.00003E-02
 1.00000E-01  2.00000E+01  1.00500E+01
];

DET1002 = [
    1    1    1    1    1    1    1    1    1    1  2.35321E+17 0.00628 
    2    2    1    1    1    1    1    1    1    1  4.25018E+17 0.00466 
    3    3    1    1    1    1    1    1    1    1  1.94106E+17 0.00620 
];


DET1002E = [
 1.00000E-09  6.25000E-07  3.13000E-07
 6.25000E-07  1.00000E-01  5.00003E-02
 1.00000E-01  2.00000E+01  1.00500E+01
];
