
DET1001 = [
    1    1    1    1    1    1    1    1    1    1  5.46782E+18 0.00449 
    2    2    1    1    1    1    1    1    1    1  1.82247E+18 0.00604 
    3    3    1    1    1    1    1    1    1    1  1.66817E+17 0.01242 
];


DET1001E = [
 1.00000E-09  6.25000E-07  3.13000E-07
 6.25000E-07  1.00000E-01  5.00003E-02
 1.00000E-01  2.00000E+01  1.00500E+01
];

DET1002 = [
    1    1    1    1    1    1    1    1    1    1  2.51396E+17 0.00628 
    2    2    1    1    1    1    1    1    1    1  4.51178E+17 0.00484 
    3    3    1    1    1    1    1    1    1    1  2.06135E+17 0.00635 
];


DET1002E = [
 1.00000E-09  6.25000E-07  3.13000E-07
 6.25000E-07  1.00000E-01  5.00003E-02
 1.00000E-01  2.00000E+01  1.00500E+01
];
