
ZAI = [
10030
541350
922350
922380
942380
942390
942400
942410
942420
952410
952440
952450
666
0
];

NAMES = [
'H3              '
'Xe135           '
'U235            '
'U238            '
'Pu238           '
'Pu239           '
'Pu240           '
'Pu241           '
'Pu242           '
'Am241           '
'Am244           '
'Am245           '
'lost            '
'total           '
];

i10030  = 1; iH3               = 1;
i541350 = 2; iXe135            = 2;
i922350 = 3; iU235             = 3;
i922380 = 4; iU238             = 4;
i942380 = 5; iPu238            = 5;
i942390 = 6; iPu239            = 6;
i942400 = 7; iPu240            = 7;
i942410 = 8; iPu241            = 8;
i942420 = 9; iPu242            = 9;
i952410 = 10; iAm241            = 10;
i952440 = 11; iAm244            = 11;
i952450 = 12; iAm245            = 12;
iLOST    = 13;
iTOT     = 14;

MAT_uco_VOLUME = [ 1.22080E+04 1.22080E+04 1.22080E+04 1.22080E+04 ];

MAT_uco_BURNUP = [ 0.00000E+00 8.31112E-01 1.47935E+01 3.04180E+01 ];

MAT_uco_ADENS = [
0.00000E+00 1.27572E-13 1.77249E-12 2.89512E-12 % H3
0.00000E+00 5.37405E-08 5.27801E-08 5.06963E-08 % Xe135
4.87458E-03 4.84793E-03 4.41367E-03 3.95490E-03 % U235
2.01233E-02 2.01186E-02 2.00368E-02 1.99408E-02 % U238
0.00000E+00 2.60254E-13 1.02589E-08 1.02307E-07 % Pu238
0.00000E+00 2.16999E-06 6.31804E-05 1.04055E-04 % Pu239
0.00000E+00 1.19976E-08 6.40483E-06 2.08827E-05 % Pu240
0.00000E+00 8.14054E-11 8.79244E-07 5.66320E-06 % Pu241
0.00000E+00 1.20242E-13 2.71927E-08 3.98012E-07 % Pu242
0.00000E+00 1.19180E-14 2.50842E-09 3.30417E-08 % Am241
0.00000E+00 8.39782E-22 9.01259E-15 3.03181E-13 % Am244
0.00000E+00 2.95958E-25 2.92429E-18 1.01963E-16 % Am245
0.00000E+00 1.75581E-07 3.14657E-06 6.49629E-06 % lost data
7.04699E-02 7.04912E-02 7.08503E-02 7.12509E-02 % total
];

MAT_uco_MDENS = [
0.00000E+00 6.38810E-13 8.87561E-12 1.44971E-11 % H3
0.00000E+00 1.20390E-05 1.18239E-05 1.13571E-05 % Xe135
1.90258E+00 1.89218E+00 1.72268E+00 1.54362E+00 % U235
7.95473E+00 7.95287E+00 7.92051E+00 7.88260E+00 % U238
0.00000E+00 1.02877E-10 4.05533E-06 4.04416E-05 % Pu238
0.00000E+00 8.61403E-04 2.50802E-02 4.13058E-02 % Pu239
0.00000E+00 4.78257E-06 2.55313E-03 8.32438E-03 % Pu240
0.00000E+00 3.25847E-08 3.51941E-04 2.26685E-03 % Pu241
0.00000E+00 4.83319E-11 1.09302E-05 1.59982E-04 % Pu242
0.00000E+00 4.77068E-12 1.00410E-06 1.32263E-05 % Am241
0.00000E+00 3.40351E-19 3.65267E-12 1.22875E-10 % Am244
0.00000E+00 1.20440E-22 1.19004E-15 4.14939E-14 % Am245
0.00000E+00 0.00000E+00 0.00000E+00 0.00000E+00 % lost data
1.10000E+01 1.09999E+01 1.09978E+01 1.09955E+01 % total
];

MAT_uco_A = [
0.00000E+00 2.77659E+06 3.85779E+07 6.30119E+07 % H3
0.00000E+00 1.38205E+16 1.35735E+16 1.30376E+16 % Xe135
1.85666E+09 1.84651E+09 1.68111E+09 1.50637E+09 % U235
1.20769E+09 1.20741E+09 1.20249E+09 1.19674E+09 % U238
0.00000E+00 7.95727E+05 3.13668E+10 3.12804E+11 % Pu238
0.00000E+00 2.41339E+10 7.02672E+11 1.15727E+12 % Pu239
0.00000E+00 4.90336E+08 2.61761E+11 8.53462E+11 % Pu240
0.00000E+00 1.52752E+09 1.64985E+13 1.06266E+14 % Pu241
0.00000E+00 8.59800E+01 1.94443E+07 2.84600E+08 % Pu242
0.00000E+00 7.38730E+03 1.55482E+09 2.04806E+10 % Am241
0.00000E+00 1.95440E+02 2.09747E+09 7.05584E+10 % Am244
0.00000E+00 3.39347E-01 3.35302E+06 1.16912E+08 % Am245
0.00000E+00 0.00000E+00 0.00000E+00 0.00000E+00 % lost data
3.06435E+09 3.25325E+18 3.55805E+18 3.58540E+18 % total
];

MAT_uco_H = [
0.00000E+00 2.53125E-09 3.51691E-08 5.74440E-08 % H3
0.00000E+00 1.24594E+03 1.22367E+03 1.17536E+03 % Xe135
1.37212E-03 1.36462E-03 1.24238E-03 1.11325E-03 % U235
8.27234E-04 8.27041E-04 8.23676E-04 8.19734E-04 % U238
0.00000E+00 7.12484E-07 2.80854E-02 2.80081E-01 % Pu238
0.00000E+00 2.02663E-02 5.90065E-01 9.71807E-01 % Pu239
0.00000E+00 4.12525E-04 2.20223E-01 7.18027E-01 % Pu240
0.00000E+00 1.31059E-06 1.41554E-02 9.11748E-02 % Pu241
0.00000E+00 6.86301E-11 1.55207E-05 2.27171E-04 % Pu242
0.00000E+00 6.62332E-09 1.39402E-03 1.83625E-02 % Am241
0.00000E+00 3.47175E-11 3.72590E-04 1.25338E-02 % Am244
0.00000E+00 1.71212E-14 1.69171E-07 5.89859E-06 % Am245
0.00000E+00 0.00000E+00 0.00000E+00 0.00000E+00 % lost data
2.19936E-03 1.19227E+06 1.20211E+06 1.18468E+06 % total
];

MAT_uco_SF = [
0.00000E+00 0.00000E+00 0.00000E+00 0.00000E+00 % H3
0.00000E+00 0.00000E+00 0.00000E+00 0.00000E+00 % Xe135
1.33680E-01 1.32949E-01 1.21040E-01 1.08458E-01 % U235
6.59397E+04 6.59243E+04 6.56561E+04 6.53418E+04 % U238
0.00000E+00 1.48005E-03 5.83423E+01 5.81816E+02 % Pu238
0.00000E+00 7.48151E-02 2.17828E+00 3.58752E+00 % Pu239
0.00000E+00 2.79492E+01 1.49204E+04 4.86474E+04 % Pu240
0.00000E+00 0.00000E+00 0.00000E+00 0.00000E+00 % Pu241
0.00000E+00 4.72890E-04 1.06944E+02 1.56530E+03 % Pu242
0.00000E+00 3.17654E-08 6.68573E-03 8.80666E-02 % Am241
0.00000E+00 0.00000E+00 0.00000E+00 0.00000E+00 % Am244
0.00000E+00 0.00000E+00 0.00000E+00 0.00000E+00 % Am245
0.00000E+00 0.00000E+00 0.00000E+00 0.00000E+00 % lost data
6.59398E+04 6.59525E+04 8.55099E+04 2.56598E+05 % total
];

MAT_uco_ING_TOX = [
0.00000E+00 1.16617E-04 1.62027E-03 2.64650E-03 % H3
0.00000E+00 2.90231E+09 2.85044E+09 2.73790E+09 % Xe135
8.72631E+01 8.67860E+01 7.90120E+01 7.07993E+01 % U235
5.43459E+01 5.43332E+01 5.41121E+01 5.38531E+01 % U238
0.00000E+00 1.83017E-01 7.21436E+03 7.19450E+04 % Pu238
0.00000E+00 6.03348E+03 1.75668E+05 2.89316E+05 % Pu239
0.00000E+00 1.22584E+02 6.54404E+04 2.13366E+05 % Pu240
0.00000E+00 7.33211E+00 7.91927E+04 5.10079E+05 % Pu241
0.00000E+00 2.06352E-05 4.66663E+00 6.83041E+01 % Pu242
0.00000E+00 1.47746E-03 3.10964E+02 4.09612E+03 % Am241
0.00000E+00 8.99024E-08 9.64838E-01 3.24569E+01 % Am244
0.00000E+00 2.10395E-11 2.07887E-04 7.24854E-03 % Am245
0.00000E+00 0.00000E+00 0.00000E+00 0.00000E+00 % lost data
1.41609E+02 4.39634E+10 5.86223E+10 5.79843E+10 % total
];

MAT_uco_INH_TOX = [
0.00000E+00 7.21914E-04 1.00303E-02 1.63831E-02 % H3
0.00000E+00 1.52026E+09 1.49309E+09 1.43414E+09 % Xe135
1.57816E+04 1.56953E+04 1.42894E+04 1.28041E+04 % U235
9.66149E+03 9.65924E+03 9.61994E+03 9.57389E+03 % U238
0.00000E+00 8.75300E+01 3.45035E+06 3.44085E+07 % Pu238
0.00000E+00 2.89607E+06 8.43206E+07 1.38872E+08 % Pu239
0.00000E+00 5.88403E+04 3.14114E+07 1.02415E+08 % Pu240
0.00000E+00 3.51330E+03 3.79465E+07 2.44413E+08 % Pu241
0.00000E+00 9.45779E-03 2.13887E+03 3.13060E+04 % Pu242
0.00000E+00 7.09181E-01 1.49263E+05 1.96614E+06 % Am241
0.00000E+00 7.23128E-07 7.76065E+00 2.61066E+02 % Am244
0.00000E+00 1.90035E-11 1.87769E-04 6.54706E-03 % Am245
0.00000E+00 0.00000E+00 0.00000E+00 0.00000E+00 % lost data
2.54431E+04 4.33963E+10 5.75882E+10 5.89948E+10 % total
];

TOT_VOLUME = [ 1.22080E+04 1.22080E+04 1.22080E+04 1.22080E+04 ];

TOT_BURNUP = [ 0.00000E+00 8.31112E-01 1.47935E+01 3.04180E+01 ];

TOT_ADENS = [
0.00000E+00 1.27572E-13 1.77249E-12 2.89512E-12 % H3
0.00000E+00 5.37405E-08 5.27801E-08 5.06963E-08 % Xe135
4.87458E-03 4.84793E-03 4.41367E-03 3.95490E-03 % U235
2.01233E-02 2.01186E-02 2.00368E-02 1.99408E-02 % U238
0.00000E+00 2.60254E-13 1.02589E-08 1.02307E-07 % Pu238
0.00000E+00 2.16999E-06 6.31804E-05 1.04055E-04 % Pu239
0.00000E+00 1.19976E-08 6.40483E-06 2.08827E-05 % Pu240
0.00000E+00 8.14054E-11 8.79244E-07 5.66320E-06 % Pu241
0.00000E+00 1.20242E-13 2.71927E-08 3.98012E-07 % Pu242
0.00000E+00 1.19180E-14 2.50842E-09 3.30417E-08 % Am241
0.00000E+00 8.39782E-22 9.01259E-15 3.03181E-13 % Am244
0.00000E+00 2.95958E-25 2.92429E-18 1.01963E-16 % Am245
0.00000E+00 1.75581E-07 3.14657E-06 6.49629E-06 % lost data
7.04699E-02 7.04912E-02 7.08503E-02 7.12509E-02 % total
];

