
ZAI = [
10030
541350
922350
922380
942380
942390
942400
942410
942420
952410
952440
952450
666
0
];

NAMES = [
'H3              '
'Xe135           '
'U235            '
'U238            '
'Pu238           '
'Pu239           '
'Pu240           '
'Pu241           '
'Pu242           '
'Am241           '
'Am244           '
'Am245           '
'lost            '
'total           '
];

i10030  = 1; iH3               = 1;
i541350 = 2; iXe135            = 2;
i922350 = 3; iU235             = 3;
i922380 = 4; iU238             = 4;
i942380 = 5; iPu238            = 5;
i942390 = 6; iPu239            = 6;
i942400 = 7; iPu240            = 7;
i942410 = 8; iPu241            = 8;
i942420 = 9; iPu242            = 9;
i952410 = 10; iAm241            = 10;
i952440 = 11; iAm244            = 11;
i952450 = 12; iAm245            = 12;
iLOST    = 13;
iTOT     = 14;

MAT_uco_VOLUME = [ 2.80295E+04 2.80295E+04 2.80295E+04 2.80295E+04 ];

MAT_uco_BURNUP = [ 0.00000E+00 3.61970E-01 6.44309E+00 1.32480E+01 ];

MAT_uco_ADENS = [
0.00000E+00 1.19931E-13 1.84558E-12 3.25571E-12 % H3
0.00000E+00 3.45912E-08 3.49745E-08 3.49221E-08 % Xe135
3.74777E-03 3.73601E-03 3.54370E-03 3.33928E-03 % U235
2.12374E-02 2.12343E-02 2.11818E-02 2.11212E-02 % U238
0.00000E+00 1.51932E-13 2.99067E-09 2.80534E-08 % Pu238
0.00000E+00 1.40180E-06 4.51545E-05 8.27594E-05 % Pu239
0.00000E+00 4.67657E-09 2.56935E-06 9.00112E-06 % Pu240
0.00000E+00 2.47525E-11 2.74903E-07 1.97064E-06 % Pu241
0.00000E+00 2.17573E-14 4.81003E-09 7.37820E-08 % Pu242
0.00000E+00 3.66638E-15 7.88145E-10 1.17554E-08 % Am241
0.00000E+00 1.00627E-22 9.97059E-16 3.55941E-14 % Am244
0.00000E+00 2.21206E-26 1.98196E-19 7.10804E-18 % Am245
0.00000E+00 7.65012E-08 1.36993E-06 2.82869E-06 % lost data
7.04339E-02 7.04432E-02 7.05997E-02 7.07744E-02 % total
];

MAT_uco_MDENS = [
0.00000E+00 6.00547E-13 9.24162E-12 1.63028E-11 % H3
0.00000E+00 7.74918E-06 7.83506E-06 7.82330E-06 % Xe135
1.46278E+00 1.45819E+00 1.38313E+00 1.30334E+00 % U235
8.39511E+00 8.39391E+00 8.37313E+00 8.34920E+00 % U238
0.00000E+00 6.00583E-11 1.18220E-06 1.10894E-05 % Pu238
0.00000E+00 5.56462E-04 1.79246E-02 3.28523E-02 % Pu239
0.00000E+00 1.86420E-06 1.02421E-03 3.58808E-03 % Pu240
0.00000E+00 9.90786E-09 1.10037E-04 7.88801E-04 % Pu241
0.00000E+00 8.74543E-12 1.93341E-06 2.96570E-05 % Pu242
0.00000E+00 1.46762E-12 3.15487E-07 4.70556E-06 % Am241
0.00000E+00 4.07827E-20 4.04094E-13 1.44258E-11 % Am244
0.00000E+00 9.00196E-24 8.06556E-17 2.89261E-15 % Am245
0.00000E+00 0.00000E+00 0.00000E+00 0.00000E+00 % lost data
1.10000E+01 1.09999E+01 1.09991E+01 1.09981E+01 % total
];

MAT_uco_A = [
0.00000E+00 5.99318E+06 9.22271E+07 1.62694E+08 % H3
0.00000E+00 2.04248E+16 2.06511E+16 2.06201E+16 % Xe135
3.27746E+09 3.26718E+09 3.09900E+09 2.92024E+09 % U235
2.92634E+09 2.92592E+09 2.91868E+09 2.91034E+09 % U238
0.00000E+00 1.06656E+06 2.09945E+10 1.96935E+11 % Pu238
0.00000E+00 3.57953E+10 1.15303E+12 2.11328E+12 % Pu239
0.00000E+00 4.38829E+08 2.41096E+11 8.44625E+11 % Pu240
0.00000E+00 1.06641E+09 1.18436E+13 8.49007E+13 % Pu241
0.00000E+00 3.57202E+01 7.89690E+06 1.21132E+08 % Pu242
0.00000E+00 5.21781E+03 1.12165E+09 1.67296E+10 % Am241
0.00000E+00 5.37690E+01 5.32768E+08 1.90193E+10 % Am244
0.00000E+00 5.82346E-02 5.21770E+05 1.87126E+07 % Am245
0.00000E+00 0.00000E+00 0.00000E+00 0.00000E+00 % lost data
6.20380E+09 3.37495E+18 3.75027E+18 3.79789E+18 % total
];

MAT_uco_H = [
0.00000E+00 5.46361E-09 8.40778E-08 1.48318E-07 % H3
0.00000E+00 1.84133E+03 1.86173E+03 1.85894E+03 % Xe135
2.42213E-03 2.41453E-03 2.29024E-03 2.15813E-03 % U235
2.00447E-03 2.00418E-03 1.99922E-03 1.99351E-03 % U238
0.00000E+00 9.54986E-07 1.87982E-02 1.76333E-01 % Pu238
0.00000E+00 3.00589E-02 9.68251E-01 1.77462E+00 % Pu239
0.00000E+00 3.69191E-04 2.02837E-01 7.10592E-01 % Pu240
0.00000E+00 9.14960E-07 1.01616E-02 7.28433E-02 % Pu241
0.00000E+00 2.85122E-11 6.30339E-06 9.66891E-05 % Pu242
0.00000E+00 4.67819E-09 1.00565E-03 1.49995E-02 % Am241
0.00000E+00 9.55139E-12 9.46395E-05 3.37854E-03 % Am244
0.00000E+00 2.93813E-15 2.63250E-08 9.44113E-07 % Am245
0.00000E+00 0.00000E+00 0.00000E+00 0.00000E+00 % lost data
4.42660E-03 1.20281E+06 1.23498E+06 1.22551E+06 % total
];

MAT_uco_SF = [
0.00000E+00 0.00000E+00 0.00000E+00 0.00000E+00 % H3
0.00000E+00 0.00000E+00 0.00000E+00 0.00000E+00 % Xe135
2.35977E-01 2.35237E-01 2.23128E-01 2.10257E-01 % U235
1.59778E+05 1.59755E+05 1.59360E+05 1.58905E+05 % U238
0.00000E+00 1.98381E-03 3.90498E+01 3.66299E+02 % Pu238
0.00000E+00 1.10966E-01 3.57439E+00 6.55117E+00 % Pu239
0.00000E+00 2.50132E+01 1.37425E+04 4.81436E+04 % Pu240
0.00000E+00 0.00000E+00 0.00000E+00 0.00000E+00 % Pu241
0.00000E+00 1.96461E-04 4.34330E+01 6.66227E+02 % Pu242
0.00000E+00 2.24366E-08 4.82309E-03 7.19374E-02 % Am241
0.00000E+00 0.00000E+00 0.00000E+00 0.00000E+00 % Am244
0.00000E+00 0.00000E+00 0.00000E+00 0.00000E+00 % Am245
0.00000E+00 0.00000E+00 0.00000E+00 0.00000E+00 % lost data
1.59779E+05 1.59781E+05 1.75270E+05 2.72866E+05 % total
];

MAT_uco_ING_TOX = [
0.00000E+00 2.51713E-04 3.87354E-03 6.83315E-03 % H3
0.00000E+00 4.28920E+09 4.33673E+09 4.33023E+09 % Xe135
1.54041E+02 1.53558E+02 1.45653E+02 1.37251E+02 % U235
1.31685E+02 1.31667E+02 1.31341E+02 1.30965E+02 % U238
0.00000E+00 2.45309E-01 4.82874E+03 4.52950E+04 % Pu238
0.00000E+00 8.94884E+03 2.88257E+05 5.28320E+05 % Pu239
0.00000E+00 1.09707E+02 6.02741E+04 2.11156E+05 % Pu240
0.00000E+00 5.11876E+00 5.68493E+04 4.07523E+05 % Pu241
0.00000E+00 8.57285E-06 1.89526E+00 2.90717E+01 % Pu242
0.00000E+00 1.04356E-03 2.24330E+02 3.34593E+03 % Am241
0.00000E+00 2.47337E-08 2.45073E-01 8.74887E+00 % Am244
0.00000E+00 3.61055E-12 3.23497E-05 1.16018E-03 % Am245
0.00000E+00 0.00000E+00 0.00000E+00 0.00000E+00 % lost data
2.85726E+02 4.54619E+10 6.11329E+10 6.09943E+10 % total
];

MAT_uco_INH_TOX = [
0.00000E+00 1.55823E-03 2.39790E-02 4.23005E-02 % H3
0.00000E+00 2.24672E+09 2.27162E+09 2.26822E+09 % Xe135
2.78584E+04 2.77710E+04 2.63415E+04 2.48220E+04 % U235
2.34107E+04 2.34074E+04 2.33494E+04 2.32827E+04 % U238
0.00000E+00 1.17322E+02 2.30940E+06 2.16628E+07 % Pu238
0.00000E+00 4.29544E+06 1.38364E+08 2.53594E+08 % Pu239
0.00000E+00 5.26594E+04 2.89315E+07 1.01355E+08 % Pu240
0.00000E+00 2.45274E+03 2.72403E+07 1.95272E+08 % Pu241
0.00000E+00 3.92922E-03 8.68659E+02 1.33245E+04 % Pu242
0.00000E+00 5.00909E-01 1.07678E+05 1.60604E+06 % Am241
0.00000E+00 1.98945E-07 1.97124E+00 7.03713E+01 % Am244
0.00000E+00 3.26114E-12 2.92191E-05 1.04791E-03 % Am245
0.00000E+00 0.00000E+00 0.00000E+00 0.00000E+00 % lost data
5.12692E+04 4.42801E+10 5.94339E+10 6.12875E+10 % total
];

TOT_VOLUME = [ 2.80295E+04 2.80295E+04 2.80295E+04 2.80295E+04 ];

TOT_BURNUP = [ 0.00000E+00 3.61970E-01 6.44309E+00 1.32480E+01 ];

TOT_ADENS = [
0.00000E+00 1.19931E-13 1.84558E-12 3.25571E-12 % H3
0.00000E+00 3.45912E-08 3.49745E-08 3.49221E-08 % Xe135
3.74777E-03 3.73601E-03 3.54370E-03 3.33928E-03 % U235
2.12374E-02 2.12343E-02 2.11818E-02 2.11212E-02 % U238
0.00000E+00 1.51932E-13 2.99067E-09 2.80534E-08 % Pu238
0.00000E+00 1.40180E-06 4.51545E-05 8.27594E-05 % Pu239
0.00000E+00 4.67657E-09 2.56935E-06 9.00112E-06 % Pu240
0.00000E+00 2.47525E-11 2.74903E-07 1.97064E-06 % Pu241
0.00000E+00 2.17573E-14 4.81003E-09 7.37820E-08 % Pu242
0.00000E+00 3.66638E-15 7.88145E-10 1.17554E-08 % Am241
0.00000E+00 1.00627E-22 9.97059E-16 3.55941E-14 % Am244
0.00000E+00 2.21206E-26 1.98196E-19 7.10804E-18 % Am245
0.00000E+00 7.65012E-08 1.36993E-06 2.82869E-06 % lost data
7.04339E-02 7.04432E-02 7.05997E-02 7.07744E-02 % total
];

