
DET1001 = [
    1    1    1    1    1    1    1    1    1    1  4.83150E+18 0.00448 
    2    2    1    1    1    1    1    1    1    1  1.99510E+18 0.00505 
    3    3    1    1    1    1    1    1    1    1  3.33356E+17 0.00957 
];


DET1001E = [
 1.00000E-09  6.25000E-07  3.13000E-07
 6.25000E-07  1.00000E-01  5.00003E-02
 1.00000E-01  2.00000E+01  1.00500E+01
];

DET1002 = [
    1    1    1    1    1    1    1    1    1    1  1.18363E+17 0.00887 
    2    2    1    1    1    1    1    1    1    1  3.42978E+17 0.00520 
    3    3    1    1    1    1    1    1    1    1  1.92190E+17 0.00630 
];


DET1002E = [
 1.00000E-09  6.25000E-07  3.13000E-07
 6.25000E-07  1.00000E-01  5.00003E-02
 1.00000E-01  2.00000E+01  1.00500E+01
];
