
DET1001 = [
    1    1    1    1    1    1    1    1    1    1  5.04218E+18 0.00434 
    2    2    1    1    1    1    1    1    1    1  2.14511E+18 0.00510 
    3    3    1    1    1    1    1    1    1    1  3.62267E+17 0.01005 
];


DET1001E = [
 1.00000E-09  6.25000E-07  3.13000E-07
 6.25000E-07  1.00000E-01  5.00003E-02
 1.00000E-01  2.00000E+01  1.00500E+01
];

DET1002 = [
    1    1    1    1    1    1    1    1    1    1  1.15770E+17 0.00889 
    2    2    1    1    1    1    1    1    1    1  3.77064E+17 0.00515 
    3    3    1    1    1    1    1    1    1    1  2.12370E+17 0.00636 
];


DET1002E = [
 1.00000E-09  6.25000E-07  3.13000E-07
 6.25000E-07  1.00000E-01  5.00003E-02
 1.00000E-01  2.00000E+01  1.00500E+01
];
