
DET1001 = [
    1    1    1    1    1    1    1    1    1    1  5.01435E+18 0.00439 
    2    2    1    1    1    1    1    1    1    1  2.09112E+18 0.00515 
    3    3    1    1    1    1    1    1    1    1  3.60035E+17 0.00991 
];


DET1001E = [
 1.00000E-09  6.25000E-07  3.13000E-07
 6.25000E-07  1.00000E-01  5.00003E-02
 1.00000E-01  2.00000E+01  1.00500E+01
];

DET1002 = [
    1    1    1    1    1    1    1    1    1    1  1.16218E+17 0.00895 
    2    2    1    1    1    1    1    1    1    1  3.63634E+17 0.00560 
    3    3    1    1    1    1    1    1    1    1  2.03638E+17 0.00635 
];


DET1002E = [
 1.00000E-09  6.25000E-07  3.13000E-07
 6.25000E-07  1.00000E-01  5.00003E-02
 1.00000E-01  2.00000E+01  1.00500E+01
];
