
DET1001 = [
    1    1    1    1    1    1    1    1    1    1  4.92098E+18 0.00445 
    2    2    1    1    1    1    1    1    1    1  2.05067E+18 0.00499 
    3    3    1    1    1    1    1    1    1    1  3.43081E+17 0.01035 
];


DET1001E = [
 1.00000E-09  6.25000E-07  3.13000E-07
 6.25000E-07  1.00000E-01  5.00003E-02
 1.00000E-01  2.00000E+01  1.00500E+01
];

DET1002 = [
    1    1    1    1    1    1    1    1    1    1  1.19306E+17 0.00847 
    2    2    1    1    1    1    1    1    1    1  3.51425E+17 0.00540 
    3    3    1    1    1    1    1    1    1    1  1.95580E+17 0.00633 
];


DET1002E = [
 1.00000E-09  6.25000E-07  3.13000E-07
 6.25000E-07  1.00000E-01  5.00003E-02
 1.00000E-01  2.00000E+01  1.00500E+01
];
