
DET1001 = [
    1    1    1    1    1    1    1    1    1    1  4.62098E+18 0.00457 
    2    2    1    1    1    1    1    1    1    1  2.03033E+18 0.00527 
    3    3    1    1    1    1    1    1    1    1  3.44290E+17 0.01043 
];


DET1001E = [
 1.00000E-09  6.25000E-07  3.13000E-07
 6.25000E-07  1.00000E-01  5.00003E-02
 1.00000E-01  2.00000E+01  1.00500E+01
];

DET1002 = [
    1    1    1    1    1    1    1    1    1    1  9.01694E+16 0.01008 
    2    2    1    1    1    1    1    1    1    1  3.53978E+17 0.00520 
    3    3    1    1    1    1    1    1    1    1  2.01050E+17 0.00662 
];


DET1002E = [
 1.00000E-09  6.25000E-07  3.13000E-07
 6.25000E-07  1.00000E-01  5.00003E-02
 1.00000E-01  2.00000E+01  1.00500E+01
];
