
DET1001 = [
    1    1    1    1    1    1    1    1    1    1  4.38589E+18 0.00451 
    2    2    1    1    1    1    1    1    1    1  1.90285E+18 0.00484 
    3    3    1    1    1    1    1    1    1    1  3.27944E+17 0.00958 
];


DET1001E = [
 1.00000E-09  6.25000E-07  3.13000E-07
 6.25000E-07  1.00000E-01  5.00003E-02
 1.00000E-01  2.00000E+01  1.00500E+01
];

DET1002 = [
    1    1    1    1    1    1    1    1    1    1  9.03543E+16 0.00947 
    2    2    1    1    1    1    1    1    1    1  3.23129E+17 0.00527 
    3    3    1    1    1    1    1    1    1    1  1.85615E+17 0.00622 
];


DET1002E = [
 1.00000E-09  6.25000E-07  3.13000E-07
 6.25000E-07  1.00000E-01  5.00003E-02
 1.00000E-01  2.00000E+01  1.00500E+01
];
