
ZAI = [
10030
541350
922350
922380
942380
942390
942400
942410
942420
952410
952440
952450
666
0
];

NAMES = [
'H3              '
'Xe135           '
'U235            '
'U238            '
'Pu238           '
'Pu239           '
'Pu240           '
'Pu241           '
'Pu242           '
'Am241           '
'Am244           '
'Am245           '
'lost            '
'total           '
];

i10030  = 1; iH3               = 1;
i541350 = 2; iXe135            = 2;
i922350 = 3; iU235             = 3;
i922380 = 4; iU238             = 4;
i942380 = 5; iPu238            = 5;
i942390 = 6; iPu239            = 6;
i942400 = 7; iPu240            = 7;
i942410 = 8; iPu241            = 8;
i942420 = 9; iPu242            = 9;
i952410 = 10; iAm241            = 10;
i952440 = 11; iAm244            = 11;
i952450 = 12; iAm245            = 12;
iLOST    = 13;
iTOT     = 14;

MAT_uco_VOLUME = [ 2.71122E+04 2.71122E+04 2.71122E+04 2.71122E+04 ];

MAT_uco_BURNUP = [ 0.00000E+00 3.74236E-01 6.66134E+00 1.36969E+01 ];

MAT_uco_ADENS = [
0.00000E+00 1.13014E-13 1.80216E-12 3.26946E-12 % H3
0.00000E+00 4.07079E-08 4.09123E-08 4.08197E-08 % Xe135
4.87458E-03 4.86233E-03 4.66017E-03 4.44202E-03 % U235
2.01233E-02 2.01206E-02 2.00740E-02 2.00205E-02 % U238
0.00000E+00 1.19366E-13 2.51446E-09 2.38871E-08 % Pu238
0.00000E+00 1.24803E-06 4.13016E-05 7.76907E-05 % Pu239
0.00000E+00 3.37301E-09 1.86398E-06 6.76160E-06 % Pu240
0.00000E+00 1.61808E-11 1.81051E-07 1.35406E-06 % Pu241
0.00000E+00 1.12516E-14 2.49425E-09 3.98853E-08 % Pu242
0.00000E+00 2.41123E-15 5.20030E-10 8.08771E-09 % Am241
0.00000E+00 4.39007E-23 4.39732E-16 1.56950E-14 % Am244
0.00000E+00 7.71114E-27 7.04353E-20 2.54268E-18 % Am245
0.00000E+00 7.91129E-08 1.41369E-06 2.91580E-06 % lost data
7.04699E-02 7.04795E-02 7.06411E-02 7.08217E-02 % total
];

MAT_uco_MDENS = [
0.00000E+00 5.65909E-13 9.02421E-12 1.63716E-11 % H3
0.00000E+00 9.11946E-06 9.16524E-06 9.14451E-06 % Xe135
1.90258E+00 1.89780E+00 1.81889E+00 1.73375E+00 % U235
7.95473E+00 7.95366E+00 7.93522E+00 7.91407E+00 % U238
0.00000E+00 4.71851E-11 9.93959E-07 9.44250E-06 % Pu238
0.00000E+00 4.95420E-04 1.63952E-02 3.08402E-02 % Pu239
0.00000E+00 1.34457E-06 7.43032E-04 2.69535E-03 % Pu240
0.00000E+00 6.47680E-09 7.24705E-05 5.42001E-04 % Pu241
0.00000E+00 4.52262E-12 1.00257E-06 1.60320E-05 % Pu242
0.00000E+00 9.65191E-13 2.08163E-07 3.23743E-06 % Am241
0.00000E+00 1.77923E-20 1.78217E-13 6.36096E-12 % Am244
0.00000E+00 3.13804E-24 2.86636E-17 1.03474E-15 % Am245
0.00000E+00 0.00000E+00 0.00000E+00 0.00000E+00 % lost data
1.10000E+01 1.09999E+01 1.09990E+01 1.09980E+01 % total
];

MAT_uco_A = [
0.00000E+00 5.46268E+06 8.71102E+07 1.58034E+08 % H3
0.00000E+00 2.32499E+16 2.33666E+16 2.33137E+16 % Xe135
4.12337E+09 4.11300E+09 3.94199E+09 3.75747E+09 % U235
2.68209E+09 2.68173E+09 2.67552E+09 2.66838E+09 % U238
0.00000E+00 8.10528E+05 1.70739E+10 1.62200E+11 % Pu238
0.00000E+00 3.08257E+10 1.02013E+12 1.91893E+12 % Pu239
0.00000E+00 3.06150E+08 1.69184E+11 6.13714E+11 % Pu240
0.00000E+00 6.74300E+08 7.54491E+12 5.64278E+13 % Pu241
0.00000E+00 1.78679E+01 3.96094E+06 6.33390E+07 % Pu242
0.00000E+00 3.31923E+03 7.15860E+08 1.11333E+10 % Am241
0.00000E+00 2.26901E+01 2.27276E+08 8.11200E+09 % Am244
0.00000E+00 1.96360E-02 1.79359E+05 6.47479E+06 % Am245
0.00000E+00 0.00000E+00 0.00000E+00 0.00000E+00 % lost data
6.80546E+09 3.32967E+18 3.69148E+18 3.74597E+18 % total
];

MAT_uco_H = [
0.00000E+00 4.97999E-09 7.94130E-08 1.44070E-07 % H3
0.00000E+00 2.09601E+03 2.10653E+03 2.10177E+03 % Xe135
3.04728E-03 3.03962E-03 2.91324E-03 2.77687E-03 % U235
1.83716E-03 1.83692E-03 1.83266E-03 1.82777E-03 % U238
0.00000E+00 7.25736E-07 1.52877E-02 1.45231E-01 % Pu238
0.00000E+00 2.58858E-02 8.56651E-01 1.61141E+00 % Pu239
0.00000E+00 2.57568E-04 1.42336E-01 5.16324E-01 % Pu240
0.00000E+00 5.78538E-07 6.47341E-03 4.84141E-02 % Pu241
0.00000E+00 1.42623E-11 3.16167E-06 5.05578E-05 % Pu242
0.00000E+00 2.97596E-09 6.41827E-04 9.98195E-03 % Am241
0.00000E+00 4.03062E-12 4.03728E-05 1.44100E-03 % Am244
0.00000E+00 9.90700E-16 9.04927E-09 3.26675E-07 % Am245
0.00000E+00 0.00000E+00 0.00000E+00 0.00000E+00 % lost data
4.88444E-03 1.19964E+06 1.23130E+06 1.22665E+06 % total
];

MAT_uco_SF = [
0.00000E+00 0.00000E+00 0.00000E+00 0.00000E+00 % H3
0.00000E+00 0.00000E+00 0.00000E+00 0.00000E+00 % Xe135
2.96882E-01 2.96136E-01 2.83823E-01 2.70538E-01 % U235
1.46442E+05 1.46422E+05 1.46083E+05 1.45694E+05 % U238
0.00000E+00 1.50758E-03 3.17574E+01 3.01692E+02 % Pu238
0.00000E+00 9.55598E-02 3.16241E+00 5.94867E+00 % Pu239
0.00000E+00 1.74506E+01 9.64349E+03 3.49817E+04 % Pu240
0.00000E+00 0.00000E+00 0.00000E+00 0.00000E+00 % Pu241
0.00000E+00 9.82732E-05 2.17852E+01 3.48364E+02 % Pu242
0.00000E+00 1.42727E-08 3.07820E-03 4.78734E-02 % Am241
0.00000E+00 0.00000E+00 0.00000E+00 0.00000E+00 % Am244
0.00000E+00 0.00000E+00 0.00000E+00 0.00000E+00 % Am245
0.00000E+00 0.00000E+00 0.00000E+00 0.00000E+00 % lost data
1.46442E+05 1.46440E+05 1.56861E+05 2.16187E+05 % total
];

MAT_uco_ING_TOX = [
0.00000E+00 2.29433E-04 3.65863E-03 6.63745E-03 % H3
0.00000E+00 4.88247E+09 4.90698E+09 4.89588E+09 % Xe135
1.93798E+02 1.93311E+02 1.85274E+02 1.76601E+02 % U235
1.20694E+02 1.20678E+02 1.20398E+02 1.20077E+02 % U238
0.00000E+00 1.86421E-01 3.92699E+03 3.73059E+04 % Pu238
0.00000E+00 7.70644E+03 2.55033E+05 4.79731E+05 % Pu239
0.00000E+00 7.65376E+01 4.22960E+04 1.53429E+05 % Pu240
0.00000E+00 3.23664E+00 3.62156E+04 2.70853E+05 % Pu241
0.00000E+00 4.28828E-06 9.50627E-01 1.52014E+01 % Pu242
0.00000E+00 6.63847E-04 1.43172E+02 2.22667E+03 % Am241
0.00000E+00 1.04375E-08 1.04547E-01 3.73152E+00 % Am244
0.00000E+00 1.21743E-12 1.11203E-05 4.01437E-04 % Am245
0.00000E+00 0.00000E+00 0.00000E+00 0.00000E+00 % lost data
3.14492E+02 4.60393E+10 6.15171E+10 6.14729E+10 % total
];

MAT_uco_INH_TOX = [
0.00000E+00 1.42030E-03 2.26487E-02 4.10890E-02 % H3
0.00000E+00 2.55748E+09 2.57032E+09 2.56451E+09 % Xe135
3.50486E+04 3.49605E+04 3.35069E+04 3.19385E+04 % U235
2.14567E+04 2.14538E+04 2.14041E+04 2.13471E+04 % U238
0.00000E+00 8.91581E+01 1.87812E+06 1.78420E+07 % Pu238
0.00000E+00 3.69909E+06 1.22416E+08 2.30271E+08 % Pu239
0.00000E+00 3.67380E+04 2.03021E+07 7.36457E+07 % Pu240
0.00000E+00 1.55089E+03 1.73533E+07 1.29784E+08 % Pu241
0.00000E+00 1.96546E-03 4.35704E+02 6.96729E+03 % Pu242
0.00000E+00 3.18646E-01 6.87226E+04 1.06880E+06 % Am241
0.00000E+00 8.39535E-08 8.40923E-01 3.00144E+01 % Am244
0.00000E+00 1.09961E-12 1.00441E-05 3.62588E-04 % Am245
0.00000E+00 0.00000E+00 0.00000E+00 0.00000E+00 % lost data
5.65053E+04 4.45665E+10 5.94434E+10 6.12679E+10 % total
];

TOT_VOLUME = [ 2.71122E+04 2.71122E+04 2.71122E+04 2.71122E+04 ];

TOT_BURNUP = [ 0.00000E+00 3.74236E-01 6.66134E+00 1.36969E+01 ];

TOT_ADENS = [
0.00000E+00 1.13014E-13 1.80216E-12 3.26946E-12 % H3
0.00000E+00 4.07079E-08 4.09123E-08 4.08197E-08 % Xe135
4.87458E-03 4.86233E-03 4.66017E-03 4.44202E-03 % U235
2.01233E-02 2.01206E-02 2.00740E-02 2.00205E-02 % U238
0.00000E+00 1.19366E-13 2.51446E-09 2.38871E-08 % Pu238
0.00000E+00 1.24803E-06 4.13016E-05 7.76907E-05 % Pu239
0.00000E+00 3.37301E-09 1.86398E-06 6.76160E-06 % Pu240
0.00000E+00 1.61808E-11 1.81051E-07 1.35406E-06 % Pu241
0.00000E+00 1.12516E-14 2.49425E-09 3.98853E-08 % Pu242
0.00000E+00 2.41123E-15 5.20030E-10 8.08771E-09 % Am241
0.00000E+00 4.39007E-23 4.39732E-16 1.56950E-14 % Am244
0.00000E+00 7.71114E-27 7.04353E-20 2.54268E-18 % Am245
0.00000E+00 7.91129E-08 1.41369E-06 2.91580E-06 % lost data
7.04699E-02 7.04795E-02 7.06411E-02 7.08217E-02 % total
];

