
DET1001 = [
    1    1    1    1    1    1    1    1    1    1  4.44831E+18 0.00427 
    2    2    1    1    1    1    1    1    1    1  1.96087E+18 0.00518 
    3    3    1    1    1    1    1    1    1    1  3.35919E+17 0.01018 
];


DET1001E = [
 1.00000E-09  6.25000E-07  3.13000E-07
 6.25000E-07  1.00000E-01  5.00003E-02
 1.00000E-01  2.00000E+01  1.00500E+01
];

DET1002 = [
    1    1    1    1    1    1    1    1    1    1  9.25573E+16 0.00943 
    2    2    1    1    1    1    1    1    1    1  3.30869E+17 0.00480 
    3    3    1    1    1    1    1    1    1    1  1.88472E+17 0.00634 
];


DET1002E = [
 1.00000E-09  6.25000E-07  3.13000E-07
 6.25000E-07  1.00000E-01  5.00003E-02
 1.00000E-01  2.00000E+01  1.00500E+01
];
