
DET1001 = [
    1    1    1    1    1    1    1    1    1    1  6.46452E+18 0.00435 
    2    2    1    1    1    1    1    1    1    1  2.37555E+18 0.00529 
    3    3    1    1    1    1    1    1    1    1  3.89262E+17 0.00990 
];


DET1001E = [
 1.00000E-09  6.25000E-07  3.13000E-07
 6.25000E-07  1.00000E-01  5.00003E-02
 1.00000E-01  2.00000E+01  1.00500E+01
];

DET1002 = [
    1    1    1    1    1    1    1    1    1    1  2.09504E+17 0.00673 
    2    2    1    1    1    1    1    1    1    1  4.27267E+17 0.00519 
    3    3    1    1    1    1    1    1    1    1  2.26035E+17 0.00618 
];


DET1002E = [
 1.00000E-09  6.25000E-07  3.13000E-07
 6.25000E-07  1.00000E-01  5.00003E-02
 1.00000E-01  2.00000E+01  1.00500E+01
];
