
DET1001 = [
    1    1    1    1    1    1    1    1    1    1  6.34269E+18 0.00413 
    2    2    1    1    1    1    1    1    1    1  2.32319E+18 0.00513 
    3    3    1    1    1    1    1    1    1    1  3.80990E+17 0.00961 
];


DET1001E = [
 1.00000E-09  6.25000E-07  3.13000E-07
 6.25000E-07  1.00000E-01  5.00003E-02
 1.00000E-01  2.00000E+01  1.00500E+01
];

DET1002 = [
    1    1    1    1    1    1    1    1    1    1  2.08529E+17 0.00693 
    2    2    1    1    1    1    1    1    1    1  4.13500E+17 0.00483 
    3    3    1    1    1    1    1    1    1    1  2.17739E+17 0.00649 
];


DET1002E = [
 1.00000E-09  6.25000E-07  3.13000E-07
 6.25000E-07  1.00000E-01  5.00003E-02
 1.00000E-01  2.00000E+01  1.00500E+01
];
