
ZAI = [
10030
541350
922350
922380
942380
942390
942400
942410
942420
952410
952440
952450
666
0
];

NAMES = [
'H3              '
'Xe135           '
'U235            '
'U238            '
'Pu238           '
'Pu239           '
'Pu240           '
'Pu241           '
'Pu242           '
'Am241           '
'Am244           '
'Am245           '
'lost            '
'total           '
];

i10030  = 1; iH3               = 1;
i541350 = 2; iXe135            = 2;
i922350 = 3; iU235             = 3;
i922380 = 4; iU238             = 4;
i942380 = 5; iPu238            = 5;
i942390 = 6; iPu239            = 6;
i942400 = 7; iPu240            = 7;
i942410 = 8; iPu241            = 8;
i942420 = 9; iPu242            = 9;
i952410 = 10; iAm241            = 10;
i952440 = 11; iAm244            = 11;
i952450 = 12; iAm245            = 12;
iLOST    = 13;
iTOT     = 14;

MAT_uco_VOLUME = [ 2.43398E+04 2.43398E+04 2.43398E+04 2.43398E+04 ];

MAT_uco_BURNUP = [ 0.00000E+00 4.16835E-01 7.41970E+00 1.52561E+01 ];

MAT_uco_ADENS = [
0.00000E+00 9.30325E-14 1.40974E-12 2.42603E-12 % H3
0.00000E+00 3.52494E-08 3.54321E-08 3.51600E-08 % Xe135
3.74777E-03 3.73437E-03 3.51547E-03 3.28312E-03 % U235
2.12374E-02 2.12342E-02 2.11802E-02 2.11179E-02 % U238
0.00000E+00 1.17459E-13 2.75136E-09 2.65480E-08 % Pu238
0.00000E+00 1.44755E-06 4.55021E-05 8.13308E-05 % Pu239
0.00000E+00 5.37371E-09 3.05720E-06 1.07156E-05 % Pu240
0.00000E+00 2.62116E-11 3.01131E-07 2.13984E-06 % Pu241
0.00000E+00 2.65595E-14 6.18053E-09 9.52632E-08 % Pu242
0.00000E+00 3.84469E-15 8.61110E-10 1.26733E-08 % Am241
0.00000E+00 9.50908E-23 1.03725E-15 3.68324E-14 % Am244
0.00000E+00 2.36092E-26 2.33150E-19 8.33379E-18 % Am245
0.00000E+00 8.80676E-08 1.57726E-06 3.25686E-06 % lost data
7.04339E-02 7.04447E-02 7.06248E-02 7.08259E-02 % total
];

MAT_uco_MDENS = [
0.00000E+00 4.65854E-13 7.05916E-12 1.21482E-11 % H3
0.00000E+00 7.89664E-06 7.93757E-06 7.87660E-06 % Xe135
1.46278E+00 1.45755E+00 1.37211E+00 1.28142E+00 % U235
8.39511E+00 8.39388E+00 8.37252E+00 8.34789E+00 % U238
0.00000E+00 4.64313E-11 1.08761E-06 1.04943E-05 % Pu238
0.00000E+00 5.74623E-04 1.80626E-02 3.22852E-02 % Pu239
0.00000E+00 2.14210E-06 1.21868E-03 4.27153E-03 % Pu240
0.00000E+00 1.04919E-08 1.20536E-04 8.56531E-04 % Pu241
0.00000E+00 1.06757E-11 2.48429E-06 3.82914E-05 % Pu242
0.00000E+00 1.53900E-12 3.44694E-07 5.07299E-06 % Am241
0.00000E+00 3.85389E-20 4.20383E-13 1.49277E-11 % Am244
0.00000E+00 9.60773E-24 9.48800E-17 3.39143E-15 % Am245
0.00000E+00 0.00000E+00 0.00000E+00 0.00000E+00 % lost data
1.10000E+01 1.09999E+01 1.09989E+01 1.09978E+01 % total
];

MAT_uco_A = [
0.00000E+00 4.03703E+06 6.11737E+07 1.05274E+08 % H3
0.00000E+00 1.80736E+16 1.81673E+16 1.80278E+16 % Xe135
2.84602E+09 2.83585E+09 2.66962E+09 2.49317E+09 % U235
2.54113E+09 2.54075E+09 2.53429E+09 2.52683E+09 % U238
0.00000E+00 7.16020E+05 1.67720E+10 1.61834E+11 % Pu238
0.00000E+00 3.20978E+10 1.00896E+12 1.80342E+12 % Pu239
0.00000E+00 4.37868E+08 2.49111E+11 8.73145E+11 % Pu240
0.00000E+00 9.80617E+08 1.12658E+13 8.00549E+13 % Pu241
0.00000E+00 3.78643E+01 8.81122E+06 1.35811E+08 % Pu242
0.00000E+00 4.75131E+03 1.06417E+09 1.56617E+10 % Am241
0.00000E+00 4.41221E+01 4.81284E+08 1.70902E+10 % Am244
0.00000E+00 5.39717E-02 5.32991E+05 1.90514E+07 % Am245
0.00000E+00 0.00000E+00 0.00000E+00 0.00000E+00 % lost data
5.38715E+09 3.33583E+18 3.69388E+18 3.73575E+18 % total
];

MAT_uco_H = [
0.00000E+00 3.68031E-09 5.57683E-08 9.59723E-08 % H3
0.00000E+00 1.62936E+03 1.63781E+03 1.62523E+03 % Xe135
2.10329E-03 2.09577E-03 1.97292E-03 1.84252E-03 % U235
1.74061E-03 1.74035E-03 1.73592E-03 1.73082E-03 % U238
0.00000E+00 6.41115E-07 1.50175E-02 1.44904E-01 % Pu238
0.00000E+00 2.69539E-02 8.47266E-01 1.51441E+00 % Pu239
0.00000E+00 3.68383E-04 2.09579E-01 7.34586E-01 % Pu240
0.00000E+00 8.41352E-07 9.66585E-03 6.86857E-02 % Pu241
0.00000E+00 3.02237E-11 7.03321E-06 1.08406E-04 % Pu242
0.00000E+00 4.25994E-09 9.54114E-04 1.40420E-02 % Am241
0.00000E+00 7.83774E-12 8.54941E-05 3.03587E-03 % Am244
0.00000E+00 2.72305E-15 2.68912E-08 9.61209E-07 % Am245
0.00000E+00 0.00000E+00 0.00000E+00 0.00000E+00 % lost data
3.84389E-03 1.19928E+06 1.22678E+06 1.21548E+06 % total
];

MAT_uco_SF = [
0.00000E+00 0.00000E+00 0.00000E+00 0.00000E+00 % H3
0.00000E+00 0.00000E+00 0.00000E+00 0.00000E+00 % Xe135
2.04914E-01 2.04181E-01 1.92212E-01 1.79509E-01 % U235
1.38746E+05 1.38725E+05 1.38372E+05 1.37965E+05 % U238
0.00000E+00 1.33180E-03 3.11960E+01 3.01011E+02 % Pu238
0.00000E+00 9.95031E-02 3.12776E+00 5.59059E+00 % Pu239
0.00000E+00 2.49585E+01 1.41993E+04 4.97693E+04 % Pu240
0.00000E+00 0.00000E+00 0.00000E+00 0.00000E+00 % Pu241
0.00000E+00 2.08253E-04 4.84617E+01 7.46961E+02 % Pu242
0.00000E+00 2.04306E-08 4.57593E-03 6.73455E-02 % Am241
0.00000E+00 0.00000E+00 0.00000E+00 0.00000E+00 % Am244
0.00000E+00 0.00000E+00 0.00000E+00 0.00000E+00 % Am245
0.00000E+00 0.00000E+00 0.00000E+00 0.00000E+00 % lost data
1.38746E+05 1.38750E+05 1.54842E+05 2.56662E+05 % total
];

MAT_uco_ING_TOX = [
0.00000E+00 1.69555E-04 2.56929E-03 4.42153E-03 % H3
0.00000E+00 3.79546E+09 3.81513E+09 3.78583E+09 % Xe135
1.33763E+02 1.33285E+02 1.25472E+02 1.17179E+02 % U235
1.14351E+02 1.14334E+02 1.14043E+02 1.13707E+02 % U238
0.00000E+00 1.64685E-01 3.85757E+03 3.72218E+04 % Pu238
0.00000E+00 8.02444E+03 2.52239E+05 4.50854E+05 % Pu239
0.00000E+00 1.09467E+02 6.22777E+04 2.18286E+05 % Pu240
0.00000E+00 4.70696E+00 5.40757E+04 3.84263E+05 % Pu241
0.00000E+00 9.08742E-06 2.11469E+00 3.25946E+01 % Pu242
0.00000E+00 9.50262E-04 2.12834E+02 3.13235E+03 % Am241
0.00000E+00 2.02962E-08 2.21391E-01 7.86151E+00 % Am244
0.00000E+00 3.34625E-12 3.30455E-05 1.18119E-03 % Am245
0.00000E+00 0.00000E+00 0.00000E+00 0.00000E+00 % lost data
2.48114E+02 4.49228E+10 6.03866E+10 6.01426E+10 % total
];

MAT_uco_INH_TOX = [
0.00000E+00 1.04963E-03 1.59052E-02 2.73714E-02 % H3
0.00000E+00 1.98810E+09 1.99840E+09 1.98305E+09 % Xe135
2.41912E+04 2.41047E+04 2.26918E+04 2.11920E+04 % U235
2.03290E+04 2.03260E+04 2.02743E+04 2.02147E+04 % U238
0.00000E+00 7.87622E+01 1.84493E+06 1.78018E+07 % Pu238
0.00000E+00 3.85173E+06 1.21075E+08 2.16410E+08 % Pu239
0.00000E+00 5.25441E+04 2.98933E+07 1.04777E+08 % Pu240
0.00000E+00 2.25542E+03 2.59113E+07 1.84126E+08 % Pu241
0.00000E+00 4.16507E-03 9.69234E+02 1.49392E+04 % Pu242
0.00000E+00 4.56126E-01 1.02160E+05 1.50353E+06 % Am241
0.00000E+00 1.63252E-07 1.78075E+00 6.32339E+01 % Am244
0.00000E+00 3.02242E-12 2.98475E-05 1.06688E-03 % Am245
0.00000E+00 0.00000E+00 0.00000E+00 0.00000E+00 % lost data
4.45202E+04 4.39506E+10 5.89016E+10 6.06313E+10 % total
];

TOT_VOLUME = [ 2.43398E+04 2.43398E+04 2.43398E+04 2.43398E+04 ];

TOT_BURNUP = [ 0.00000E+00 4.16835E-01 7.41970E+00 1.52561E+01 ];

TOT_ADENS = [
0.00000E+00 9.30325E-14 1.40974E-12 2.42603E-12 % H3
0.00000E+00 3.52494E-08 3.54321E-08 3.51600E-08 % Xe135
3.74777E-03 3.73437E-03 3.51547E-03 3.28312E-03 % U235
2.12374E-02 2.12342E-02 2.11802E-02 2.11179E-02 % U238
0.00000E+00 1.17459E-13 2.75136E-09 2.65480E-08 % Pu238
0.00000E+00 1.44755E-06 4.55021E-05 8.13308E-05 % Pu239
0.00000E+00 5.37371E-09 3.05720E-06 1.07156E-05 % Pu240
0.00000E+00 2.62116E-11 3.01131E-07 2.13984E-06 % Pu241
0.00000E+00 2.65595E-14 6.18053E-09 9.52632E-08 % Pu242
0.00000E+00 3.84469E-15 8.61110E-10 1.26733E-08 % Am241
0.00000E+00 9.50908E-23 1.03725E-15 3.68324E-14 % Am244
0.00000E+00 2.36092E-26 2.33150E-19 8.33379E-18 % Am245
0.00000E+00 8.80676E-08 1.57726E-06 3.25686E-06 % lost data
7.04339E-02 7.04447E-02 7.06248E-02 7.08259E-02 % total
];

