
DET1001 = [
    1    1    1    1    1    1    1    1    1    1  6.24333E+18 0.00423 
    2    2    1    1    1    1    1    1    1    1  2.27342E+18 0.00517 
    3    3    1    1    1    1    1    1    1    1  3.70990E+17 0.01007 
];


DET1001E = [
 1.00000E-09  6.25000E-07  3.13000E-07
 6.25000E-07  1.00000E-01  5.00003E-02
 1.00000E-01  2.00000E+01  1.00500E+01
];

DET1002 = [
    1    1    1    1    1    1    1    1    1    1  2.12060E+17 0.00669 
    2    2    1    1    1    1    1    1    1    1  3.99766E+17 0.00460 
    3    3    1    1    1    1    1    1    1    1  2.12162E+17 0.00608 
];


DET1002E = [
 1.00000E-09  6.25000E-07  3.13000E-07
 6.25000E-07  1.00000E-01  5.00003E-02
 1.00000E-01  2.00000E+01  1.00500E+01
];
