
DET1001 = [
    1    1    1    1    1    1    1    1    1    1  5.27321E+18 0.00448 
    2    2    1    1    1    1    1    1    1    1  2.28926E+18 0.00484 
    3    3    1    1    1    1    1    1    1    1  3.82531E+17 0.00966 
];


DET1001E = [
 1.00000E-09  6.25000E-07  3.13000E-07
 6.25000E-07  1.00000E-01  5.00003E-02
 1.00000E-01  2.00000E+01  1.00500E+01
];

DET1002 = [
    1    1    1    1    1    1    1    1    1    1  1.17944E+17 0.00869 
    2    2    1    1    1    1    1    1    1    1  3.89109E+17 0.00527 
    3    3    1    1    1    1    1    1    1    1  2.15194E+17 0.00636 
];


DET1002E = [
 1.00000E-09  6.25000E-07  3.13000E-07
 6.25000E-07  1.00000E-01  5.00003E-02
 1.00000E-01  2.00000E+01  1.00500E+01
];
