
DET1001 = [
    1    1    1    1    1    1    1    1    1    1  5.13901E+18 0.00434 
    2    2    1    1    1    1    1    1    1    1  2.19840E+18 0.00507 
    3    3    1    1    1    1    1    1    1    1  3.69020E+17 0.00996 
];


DET1001E = [
 1.00000E-09  6.25000E-07  3.13000E-07
 6.25000E-07  1.00000E-01  5.00003E-02
 1.00000E-01  2.00000E+01  1.00500E+01
];

DET1002 = [
    1    1    1    1    1    1    1    1    1    1  1.19174E+17 0.00906 
    2    2    1    1    1    1    1    1    1    1  3.75278E+17 0.00508 
    3    3    1    1    1    1    1    1    1    1  2.08474E+17 0.00634 
];


DET1002E = [
 1.00000E-09  6.25000E-07  3.13000E-07
 6.25000E-07  1.00000E-01  5.00003E-02
 1.00000E-01  2.00000E+01  1.00500E+01
];
