
DET1001 = [
    1    1    1    1    1    1    1    1    1    1  5.09258E+18 0.00443 
    2    2    1    1    1    1    1    1    1    1  2.13014E+18 0.00509 
    3    3    1    1    1    1    1    1    1    1  3.54555E+17 0.00997 
];


DET1001E = [
 1.00000E-09  6.25000E-07  3.13000E-07
 6.25000E-07  1.00000E-01  5.00003E-02
 1.00000E-01  2.00000E+01  1.00500E+01
];

DET1002 = [
    1    1    1    1    1    1    1    1    1    1  1.21261E+17 0.00867 
    2    2    1    1    1    1    1    1    1    1  3.61170E+17 0.00495 
    3    3    1    1    1    1    1    1    1    1  1.96214E+17 0.00647 
];


DET1002E = [
 1.00000E-09  6.25000E-07  3.13000E-07
 6.25000E-07  1.00000E-01  5.00003E-02
 1.00000E-01  2.00000E+01  1.00500E+01
];
