
ZAI = [
10030
541350
922350
922380
942380
942390
942400
942410
942420
952410
952440
952450
666
0
];

NAMES = [
'H3              '
'Xe135           '
'U235            '
'U238            '
'Pu238           '
'Pu239           '
'Pu240           '
'Pu241           '
'Pu242           '
'Am241           '
'Am244           '
'Am245           '
'lost            '
'total           '
];

i10030  = 1; iH3               = 1;
i541350 = 2; iXe135            = 2;
i922350 = 3; iU235             = 3;
i922380 = 4; iU238             = 4;
i942380 = 5; iPu238            = 5;
i942390 = 6; iPu239            = 6;
i942400 = 7; iPu240            = 7;
i942410 = 8; iPu241            = 8;
i942420 = 9; iPu242            = 9;
i952410 = 10; iAm241            = 10;
i952440 = 11; iAm244            = 11;
i952450 = 12; iAm245            = 12;
iLOST    = 13;
iTOT     = 14;

MAT_uco_VOLUME = [ 3.32126E+04 3.32126E+04 3.32126E+04 3.32126E+04 ];

MAT_uco_BURNUP = [ 0.00000E+00 3.05481E-01 5.43757E+00 1.11806E+01 ];

MAT_uco_ADENS = [
0.00000E+00 9.88394E-14 1.56315E-12 2.82282E-12 % H3
0.00000E+00 3.16227E-08 3.19462E-08 3.19929E-08 % Xe135
3.74777E-03 3.73784E-03 3.57480E-03 3.40029E-03 % U235
2.12374E-02 2.12348E-02 2.11906E-02 2.11397E-02 % U238
0.00000E+00 1.04468E-13 1.90180E-09 1.76136E-08 % Pu238
0.00000E+00 1.18769E-06 3.88922E-05 7.28095E-05 % Pu239
0.00000E+00 3.35031E-09 1.88135E-06 6.79747E-06 % Pu240
0.00000E+00 1.53103E-11 1.73418E-07 1.28895E-06 % Pu241
0.00000E+00 1.13761E-14 2.54902E-09 4.03099E-08 % Pu242
0.00000E+00 2.26880E-15 4.97497E-10 7.69587E-09 % Am241
0.00000E+00 3.87978E-23 3.90638E-16 1.38125E-14 % Am244
0.00000E+00 7.22839E-27 6.55000E-20 2.32045E-18 % Am245
0.00000E+00 6.45607E-08 1.15492E-06 2.38372E-06 % lost data
7.04339E-02 7.04418E-02 7.05738E-02 7.07212E-02 % total
];

MAT_uco_MDENS = [
0.00000E+00 4.94932E-13 7.82737E-12 1.41351E-11 % H3
0.00000E+00 7.08417E-06 7.15665E-06 7.16712E-06 % Xe135
1.46278E+00 1.45890E+00 1.39527E+00 1.32715E+00 % U235
8.39511E+00 8.39410E+00 8.37662E+00 8.35650E+00 % U238
0.00000E+00 4.12957E-11 7.51776E-07 6.96258E-06 % Pu238
0.00000E+00 4.71467E-04 1.54387E-02 2.89026E-02 % Pu239
0.00000E+00 1.33552E-06 7.49954E-04 2.70965E-03 % Pu240
0.00000E+00 6.12835E-09 6.94154E-05 5.15937E-04 % Pu241
0.00000E+00 4.57269E-12 1.02459E-06 1.62027E-05 % Pu242
0.00000E+00 9.08178E-13 1.99143E-07 3.08059E-06 % Am241
0.00000E+00 1.57242E-20 1.58320E-13 5.59800E-12 % Am244
0.00000E+00 2.94159E-24 2.66552E-17 9.44306E-16 % Am245
0.00000E+00 0.00000E+00 0.00000E+00 0.00000E+00 % lost data
1.10000E+01 1.10000E+01 1.09992E+01 1.09984E+01 % total
];

MAT_uco_A = [
0.00000E+00 5.85253E+06 9.25580E+07 1.67146E+08 % H3
0.00000E+00 2.21248E+16 2.23511E+16 2.23838E+16 % Xe135
3.88352E+09 3.87323E+09 3.70429E+09 3.52345E+09 % U235
3.46747E+09 3.46705E+09 3.45983E+09 3.45153E+09 % U238
0.00000E+00 8.68974E+05 1.58194E+10 1.46512E+11 % Pu238
0.00000E+00 3.59360E+10 1.17677E+12 2.20301E+12 % Pu239
0.00000E+00 3.72512E+08 2.09182E+11 7.55793E+11 % Pu240
0.00000E+00 7.81583E+08 8.85293E+12 6.58003E+13 % Pu241
0.00000E+00 2.21305E+01 4.95872E+06 7.84167E+07 % Pu242
0.00000E+00 3.82590E+03 8.38936E+08 1.29777E+10 % Am241
0.00000E+00 2.45647E+01 2.47331E+08 8.74534E+09 % Am244
0.00000E+00 2.25483E-02 2.04321E+05 7.23843E+06 % Am245
0.00000E+00 0.00000E+00 0.00000E+00 0.00000E+00 % lost data
7.35099E+09 3.37790E+18 3.75384E+18 3.80723E+18 % total
];

MAT_uco_H = [
0.00000E+00 5.33539E-09 8.43794E-08 1.52377E-07 % H3
0.00000E+00 1.99458E+03 2.01499E+03 2.01794E+03 % Xe135
2.87002E-03 2.86242E-03 2.73757E-03 2.60392E-03 % U235
2.37513E-03 2.37484E-03 2.36990E-03 2.36421E-03 % U238
0.00000E+00 7.78067E-07 1.41645E-02 1.31185E-01 % Pu238
0.00000E+00 3.01771E-02 9.88184E-01 1.84996E+00 % Pu239
0.00000E+00 3.13398E-04 1.75987E-01 6.35856E-01 % Pu240
0.00000E+00 6.70585E-07 7.59567E-03 5.64555E-02 % Pu241
0.00000E+00 1.76648E-11 3.95810E-06 6.25931E-05 % Pu242
0.00000E+00 3.43023E-09 7.52175E-04 1.16355E-02 % Am241
0.00000E+00 4.36362E-12 4.39352E-05 1.55350E-03 % Am244
0.00000E+00 1.13764E-15 1.03087E-08 3.65203E-07 % Am245
0.00000E+00 0.00000E+00 0.00000E+00 0.00000E+00 % lost data
5.24515E-03 1.20316E+06 1.23717E+06 1.23057E+06 % total
];

MAT_uco_SF = [
0.00000E+00 0.00000E+00 0.00000E+00 0.00000E+00 % H3
0.00000E+00 0.00000E+00 0.00000E+00 0.00000E+00 % Xe135
2.79613E-01 2.78873E-01 2.66709E-01 2.53688E-01 % U235
1.89324E+05 1.89301E+05 1.88907E+05 1.88453E+05 % U238
0.00000E+00 1.61629E-03 2.94241E+01 2.72512E+02 % Pu238
0.00000E+00 1.11402E-01 3.64798E+00 6.82932E+00 % Pu239
0.00000E+00 2.12332E+01 1.19234E+04 4.30802E+04 % Pu240
0.00000E+00 0.00000E+00 0.00000E+00 0.00000E+00 % Pu241
0.00000E+00 1.21718E-04 2.72730E+01 4.31292E+02 % Pu242
0.00000E+00 1.64514E-08 3.60743E-03 5.58039E-02 % Am241
0.00000E+00 0.00000E+00 0.00000E+00 0.00000E+00 % Am244
0.00000E+00 0.00000E+00 0.00000E+00 0.00000E+00 % Am245
0.00000E+00 0.00000E+00 0.00000E+00 0.00000E+00 % lost data
1.89324E+05 1.89323E+05 2.02201E+05 2.74126E+05 % total
];

MAT_uco_ING_TOX = [
0.00000E+00 2.45806E-04 3.88744E-03 7.02014E-03 % H3
0.00000E+00 4.64620E+09 4.69373E+09 4.70060E+09 % Xe135
1.82525E+02 1.82042E+02 1.74102E+02 1.65602E+02 % U235
1.56036E+02 1.56017E+02 1.55693E+02 1.55319E+02 % U238
0.00000E+00 1.99864E-01 3.63846E+03 3.36977E+04 % Pu238
0.00000E+00 8.98400E+03 2.94192E+05 5.50752E+05 % Pu239
0.00000E+00 9.31280E+01 5.22955E+04 1.88948E+05 % Pu240
0.00000E+00 3.75160E+00 4.24941E+04 3.15841E+05 % Pu241
0.00000E+00 5.31133E-06 1.19009E+00 1.88200E+01 % Pu242
0.00000E+00 7.65181E-04 1.67787E+02 2.59553E+03 % Am241
0.00000E+00 1.12998E-08 1.13772E-01 4.02286E+00 % Am244
0.00000E+00 1.39799E-12 1.26679E-05 4.48783E-04 % Am245
0.00000E+00 0.00000E+00 0.00000E+00 0.00000E+00 % lost data
3.38562E+02 4.58213E+10 6.15038E+10 6.14612E+10 % total
];

MAT_uco_INH_TOX = [
0.00000E+00 1.52166E-03 2.40651E-02 4.34580E-02 % H3
0.00000E+00 2.43372E+09 2.45862E+09 2.46222E+09 % Xe135
3.30099E+04 3.29225E+04 3.14864E+04 2.99493E+04 % U235
2.77398E+04 2.77364E+04 2.76787E+04 2.76122E+04 % U238
0.00000E+00 9.55871E+01 1.74013E+06 1.61163E+07 % Pu238
0.00000E+00 4.31232E+06 1.41212E+08 2.64361E+08 % Pu239
0.00000E+00 4.47014E+04 2.51019E+07 9.06951E+07 % Pu240
0.00000E+00 1.79764E+03 2.03617E+07 1.51341E+08 % Pu241
0.00000E+00 2.43436E-03 5.45459E+02 8.62584E+03 % Pu242
0.00000E+00 3.67287E-01 8.05379E+04 1.24585E+06 % Am241
0.00000E+00 9.08895E-08 9.15125E-01 3.23577E+01 % Am244
0.00000E+00 1.26270E-12 1.14420E-05 4.05352E-04 % Am245
0.00000E+00 0.00000E+00 0.00000E+00 0.00000E+00 % lost data
6.07497E+04 4.44675E+10 5.95945E+10 6.14792E+10 % total
];

TOT_VOLUME = [ 3.32126E+04 3.32126E+04 3.32126E+04 3.32126E+04 ];

TOT_BURNUP = [ 0.00000E+00 3.05481E-01 5.43757E+00 1.11806E+01 ];

TOT_ADENS = [
0.00000E+00 9.88394E-14 1.56315E-12 2.82282E-12 % H3
0.00000E+00 3.16227E-08 3.19462E-08 3.19929E-08 % Xe135
3.74777E-03 3.73784E-03 3.57480E-03 3.40029E-03 % U235
2.12374E-02 2.12348E-02 2.11906E-02 2.11397E-02 % U238
0.00000E+00 1.04468E-13 1.90180E-09 1.76136E-08 % Pu238
0.00000E+00 1.18769E-06 3.88922E-05 7.28095E-05 % Pu239
0.00000E+00 3.35031E-09 1.88135E-06 6.79747E-06 % Pu240
0.00000E+00 1.53103E-11 1.73418E-07 1.28895E-06 % Pu241
0.00000E+00 1.13761E-14 2.54902E-09 4.03099E-08 % Pu242
0.00000E+00 2.26880E-15 4.97497E-10 7.69587E-09 % Am241
0.00000E+00 3.87978E-23 3.90638E-16 1.38125E-14 % Am244
0.00000E+00 7.22839E-27 6.55000E-20 2.32045E-18 % Am245
0.00000E+00 6.45607E-08 1.15492E-06 2.38372E-06 % lost data
7.04339E-02 7.04418E-02 7.05738E-02 7.07212E-02 % total
];

