
DET1001 = [
    1    1    1    1    1    1    1    1    1    1  4.77248E+18 0.00461 
    2    2    1    1    1    1    1    1    1    1  1.70860E+18 0.00612 
    3    3    1    1    1    1    1    1    1    1  1.54360E+17 0.01214 
];


DET1001E = [
 1.00000E-09  6.25000E-07  3.13000E-07
 6.25000E-07  1.00000E-01  5.00003E-02
 1.00000E-01  2.00000E+01  1.00500E+01
];

DET1002 = [
    1    1    1    1    1    1    1    1    1    1  1.94366E+17 0.00670 
    2    2    1    1    1    1    1    1    1    1  3.94826E+17 0.00497 
    3    3    1    1    1    1    1    1    1    1  1.80314E+17 0.00600 
];


DET1002E = [
 1.00000E-09  6.25000E-07  3.13000E-07
 6.25000E-07  1.00000E-01  5.00003E-02
 1.00000E-01  2.00000E+01  1.00500E+01
];
