
DET1001 = [
    1    1    1    1    1    1    1    1    1    1  4.90460E+18 0.00471 
    2    2    1    1    1    1    1    1    1    1  1.75319E+18 0.00600 
    3    3    1    1    1    1    1    1    1    1  1.62740E+17 0.01215 
];


DET1001E = [
 1.00000E-09  6.25000E-07  3.13000E-07
 6.25000E-07  1.00000E-01  5.00003E-02
 1.00000E-01  2.00000E+01  1.00500E+01
];

DET1002 = [
    1    1    1    1    1    1    1    1    1    1  1.96860E+17 0.00663 
    2    2    1    1    1    1    1    1    1    1  4.04333E+17 0.00480 
    3    3    1    1    1    1    1    1    1    1  1.87128E+17 0.00622 
];


DET1002E = [
 1.00000E-09  6.25000E-07  3.13000E-07
 6.25000E-07  1.00000E-01  5.00003E-02
 1.00000E-01  2.00000E+01  1.00500E+01
];
