
DET1001 = [
    1    1    1    1    1    1    1    1    1    1  5.07371E+18 0.00438 
    2    2    1    1    1    1    1    1    1    1  1.79453E+18 0.00621 
    3    3    1    1    1    1    1    1    1    1  1.67017E+17 0.01236 
];


DET1001E = [
 1.00000E-09  6.25000E-07  3.13000E-07
 6.25000E-07  1.00000E-01  5.00003E-02
 1.00000E-01  2.00000E+01  1.00500E+01
];

DET1002 = [
    1    1    1    1    1    1    1    1    1    1  2.03415E+17 0.00712 
    2    2    1    1    1    1    1    1    1    1  4.25642E+17 0.00498 
    3    3    1    1    1    1    1    1    1    1  1.98162E+17 0.00594 
];


DET1002E = [
 1.00000E-09  6.25000E-07  3.13000E-07
 6.25000E-07  1.00000E-01  5.00003E-02
 1.00000E-01  2.00000E+01  1.00500E+01
];
