
DET1001 = [
    1    1    1    1    1    1    1    1    1    1  4.07772E+18 0.00506 
    2    2    1    1    1    1    1    1    1    1  1.75169E+18 0.00609 
    3    3    1    1    1    1    1    1    1    1  1.60475E+17 0.01245 
];


DET1001E = [
 1.00000E-09  6.25000E-07  3.13000E-07
 6.25000E-07  1.00000E-01  5.00003E-02
 1.00000E-01  2.00000E+01  1.00500E+01
];

DET1002 = [
    1    1    1    1    1    1    1    1    1    1  9.93851E+16 0.00953 
    2    2    1    1    1    1    1    1    1    1  3.66415E+17 0.00527 
    3    3    1    1    1    1    1    1    1    1  1.78398E+17 0.00630 
];


DET1002E = [
 1.00000E-09  6.25000E-07  3.13000E-07
 6.25000E-07  1.00000E-01  5.00003E-02
 1.00000E-01  2.00000E+01  1.00500E+01
];
