
DET1001 = [
    1    1    1    1    1    1    1    1    1    1  3.88143E+18 0.00499 
    2    2    1    1    1    1    1    1    1    1  1.66315E+18 0.00605 
    3    3    1    1    1    1    1    1    1    1  1.56882E+17 0.01172 
];


DET1001E = [
 1.00000E-09  6.25000E-07  3.13000E-07
 6.25000E-07  1.00000E-01  5.00003E-02
 1.00000E-01  2.00000E+01  1.00500E+01
];

DET1002 = [
    1    1    1    1    1    1    1    1    1    1  9.95010E+16 0.00913 
    2    2    1    1    1    1    1    1    1    1  3.44976E+17 0.00493 
    3    3    1    1    1    1    1    1    1    1  1.66656E+17 0.00594 
];


DET1002E = [
 1.00000E-09  6.25000E-07  3.13000E-07
 6.25000E-07  1.00000E-01  5.00003E-02
 1.00000E-01  2.00000E+01  1.00500E+01
];
