
DET1001 = [
    1    1    1    1    1    1    1    1    1    1  3.86075E+18 0.00476 
    2    2    1    1    1    1    1    1    1    1  1.64330E+18 0.00580 
    3    3    1    1    1    1    1    1    1    1  1.51705E+17 0.01252 
];


DET1001E = [
 1.00000E-09  6.25000E-07  3.13000E-07
 6.25000E-07  1.00000E-01  5.00003E-02
 1.00000E-01  2.00000E+01  1.00500E+01
];

DET1002 = [
    1    1    1    1    1    1    1    1    1    1  9.91016E+16 0.00848 
    2    2    1    1    1    1    1    1    1    1  3.36871E+17 0.00502 
    3    3    1    1    1    1    1    1    1    1  1.61828E+17 0.00622 
];


DET1002E = [
 1.00000E-09  6.25000E-07  3.13000E-07
 6.25000E-07  1.00000E-01  5.00003E-02
 1.00000E-01  2.00000E+01  1.00500E+01
];
