
DET1001 = [
    1    1    1    1    1    1    1    1    1    1  3.96162E+18 0.00476 
    2    2    1    1    1    1    1    1    1    1  1.68993E+18 0.00583 
    3    3    1    1    1    1    1    1    1    1  1.57937E+17 0.01168 
];


DET1001E = [
 1.00000E-09  6.25000E-07  3.13000E-07
 6.25000E-07  1.00000E-01  5.00003E-02
 1.00000E-01  2.00000E+01  1.00500E+01
];

DET1002 = [
    1    1    1    1    1    1    1    1    1    1  9.77134E+16 0.00869 
    2    2    1    1    1    1    1    1    1    1  3.59159E+17 0.00544 
    3    3    1    1    1    1    1    1    1    1  1.73345E+17 0.00653 
];


DET1002E = [
 1.00000E-09  6.25000E-07  3.13000E-07
 6.25000E-07  1.00000E-01  5.00003E-02
 1.00000E-01  2.00000E+01  1.00500E+01
];
