
ZAI = [
10030
541350
922350
922380
942380
942390
942400
942410
942420
952410
952440
952450
666
0
];

NAMES = [
'H3              '
'Xe135           '
'U235            '
'U238            '
'Pu238           '
'Pu239           '
'Pu240           '
'Pu241           '
'Pu242           '
'Am241           '
'Am244           '
'Am245           '
'lost            '
'total           '
];

i10030  = 1; iH3               = 1;
i541350 = 2; iXe135            = 2;
i922350 = 3; iU235             = 3;
i922380 = 4; iU238             = 4;
i942380 = 5; iPu238            = 5;
i942390 = 6; iPu239            = 6;
i942400 = 7; iPu240            = 7;
i942410 = 8; iPu241            = 8;
i942420 = 9; iPu242            = 9;
i952410 = 10; iAm241            = 10;
i952440 = 11; iAm244            = 11;
i952450 = 12; iAm245            = 12;
iLOST    = 13;
iTOT     = 14;

MAT_uco_VOLUME = [ 2.80295E+04 2.80295E+04 2.80295E+04 2.80295E+04 ];

MAT_uco_BURNUP = [ 0.00000E+00 3.61979E-01 6.44320E+00 1.32484E+01 ];

MAT_uco_ADENS = [
0.00000E+00 1.04114E-13 1.67393E-12 2.99959E-12 % H3
0.00000E+00 3.76199E-08 3.79235E-08 3.79136E-08 % Xe135
4.31104E-03 4.29922E-03 4.10487E-03 3.89648E-03 % U235
2.06805E-02 2.06776E-02 2.06279E-02 2.05707E-02 % U238
0.00000E+00 1.14806E-13 2.46471E-09 2.35531E-08 % Pu238
0.00000E+00 1.33702E-06 4.37574E-05 8.17389E-05 % Pu239
0.00000E+00 3.84261E-09 2.12322E-06 7.63854E-06 % Pu240
0.00000E+00 1.87301E-11 2.06710E-07 1.54129E-06 % Pu241
0.00000E+00 1.35367E-14 2.95543E-09 4.70249E-08 % Pu242
0.00000E+00 2.78755E-15 5.93609E-10 9.20657E-09 % Am241
0.00000E+00 5.35941E-23 5.13370E-16 1.83447E-14 % Am244
0.00000E+00 9.56442E-27 8.29016E-20 2.97787E-18 % Am245
0.00000E+00 7.65074E-08 1.36820E-06 2.82358E-06 % lost data
7.04520E-02 7.04613E-02 7.06176E-02 7.07923E-02 % total
];

MAT_uco_MDENS = [
0.00000E+00 5.21344E-13 8.38211E-12 1.50203E-11 % H3
0.00000E+00 8.42767E-06 8.49570E-06 8.49346E-06 % Xe135
1.68262E+00 1.67801E+00 1.60216E+00 1.52082E+00 % U235
8.17497E+00 8.17383E+00 8.15418E+00 8.13158E+00 % U238
0.00000E+00 4.53825E-11 9.74290E-07 9.31045E-06 % Pu238
0.00000E+00 5.30748E-04 1.73700E-02 3.24472E-02 % Pu239
0.00000E+00 1.53176E-06 8.46369E-04 3.04492E-03 % Pu240
0.00000E+00 7.49724E-09 8.27414E-05 6.16942E-04 % Pu241
0.00000E+00 5.44113E-12 1.18795E-06 1.89019E-05 % Pu242
0.00000E+00 1.11583E-12 2.37616E-07 3.68531E-06 % Am241
0.00000E+00 2.17209E-20 2.08061E-13 7.43483E-12 % Am244
0.00000E+00 3.89223E-24 3.37367E-17 1.21184E-15 % Am245
0.00000E+00 0.00000E+00 0.00000E+00 0.00000E+00 % lost data
1.10000E+01 1.09999E+01 1.09991E+01 1.09981E+01 % total
];

MAT_uco_A = [
0.00000E+00 5.20277E+06 8.36495E+07 1.49895E+08 % H3
0.00000E+00 2.22131E+16 2.23924E+16 2.23865E+16 % Xe135
3.77005E+09 3.75971E+09 3.58975E+09 3.40751E+09 % U235
2.84961E+09 2.84921E+09 2.84236E+09 2.83448E+09 % U238
0.00000E+00 8.05940E+05 1.73022E+10 1.65342E+11 % Pu238
0.00000E+00 3.41412E+10 1.11736E+12 2.08722E+12 % Pu239
0.00000E+00 3.60573E+08 1.99233E+11 7.16767E+11 % Pu240
0.00000E+00 8.06947E+08 8.90566E+12 6.64031E+13 % Pu241
0.00000E+00 2.22240E+01 4.85210E+06 7.72035E+07 % Pu242
0.00000E+00 3.96710E+03 8.44795E+08 1.31023E+10 % Am241
0.00000E+00 2.86374E+01 2.74314E+08 9.80228E+09 % Am244
0.00000E+00 2.51793E-02 2.18246E+05 7.83952E+06 % Am245
0.00000E+00 0.00000E+00 0.00000E+00 0.00000E+00 % lost data
6.61965E+09 3.36042E+18 3.73038E+18 3.78399E+18 % total
];

MAT_uco_H = [
0.00000E+00 4.74305E-09 7.62581E-08 1.36650E-07 % H3
0.00000E+00 2.00255E+03 2.01871E+03 2.01818E+03 % Xe135
2.78616E-03 2.77852E-03 2.65292E-03 2.51824E-03 % U235
1.95191E-03 1.95164E-03 1.94694E-03 1.94155E-03 % U238
0.00000E+00 7.21628E-07 1.54922E-02 1.48045E-01 % Pu238
0.00000E+00 2.86699E-02 9.38294E-01 1.75273E+00 % Pu239
0.00000E+00 3.03354E-04 1.67617E-01 6.03023E-01 % Pu240
0.00000E+00 6.92347E-07 7.64090E-03 5.69727E-02 % Pu241
0.00000E+00 1.77394E-11 3.87300E-06 6.16247E-05 % Pu242
0.00000E+00 3.55683E-09 7.57428E-04 1.17473E-02 % Am241
0.00000E+00 5.08707E-12 4.87284E-05 1.74125E-03 % Am244
0.00000E+00 1.27038E-15 1.10112E-08 3.95530E-07 % Am245
0.00000E+00 0.00000E+00 0.00000E+00 0.00000E+00 % lost data
4.73807E-03 1.20174E+06 1.23450E+06 1.22837E+06 % total
];

MAT_uco_SF = [
0.00000E+00 0.00000E+00 0.00000E+00 0.00000E+00 % H3
0.00000E+00 0.00000E+00 0.00000E+00 0.00000E+00 % Xe135
2.71443E-01 2.70699E-01 2.58462E-01 2.45341E-01 % U235
1.55589E+05 1.55567E+05 1.55193E+05 1.54763E+05 % U238
0.00000E+00 1.49905E-03 3.21821E+01 3.07537E+02 % Pu238
0.00000E+00 1.05838E-01 3.46380E+00 6.47039E+00 % Pu239
0.00000E+00 2.05527E+01 1.13563E+04 4.08557E+04 % Pu240
0.00000E+00 0.00000E+00 0.00000E+00 0.00000E+00 % Pu241
0.00000E+00 1.22232E-04 2.66866E+01 4.24619E+02 % Pu242
0.00000E+00 1.70585E-08 3.63262E-03 5.63400E-02 % Am241
0.00000E+00 0.00000E+00 0.00000E+00 0.00000E+00 % Am244
0.00000E+00 0.00000E+00 0.00000E+00 0.00000E+00 % Am245
0.00000E+00 0.00000E+00 0.00000E+00 0.00000E+00 % lost data
1.55589E+05 1.55588E+05 1.67914E+05 2.38357E+05 % total
];

MAT_uco_ING_TOX = [
0.00000E+00 2.18516E-04 3.51328E-03 6.29560E-03 % H3
0.00000E+00 4.66475E+09 4.70240E+09 4.70117E+09 % Xe135
1.77192E+02 1.76706E+02 1.68718E+02 1.60153E+02 % U235
1.28232E+02 1.28214E+02 1.27906E+02 1.27552E+02 % U238
0.00000E+00 1.85366E-01 3.97951E+03 3.80288E+04 % Pu238
0.00000E+00 8.53531E+03 2.79339E+05 5.21805E+05 % Pu239
0.00000E+00 9.01433E+01 4.98083E+04 1.79192E+05 % Pu240
0.00000E+00 3.87334E+00 4.27472E+04 3.18735E+05 % Pu241
0.00000E+00 5.33375E-06 1.16451E+00 1.85288E+01 % Pu242
0.00000E+00 7.93419E-04 1.68959E+02 2.62047E+03 % Am241
0.00000E+00 1.31732E-08 1.26184E-01 4.50905E+00 % Am244
0.00000E+00 1.56111E-12 1.35313E-05 4.86050E-04 % Am245
0.00000E+00 0.00000E+00 0.00000E+00 0.00000E+00 % lost data
3.05424E+02 4.58282E+10 6.14294E+10 6.13838E+10 % total
];

MAT_uco_INH_TOX = [
0.00000E+00 1.35272E-03 2.17489E-02 3.89727E-02 % H3
0.00000E+00 2.44344E+09 2.46316E+09 2.46252E+09 % Xe135
3.20454E+04 3.19575E+04 3.05129E+04 2.89639E+04 % U235
2.27969E+04 2.27937E+04 2.27389E+04 2.26758E+04 % U238
0.00000E+00 8.86534E+01 1.90325E+06 1.81877E+07 % Pu238
0.00000E+00 4.09695E+06 1.34083E+08 2.50467E+08 % Pu239
0.00000E+00 4.32688E+04 2.39080E+07 8.60120E+07 % Pu240
0.00000E+00 1.85598E+03 2.04830E+07 1.52727E+08 % Pu241
0.00000E+00 2.44464E-03 5.33732E+02 8.49239E+03 % Pu242
0.00000E+00 3.80841E-01 8.11003E+04 1.25782E+06 % Am241
0.00000E+00 1.05958E-07 1.01496E+00 3.62684E+01 % Am244
0.00000E+00 1.41004E-12 1.22218E-05 4.39013E-04 % Am245
0.00000E+00 0.00000E+00 0.00000E+00 0.00000E+00 % lost data
5.48422E+04 4.44586E+10 5.94949E+10 6.13687E+10 % total
];

TOT_VOLUME = [ 2.80295E+04 2.80295E+04 2.80295E+04 2.80295E+04 ];

TOT_BURNUP = [ 0.00000E+00 3.61979E-01 6.44320E+00 1.32484E+01 ];

TOT_ADENS = [
0.00000E+00 1.04114E-13 1.67393E-12 2.99959E-12 % H3
0.00000E+00 3.76199E-08 3.79235E-08 3.79136E-08 % Xe135
4.31104E-03 4.29922E-03 4.10487E-03 3.89648E-03 % U235
2.06805E-02 2.06776E-02 2.06279E-02 2.05707E-02 % U238
0.00000E+00 1.14806E-13 2.46471E-09 2.35531E-08 % Pu238
0.00000E+00 1.33702E-06 4.37574E-05 8.17389E-05 % Pu239
0.00000E+00 3.84261E-09 2.12322E-06 7.63854E-06 % Pu240
0.00000E+00 1.87301E-11 2.06710E-07 1.54129E-06 % Pu241
0.00000E+00 1.35367E-14 2.95543E-09 4.70249E-08 % Pu242
0.00000E+00 2.78755E-15 5.93609E-10 9.20657E-09 % Am241
0.00000E+00 5.35941E-23 5.13370E-16 1.83447E-14 % Am244
0.00000E+00 9.56442E-27 8.29016E-20 2.97787E-18 % Am245
0.00000E+00 7.65074E-08 1.36820E-06 2.82358E-06 % lost data
7.04520E-02 7.04613E-02 7.06176E-02 7.07923E-02 % total
];

