
DET1001 = [
    1    1    1    1    1    1    1    1    1    1  5.41985E+18 0.00464 
    2    2    1    1    1    1    1    1    1    1  2.25666E+18 0.00524 
    3    3    1    1    1    1    1    1    1    1  3.80479E+17 0.00974 
];


DET1001E = [
 1.00000E-09  6.25000E-07  3.13000E-07
 6.25000E-07  1.00000E-01  5.00003E-02
 1.00000E-01  2.00000E+01  1.00500E+01
];

DET1002 = [
    1    1    1    1    1    1    1    1    1    1  1.31607E+17 0.00826 
    2    2    1    1    1    1    1    1    1    1  3.91341E+17 0.00511 
    3    3    1    1    1    1    1    1    1    1  2.11763E+17 0.00636 
];


DET1002E = [
 1.00000E-09  6.25000E-07  3.13000E-07
 6.25000E-07  1.00000E-01  5.00003E-02
 1.00000E-01  2.00000E+01  1.00500E+01
];
