
DET1001 = [
    1    1    1    1    1    1    1    1    1    1  5.21153E+18 0.00422 
    2    2    1    1    1    1    1    1    1    1  2.16967E+18 0.00514 
    3    3    1    1    1    1    1    1    1    1  3.58052E+17 0.00918 
];


DET1001E = [
 1.00000E-09  6.25000E-07  3.13000E-07
 6.25000E-07  1.00000E-01  5.00003E-02
 1.00000E-01  2.00000E+01  1.00500E+01
];

DET1002 = [
    1    1    1    1    1    1    1    1    1    1  1.28770E+17 0.00762 
    2    2    1    1    1    1    1    1    1    1  3.66007E+17 0.00492 
    3    3    1    1    1    1    1    1    1    1  1.93621E+17 0.00633 
];


DET1002E = [
 1.00000E-09  6.25000E-07  3.13000E-07
 6.25000E-07  1.00000E-01  5.00003E-02
 1.00000E-01  2.00000E+01  1.00500E+01
];
