
DET1001 = [
    1    1    1    1    1    1    1    1    1    1  5.35093E+18 0.00449 
    2    2    1    1    1    1    1    1    1    1  2.21748E+18 0.00548 
    3    3    1    1    1    1    1    1    1    1  3.71584E+17 0.00948 
];


DET1001E = [
 1.00000E-09  6.25000E-07  3.13000E-07
 6.25000E-07  1.00000E-01  5.00003E-02
 1.00000E-01  2.00000E+01  1.00500E+01
];

DET1002 = [
    1    1    1    1    1    1    1    1    1    1  1.31209E+17 0.00828 
    2    2    1    1    1    1    1    1    1    1  3.88077E+17 0.00462 
    3    3    1    1    1    1    1    1    1    1  2.06079E+17 0.00608 
];


DET1002E = [
 1.00000E-09  6.25000E-07  3.13000E-07
 6.25000E-07  1.00000E-01  5.00003E-02
 1.00000E-01  2.00000E+01  1.00500E+01
];
