
DET1001 = [
    1    1    1    1    1    1    1    1    1    1  5.28854E+18 0.00476 
    2    2    1    1    1    1    1    1    1    1  2.22107E+18 0.00512 
    3    3    1    1    1    1    1    1    1    1  3.73052E+17 0.00994 
];


DET1001E = [
 1.00000E-09  6.25000E-07  3.13000E-07
 6.25000E-07  1.00000E-01  5.00003E-02
 1.00000E-01  2.00000E+01  1.00500E+01
];

DET1002 = [
    1    1    1    1    1    1    1    1    1    1  1.30850E+17 0.00830 
    2    2    1    1    1    1    1    1    1    1  3.75519E+17 0.00503 
    3    3    1    1    1    1    1    1    1    1  1.98740E+17 0.00623 
];


DET1002E = [
 1.00000E-09  6.25000E-07  3.13000E-07
 6.25000E-07  1.00000E-01  5.00003E-02
 1.00000E-01  2.00000E+01  1.00500E+01
];
