
DET1001 = [
    1    1    1    1    1    1    1    1    1    1  4.14856E+18 0.00468 
    2    2    1    1    1    1    1    1    1    1  1.66580E+18 0.00635 
    3    3    1    1    1    1    1    1    1    1  1.54277E+17 0.01217 
];


DET1001E = [
 1.00000E-09  6.25000E-07  3.13000E-07
 6.25000E-07  1.00000E-01  5.00003E-02
 1.00000E-01  2.00000E+01  1.00500E+01
];

DET1002 = [
    1    1    1    1    1    1    1    1    1    1  1.19371E+17 0.00815 
    2    2    1    1    1    1    1    1    1    1  3.69331E+17 0.00481 
    3    3    1    1    1    1    1    1    1    1  1.74487E+17 0.00657 
];


DET1002E = [
 1.00000E-09  6.25000E-07  3.13000E-07
 6.25000E-07  1.00000E-01  5.00003E-02
 1.00000E-01  2.00000E+01  1.00500E+01
];
