
DET1001 = [
    1    1    1    1    1    1    1    1    1    1  4.06578E+18 0.00471 
    2    2    1    1    1    1    1    1    1    1  1.64047E+18 0.00580 
    3    3    1    1    1    1    1    1    1    1  1.49707E+17 0.01225 
];


DET1001E = [
 1.00000E-09  6.25000E-07  3.13000E-07
 6.25000E-07  1.00000E-01  5.00003E-02
 1.00000E-01  2.00000E+01  1.00500E+01
];

DET1002 = [
    1    1    1    1    1    1    1    1    1    1  1.19915E+17 0.00785 
    2    2    1    1    1    1    1    1    1    1  3.56095E+17 0.00484 
    3    3    1    1    1    1    1    1    1    1  1.69796E+17 0.00662 
];


DET1002E = [
 1.00000E-09  6.25000E-07  3.13000E-07
 6.25000E-07  1.00000E-01  5.00003E-02
 1.00000E-01  2.00000E+01  1.00500E+01
];
