
DET1001 = [
    1    1    1    1    1    1    1    1    1    1  4.20385E+18 0.00478 
    2    2    1    1    1    1    1    1    1    1  1.70579E+18 0.00646 
    3    3    1    1    1    1    1    1    1    1  1.58487E+17 0.01189 
];


DET1001E = [
 1.00000E-09  6.25000E-07  3.13000E-07
 6.25000E-07  1.00000E-01  5.00003E-02
 1.00000E-01  2.00000E+01  1.00500E+01
];

DET1002 = [
    1    1    1    1    1    1    1    1    1    1  1.21278E+17 0.00863 
    2    2    1    1    1    1    1    1    1    1  3.79648E+17 0.00504 
    3    3    1    1    1    1    1    1    1    1  1.79823E+17 0.00638 
];


DET1002E = [
 1.00000E-09  6.25000E-07  3.13000E-07
 6.25000E-07  1.00000E-01  5.00003E-02
 1.00000E-01  2.00000E+01  1.00500E+01
];
