
DET1001 = [
    1    1    1    1    1    1    1    1    1    1  5.95142E+18 0.00407 
    2    2    1    1    1    1    1    1    1    1  1.89017E+18 0.00598 
    3    3    1    1    1    1    1    1    1    1  1.64614E+17 0.01189 
];


DET1001E = [
 1.00000E-09  6.25000E-07  3.13000E-07
 6.25000E-07  1.00000E-01  5.00003E-02
 1.00000E-01  2.00000E+01  1.00500E+01
];

DET1002 = [
    1    1    1    1    1    1    1    1    1    1  2.96813E+17 0.00565 
    2    2    1    1    1    1    1    1    1    1  4.35215E+17 0.00419 
    3    3    1    1    1    1    1    1    1    1  1.90603E+17 0.00587 
];


DET1002E = [
 1.00000E-09  6.25000E-07  3.13000E-07
 6.25000E-07  1.00000E-01  5.00003E-02
 1.00000E-01  2.00000E+01  1.00500E+01
];
