
DET1001 = [
    1    1    1    1    1    1    1    1    1    1  6.05049E+18 0.00444 
    2    2    1    1    1    1    1    1    1    1  1.95621E+18 0.00585 
    3    3    1    1    1    1    1    1    1    1  1.72913E+17 0.01128 
];


DET1001E = [
 1.00000E-09  6.25000E-07  3.13000E-07
 6.25000E-07  1.00000E-01  5.00003E-02
 1.00000E-01  2.00000E+01  1.00500E+01
];

DET1002 = [
    1    1    1    1    1    1    1    1    1    1  3.02614E+17 0.00547 
    2    2    1    1    1    1    1    1    1    1  4.48089E+17 0.00445 
    3    3    1    1    1    1    1    1    1    1  1.97604E+17 0.00585 
];


DET1002E = [
 1.00000E-09  6.25000E-07  3.13000E-07
 6.25000E-07  1.00000E-01  5.00003E-02
 1.00000E-01  2.00000E+01  1.00500E+01
];
