
DET1001 = [
    1    1    1    1    1    1    1    1    1    1  6.32334E+18 0.00428 
    2    2    1    1    1    1    1    1    1    1  2.04675E+18 0.00579 
    3    3    1    1    1    1    1    1    1    1  1.82988E+17 0.01186 
];


DET1001E = [
 1.00000E-09  6.25000E-07  3.13000E-07
 6.25000E-07  1.00000E-01  5.00003E-02
 1.00000E-01  2.00000E+01  1.00500E+01
];

DET1002 = [
    1    1    1    1    1    1    1    1    1    1  3.13594E+17 0.00587 
    2    2    1    1    1    1    1    1    1    1  4.87549E+17 0.00472 
    3    3    1    1    1    1    1    1    1    1  2.16895E+17 0.00660 
];


DET1002E = [
 1.00000E-09  6.25000E-07  3.13000E-07
 6.25000E-07  1.00000E-01  5.00003E-02
 1.00000E-01  2.00000E+01  1.00500E+01
];
