
ZAI = [
10030
541350
922350
922380
942380
942390
942400
942410
942420
952410
952440
952450
666
0
];

NAMES = [
'H3              '
'Xe135           '
'U235            '
'U238            '
'Pu238           '
'Pu239           '
'Pu240           '
'Pu241           '
'Pu242           '
'Am241           '
'Am244           '
'Am245           '
'lost            '
'total           '
];

i10030  = 1; iH3               = 1;
i541350 = 2; iXe135            = 2;
i922350 = 3; iU235             = 3;
i922380 = 4; iU238             = 4;
i942380 = 5; iPu238            = 5;
i942390 = 6; iPu239            = 6;
i942400 = 7; iPu240            = 7;
i942410 = 8; iPu241            = 8;
i942420 = 9; iPu242            = 9;
i952410 = 10; iAm241            = 10;
i952440 = 11; iAm244            = 11;
i952450 = 12; iAm245            = 12;
iLOST    = 13;
iTOT     = 14;

MAT_uco_VOLUME = [ 1.77016E+04 1.77016E+04 1.77016E+04 1.77016E+04 ];

MAT_uco_BURNUP = [ 0.00000E+00 5.73134E-01 1.02019E+01 2.09769E+01 ];

MAT_uco_ADENS = [
0.00000E+00 9.64973E-14 1.38123E-12 2.24645E-12 % H3
0.00000E+00 3.90285E-08 3.88152E-08 3.78597E-08 % Xe135
3.74777E-03 3.72946E-03 3.43192E-03 3.11862E-03 % U235
2.12374E-02 2.12335E-02 2.11671E-02 2.10899E-02 % U238
0.00000E+00 1.51069E-13 4.69763E-09 4.65234E-08 % Pu238
0.00000E+00 1.77571E-06 5.27709E-05 8.90843E-05 % Pu239
0.00000E+00 8.68390E-09 4.84085E-06 1.63057E-05 % Pu240
0.00000E+00 4.73839E-11 5.35401E-07 3.61608E-06 % Pu241
0.00000E+00 6.28027E-14 1.46975E-08 2.21315E-07 % Pu242
0.00000E+00 6.91445E-15 1.52734E-09 2.11876E-08 % Am241
0.00000E+00 2.81280E-22 3.03825E-15 1.06988E-13 % Am244
0.00000E+00 8.88992E-26 8.71242E-19 3.14362E-17 % Am245
0.00000E+00 1.21066E-07 2.17096E-06 4.48438E-06 % lost data
7.04339E-02 7.04487E-02 7.06964E-02 7.09728E-02 % total
];

MAT_uco_MDENS = [
0.00000E+00 4.83204E-13 6.91642E-12 1.12490E-11 % H3
0.00000E+00 8.74323E-06 8.69546E-06 8.48139E-06 % Xe135
1.46278E+00 1.45563E+00 1.33950E+00 1.21722E+00 % U235
8.39511E+00 8.39360E+00 8.36733E+00 8.33682E+00 % U238
0.00000E+00 5.97171E-11 1.85696E-06 1.83906E-05 % Pu238
0.00000E+00 7.04890E-04 2.09480E-02 3.53631E-02 % Pu239
0.00000E+00 3.46162E-06 1.92969E-03 6.49989E-03 % Pu240
0.00000E+00 1.89667E-08 2.14309E-04 1.44744E-03 % Pu241
0.00000E+00 2.52438E-11 5.90770E-06 8.89586E-05 % Pu242
0.00000E+00 2.76779E-12 6.11381E-07 8.48119E-06 % Am241
0.00000E+00 1.13999E-19 1.23136E-12 4.33608E-11 % Am244
0.00000E+00 3.61774E-23 3.54551E-16 1.27929E-14 % Am245
0.00000E+00 0.00000E+00 0.00000E+00 0.00000E+00 % lost data
1.10000E+01 1.09999E+01 1.09985E+01 1.09969E+01 % total
];

MAT_uco_A = [
0.00000E+00 3.04536E+06 4.35903E+07 7.08958E+07 % H3
0.00000E+00 1.45536E+16 1.44741E+16 1.41178E+16 % Xe135
2.06983E+09 2.05972E+09 1.89540E+09 1.72236E+09 % U235
1.84809E+09 1.84776E+09 1.84197E+09 1.83526E+09 % U238
0.00000E+00 6.69747E+05 2.08264E+10 2.06256E+11 % Pu238
0.00000E+00 2.86358E+10 8.51005E+11 1.43661E+12 % Pu239
0.00000E+00 5.14612E+08 2.86871E+11 9.66287E+11 % Pu240
0.00000E+00 1.28924E+09 1.45674E+13 9.83876E+13 % Pu241
0.00000E+00 6.51156E+01 1.52387E+07 2.29466E+08 % Pu242
0.00000E+00 6.21450E+03 1.37273E+09 1.90428E+10 % Am241
0.00000E+00 9.49191E+01 1.02527E+09 3.61037E+10 % Am244
0.00000E+00 1.47802E-01 1.44851E+06 5.22651E+07 % Am245
0.00000E+00 0.00000E+00 0.00000E+00 0.00000E+00 % lost data
3.91792E+09 3.29787E+18 3.62952E+18 3.65930E+18 % total
];

MAT_uco_H = [
0.00000E+00 2.77627E-09 3.97386E-08 6.46313E-08 % H3
0.00000E+00 1.31203E+03 1.30486E+03 1.27274E+03 % Xe135
1.52966E-03 1.52219E-03 1.40075E-03 1.27287E-03 % U235
1.26589E-03 1.26567E-03 1.26171E-03 1.25710E-03 % U238
0.00000E+00 5.99682E-07 1.86477E-02 1.84679E-01 % Pu238
0.00000E+00 2.40468E-02 7.14627E-01 1.20638E+00 % Pu239
0.00000E+00 4.32948E-04 2.41348E-01 8.12947E-01 % Pu240
0.00000E+00 1.10614E-06 1.24986E-02 8.44149E-02 % Pu241
0.00000E+00 5.19760E-11 1.21637E-05 1.83162E-04 % Pu242
0.00000E+00 5.57181E-09 1.23076E-03 1.70734E-02 % Am241
0.00000E+00 1.68612E-11 1.82126E-04 6.41336E-03 % Am244
0.00000E+00 7.45709E-15 7.30820E-08 2.63695E-06 % Am245
0.00000E+00 0.00000E+00 0.00000E+00 0.00000E+00 % lost data
2.79556E-03 1.19575E+06 1.21372E+06 1.19704E+06 % total
];

MAT_uco_SF = [
0.00000E+00 0.00000E+00 0.00000E+00 0.00000E+00 % H3
0.00000E+00 0.00000E+00 0.00000E+00 0.00000E+00 % Xe135
1.49028E-01 1.48300E-01 1.36469E-01 1.24010E-01 % U235
1.00906E+05 1.00887E+05 1.00572E+05 1.00205E+05 % U238
0.00000E+00 1.24573E-03 3.87371E+01 3.83636E+02 % Pu238
0.00000E+00 8.87711E-02 2.63812E+00 4.45349E+00 % Pu239
0.00000E+00 2.93329E+01 1.63517E+04 5.50783E+04 % Pu240
0.00000E+00 0.00000E+00 0.00000E+00 0.00000E+00 % Pu241
0.00000E+00 3.58136E-04 8.38131E+01 1.26206E+03 % Pu242
0.00000E+00 2.67224E-08 5.90273E-03 8.18838E-02 % Am241
0.00000E+00 0.00000E+00 0.00000E+00 0.00000E+00 % Am244
0.00000E+00 0.00000E+00 0.00000E+00 0.00000E+00 % Am245
0.00000E+00 0.00000E+00 0.00000E+00 0.00000E+00 % lost data
1.00906E+05 1.00917E+05 1.20685E+05 2.66705E+05 % total
];

MAT_uco_ING_TOX = [
0.00000E+00 1.27905E-04 1.83079E-03 2.97762E-03 % H3
0.00000E+00 3.05626E+09 3.03956E+09 2.96473E+09 % Xe135
9.72821E+01 9.68071E+01 8.90837E+01 8.09511E+01 % U235
8.31640E+01 8.31490E+01 8.28889E+01 8.25866E+01 % U238
0.00000E+00 1.54042E-01 4.79007E+03 4.74389E+04 % Pu238
0.00000E+00 7.15896E+03 2.12751E+05 3.59152E+05 % Pu239
0.00000E+00 1.28653E+02 7.17178E+04 2.41572E+05 % Pu240
0.00000E+00 6.18834E+00 6.99234E+04 4.72261E+05 % Pu241
0.00000E+00 1.56277E-05 3.65730E+00 5.50718E+01 % Pu242
0.00000E+00 1.24290E-03 2.74546E+02 3.80855E+03 % Am241
0.00000E+00 4.36628E-08 4.71624E-01 1.66077E+01 % Am244
0.00000E+00 9.16372E-12 8.98075E-05 3.24044E-03 % Am245
0.00000E+00 0.00000E+00 0.00000E+00 0.00000E+00 % lost data
1.80446E+02 4.41419E+10 5.92395E+10 5.87308E+10 % total
];

MAT_uco_INH_TOX = [
0.00000E+00 7.91794E-04 1.13335E-02 1.84329E-02 % H3
0.00000E+00 1.60090E+09 1.59215E+09 1.55296E+09 % Xe135
1.75936E+04 1.75077E+04 1.61109E+04 1.46401E+04 % U235
1.47847E+04 1.47820E+04 1.47358E+04 1.46821E+04 % U238
0.00000E+00 7.36721E+01 2.29090E+06 2.26881E+07 % Pu238
0.00000E+00 3.43630E+06 1.02121E+08 1.72393E+08 % Pu239
0.00000E+00 6.17534E+04 3.44245E+07 1.15954E+08 % Pu240
0.00000E+00 2.96525E+03 3.35050E+07 2.26292E+08 % Pu241
0.00000E+00 7.16272E-03 1.67626E+03 2.52413E+04 % Pu242
0.00000E+00 5.96592E-01 1.31782E+05 1.82810E+06 % Am241
0.00000E+00 3.51201E-07 3.79350E+00 1.33584E+02 % Am244
0.00000E+00 8.27690E-12 8.11165E-05 2.92685E-03 % Am245
0.00000E+00 0.00000E+00 0.00000E+00 0.00000E+00 % lost data
3.23783E+04 4.35074E+10 5.81440E+10 5.96702E+10 % total
];

TOT_VOLUME = [ 1.77016E+04 1.77016E+04 1.77016E+04 1.77016E+04 ];

TOT_BURNUP = [ 0.00000E+00 5.73134E-01 1.02019E+01 2.09769E+01 ];

TOT_ADENS = [
0.00000E+00 9.64973E-14 1.38123E-12 2.24645E-12 % H3
0.00000E+00 3.90285E-08 3.88152E-08 3.78597E-08 % Xe135
3.74777E-03 3.72946E-03 3.43192E-03 3.11862E-03 % U235
2.12374E-02 2.12335E-02 2.11671E-02 2.10899E-02 % U238
0.00000E+00 1.51069E-13 4.69763E-09 4.65234E-08 % Pu238
0.00000E+00 1.77571E-06 5.27709E-05 8.90843E-05 % Pu239
0.00000E+00 8.68390E-09 4.84085E-06 1.63057E-05 % Pu240
0.00000E+00 4.73839E-11 5.35401E-07 3.61608E-06 % Pu241
0.00000E+00 6.28027E-14 1.46975E-08 2.21315E-07 % Pu242
0.00000E+00 6.91445E-15 1.52734E-09 2.11876E-08 % Am241
0.00000E+00 2.81280E-22 3.03825E-15 1.06988E-13 % Am244
0.00000E+00 8.88992E-26 8.71242E-19 3.14362E-17 % Am245
0.00000E+00 1.21066E-07 2.17096E-06 4.48438E-06 % lost data
7.04339E-02 7.04487E-02 7.06964E-02 7.09728E-02 % total
];

