
DET1001 = [
    1    1    1    1    1    1    1    1    1    1  6.22228E+18 0.00449 
    2    2    1    1    1    1    1    1    1    1  1.99619E+18 0.00604 
    3    3    1    1    1    1    1    1    1    1  1.78448E+17 0.01089 
];


DET1001E = [
 1.00000E-09  6.25000E-07  3.13000E-07
 6.25000E-07  1.00000E-01  5.00003E-02
 1.00000E-01  2.00000E+01  1.00500E+01
];

DET1002 = [
    1    1    1    1    1    1    1    1    1    1  3.07849E+17 0.00561 
    2    2    1    1    1    1    1    1    1    1  4.68704E+17 0.00448 
    3    3    1    1    1    1    1    1    1    1  2.07428E+17 0.00604 
];


DET1002E = [
 1.00000E-09  6.25000E-07  3.13000E-07
 6.25000E-07  1.00000E-01  5.00003E-02
 1.00000E-01  2.00000E+01  1.00500E+01
];
