
DET1001 = [
    1    1    1    1    1    1    1    1    1    1  4.72057E+18 0.00453 
    2    2    1    1    1    1    1    1    1    1  1.76177E+18 0.00591 
    3    3    1    1    1    1    1    1    1    1  1.82778E+17 0.01161 
];


DET1001E = [
 1.00000E-09  6.25000E-07  3.13000E-07
 6.25000E-07  1.00000E-01  5.00003E-02
 1.00000E-01  2.00000E+01  1.00500E+01
];

DET1002 = [
    1    1    1    1    1    1    1    1    1    1  1.53660E+17 0.00705 
    2    2    1    1    1    1    1    1    1    1  3.56640E+17 0.00490 
    3    3    1    1    1    1    1    1    1    1  1.74303E+17 0.00647 
];


DET1002E = [
 1.00000E-09  6.25000E-07  3.13000E-07
 6.25000E-07  1.00000E-01  5.00003E-02
 1.00000E-01  2.00000E+01  1.00500E+01
];
