
DET1001 = [
    1    1    1    1    1    1    1    1    1    1  4.92056E+18 0.00470 
    2    2    1    1    1    1    1    1    1    1  1.85083E+18 0.00584 
    3    3    1    1    1    1    1    1    1    1  1.95135E+17 0.01112 
];


DET1001E = [
 1.00000E-09  6.25000E-07  3.13000E-07
 6.25000E-07  1.00000E-01  5.00003E-02
 1.00000E-01  2.00000E+01  1.00500E+01
];

DET1002 = [
    1    1    1    1    1    1    1    1    1    1  1.52892E+17 0.00808 
    2    2    1    1    1    1    1    1    1    1  3.80831E+17 0.00505 
    3    3    1    1    1    1    1    1    1    1  1.85536E+17 0.00652 
];


DET1002E = [
 1.00000E-09  6.25000E-07  3.13000E-07
 6.25000E-07  1.00000E-01  5.00003E-02
 1.00000E-01  2.00000E+01  1.00500E+01
];
