
ZAI = [
10030
541350
922350
922380
942380
942390
942400
942410
942420
952410
952440
952450
666
0
];

NAMES = [
'H3              '
'Xe135           '
'U235            '
'U238            '
'Pu238           '
'Pu239           '
'Pu240           '
'Pu241           '
'Pu242           '
'Am241           '
'Am244           '
'Am245           '
'lost            '
'total           '
];

i10030  = 1; iH3               = 1;
i541350 = 2; iXe135            = 2;
i922350 = 3; iU235             = 3;
i922380 = 4; iU238             = 4;
i942380 = 5; iPu238            = 5;
i942390 = 6; iPu239            = 6;
i942400 = 7; iPu240            = 7;
i942410 = 8; iPu241            = 8;
i942420 = 9; iPu242            = 9;
i952410 = 10; iAm241            = 10;
i952440 = 11; iAm244            = 11;
i952450 = 12; iAm245            = 12;
iLOST    = 13;
iTOT     = 14;

MAT_uco_VOLUME = [ 1.97179E+04 1.97179E+04 1.97179E+04 1.97179E+04 ];

MAT_uco_BURNUP = [ 0.00000E+00 5.14547E-01 9.15901E+00 1.88327E+01 ];

MAT_uco_ADENS = [
0.00000E+00 1.16091E-13 1.74874E-12 2.98957E-12 % H3
0.00000E+00 4.28926E-08 4.29018E-08 4.23170E-08 % Xe135
4.31104E-03 4.29441E-03 4.02235E-03 3.73285E-03 % U235
2.06805E-02 2.06770E-02 2.06168E-02 2.05471E-02 % U238
0.00000E+00 1.67652E-13 4.61086E-09 4.51332E-08 % Pu238
0.00000E+00 1.60731E-06 5.00887E-05 8.87567E-05 % Pu239
0.00000E+00 6.41855E-09 3.52739E-06 1.21434E-05 % Pu240
0.00000E+00 3.67339E-11 4.05315E-07 2.85076E-06 % Pu241
0.00000E+00 3.84393E-14 8.59833E-09 1.32231E-07 % Pu242
0.00000E+00 5.41478E-15 1.16023E-09 1.68584E-08 % Am241
0.00000E+00 2.00033E-22 2.05553E-15 7.24631E-14 % Am244
0.00000E+00 5.09100E-26 4.76529E-19 1.70625E-17 % Am245
0.00000E+00 1.08724E-07 1.94638E-06 4.01838E-06 % lost data
7.04520E-02 7.04652E-02 7.06874E-02 7.09357E-02 % total
];

MAT_uco_MDENS = [
0.00000E+00 5.81320E-13 8.75672E-12 1.49701E-11 % H3
0.00000E+00 9.60889E-06 9.61095E-06 9.47993E-06 % Xe135
1.68262E+00 1.67614E+00 1.56995E+00 1.45695E+00 % U235
8.17497E+00 8.17360E+00 8.14981E+00 8.12224E+00 % U238
0.00000E+00 6.62723E-11 1.82266E-06 1.78410E-05 % Pu238
0.00000E+00 6.38042E-04 1.98833E-02 3.52330E-02 % Pu239
0.00000E+00 2.55860E-06 1.40611E-03 4.84068E-03 % Pu240
0.00000E+00 1.47037E-08 1.62238E-04 1.14109E-03 % Pu241
0.00000E+00 1.54508E-11 3.45613E-06 5.31507E-05 % Pu242
0.00000E+00 2.16749E-12 4.64431E-07 6.74827E-06 % Am241
0.00000E+00 8.10706E-20 8.33076E-13 2.93683E-11 % Am244
0.00000E+00 2.07178E-23 1.93923E-16 6.94357E-15 % Am245
0.00000E+00 0.00000E+00 0.00000E+00 0.00000E+00 % lost data
1.10000E+01 1.09999E+01 1.09987E+01 1.09973E+01 % total
];

MAT_uco_A = [
0.00000E+00 4.08104E+06 6.14748E+07 1.05094E+08 % H3
0.00000E+00 1.78164E+16 1.78202E+16 1.75773E+16 % Xe135
2.65211E+09 2.64189E+09 2.47452E+09 2.29642E+09 % U235
2.00461E+09 2.00427E+09 1.99844E+09 1.99168E+09 % U238
0.00000E+00 8.27926E+05 2.27700E+10 2.22884E+11 % Pu238
0.00000E+00 2.88726E+10 8.99756E+11 1.59436E+12 % Pu239
0.00000E+00 4.23691E+08 2.32844E+11 8.01593E+11 % Pu240
0.00000E+00 1.11331E+09 1.22841E+13 8.63992E+13 % Pu241
0.00000E+00 4.43946E+01 9.93044E+06 1.52717E+08 % Pu242
0.00000E+00 5.42097E+03 1.16156E+09 1.68777E+10 % Am241
0.00000E+00 7.51908E+01 7.72655E+08 2.72382E+10 % Am244
0.00000E+00 9.42828E-02 8.82508E+05 3.15989E+07 % Am245
0.00000E+00 0.00000E+00 0.00000E+00 0.00000E+00 % lost data
4.65672E+09 3.30435E+18 3.64825E+18 3.69176E+18 % total
];

MAT_uco_H = [
0.00000E+00 3.72043E-09 5.60428E-08 9.58082E-08 % H3
0.00000E+00 1.60618E+03 1.60652E+03 1.58462E+03 % Xe135
1.95998E-03 1.95242E-03 1.82873E-03 1.69711E-03 % U235
1.37311E-03 1.37288E-03 1.36888E-03 1.36425E-03 % U238
0.00000E+00 7.41313E-07 2.03880E-02 1.99567E-01 % Pu238
0.00000E+00 2.42456E-02 7.55566E-01 1.33885E+00 % Pu239
0.00000E+00 3.56456E-04 1.95894E-01 6.74389E-01 % Pu240
0.00000E+00 9.55203E-07 1.05395E-02 7.41290E-02 % Pu241
0.00000E+00 3.54362E-11 7.92659E-06 1.21900E-04 % Pu242
0.00000E+00 4.86034E-09 1.04143E-03 1.51322E-02 % Am241
0.00000E+00 1.33567E-11 1.37252E-04 4.83853E-03 % Am244
0.00000E+00 4.75688E-15 4.45254E-08 1.59427E-06 % Am245
0.00000E+00 0.00000E+00 0.00000E+00 0.00000E+00 % lost data
3.33309E-03 1.19692E+06 1.22074E+06 1.20999E+06 % total
];

MAT_uco_SF = [
0.00000E+00 0.00000E+00 0.00000E+00 0.00000E+00 % H3
0.00000E+00 0.00000E+00 0.00000E+00 0.00000E+00 % Xe135
1.90952E-01 1.90216E-01 1.78165E-01 1.65342E-01 % U235
1.09452E+05 1.09433E+05 1.09115E+05 1.08746E+05 % U238
0.00000E+00 1.53994E-03 4.23523E+01 4.14564E+02 % Pu238
0.00000E+00 8.95049E-02 2.78924E+00 4.94251E+00 % Pu239
0.00000E+00 2.41504E+01 1.32721E+04 4.56908E+04 % Pu240
0.00000E+00 0.00000E+00 0.00000E+00 0.00000E+00 % Pu241
0.00000E+00 2.44170E-04 5.46174E+01 8.39943E+02 % Pu242
0.00000E+00 2.33102E-08 4.99471E-03 7.25740E-02 % Am241
0.00000E+00 0.00000E+00 0.00000E+00 0.00000E+00 % Am244
0.00000E+00 0.00000E+00 0.00000E+00 0.00000E+00 % Am245
0.00000E+00 0.00000E+00 0.00000E+00 0.00000E+00 % lost data
1.09452E+05 1.09458E+05 1.25024E+05 2.34480E+05 % total
];

MAT_uco_ING_TOX = [
0.00000E+00 1.71404E-04 2.58194E-03 4.41397E-03 % H3
0.00000E+00 3.74144E+09 3.74225E+09 3.69123E+09 % Xe135
1.24649E+02 1.24169E+02 1.16302E+02 1.07932E+02 % U235
9.02075E+01 9.01924E+01 8.99299E+01 8.96256E+01 % U238
0.00000E+00 1.90423E-01 5.23711E+03 5.12632E+04 % Pu238
0.00000E+00 7.21814E+03 2.24939E+05 3.98590E+05 % Pu239
0.00000E+00 1.05923E+02 5.82111E+04 2.00398E+05 % Pu240
0.00000E+00 5.34390E+00 5.89636E+04 4.14716E+05 % Pu241
0.00000E+00 1.06547E-05 2.38331E+00 3.66521E+01 % Pu242
0.00000E+00 1.08419E-03 2.32312E+02 3.37553E+03 % Am241
0.00000E+00 3.45877E-08 3.55421E-01 1.25296E+01 % Am244
0.00000E+00 5.84553E-12 5.47155E-05 1.95913E-03 % Am245
0.00000E+00 0.00000E+00 0.00000E+00 0.00000E+00 % lost data
2.14857E+02 4.48550E+10 6.01115E+10 5.98386E+10 % total
];

MAT_uco_INH_TOX = [
0.00000E+00 1.06107E-03 1.59834E-02 2.73246E-02 % H3
0.00000E+00 1.95980E+09 1.96022E+09 1.93350E+09 % Xe135
2.25430E+04 2.24560E+04 2.10334E+04 1.95196E+04 % U235
1.60369E+04 1.60342E+04 1.59875E+04 1.59334E+04 % U238
0.00000E+00 9.10718E+01 2.50471E+06 2.45172E+07 % Pu238
0.00000E+00 3.46471E+06 1.07971E+08 1.91323E+08 % Pu239
0.00000E+00 5.08429E+04 2.79413E+07 9.61912E+07 % Pu240
0.00000E+00 2.56062E+03 2.82534E+07 1.98718E+08 % Pu241
0.00000E+00 4.88340E-03 1.09235E+03 1.67989E+04 % Pu242
0.00000E+00 5.20413E-01 1.11510E+05 1.62026E+06 % Am241
0.00000E+00 2.78206E-07 2.85882E+00 1.00781E+02 % Am244
0.00000E+00 5.27984E-12 4.94204E-05 1.76954E-03 % Am245
0.00000E+00 0.00000E+00 0.00000E+00 0.00000E+00 % lost data
3.85798E+04 4.39069E+10 5.86405E+10 6.03466E+10 % total
];

TOT_VOLUME = [ 1.97179E+04 1.97179E+04 1.97179E+04 1.97179E+04 ];

TOT_BURNUP = [ 0.00000E+00 5.14547E-01 9.15901E+00 1.88327E+01 ];

TOT_ADENS = [
0.00000E+00 1.16091E-13 1.74874E-12 2.98957E-12 % H3
0.00000E+00 4.28926E-08 4.29018E-08 4.23170E-08 % Xe135
4.31104E-03 4.29441E-03 4.02235E-03 3.73285E-03 % U235
2.06805E-02 2.06770E-02 2.06168E-02 2.05471E-02 % U238
0.00000E+00 1.67652E-13 4.61086E-09 4.51332E-08 % Pu238
0.00000E+00 1.60731E-06 5.00887E-05 8.87567E-05 % Pu239
0.00000E+00 6.41855E-09 3.52739E-06 1.21434E-05 % Pu240
0.00000E+00 3.67339E-11 4.05315E-07 2.85076E-06 % Pu241
0.00000E+00 3.84393E-14 8.59833E-09 1.32231E-07 % Pu242
0.00000E+00 5.41478E-15 1.16023E-09 1.68584E-08 % Am241
0.00000E+00 2.00033E-22 2.05553E-15 7.24631E-14 % Am244
0.00000E+00 5.09100E-26 4.76529E-19 1.70625E-17 % Am245
0.00000E+00 1.08724E-07 1.94638E-06 4.01838E-06 % lost data
7.04520E-02 7.04652E-02 7.06874E-02 7.09357E-02 % total
];

