
DET1001 = [
    1    1    1    1    1    1    1    1    1    1  4.79745E+18 0.00471 
    2    2    1    1    1    1    1    1    1    1  1.80340E+18 0.00579 
    3    3    1    1    1    1    1    1    1    1  1.88041E+17 0.01123 
];


DET1001E = [
 1.00000E-09  6.25000E-07  3.13000E-07
 6.25000E-07  1.00000E-01  5.00003E-02
 1.00000E-01  2.00000E+01  1.00500E+01
];

DET1002 = [
    1    1    1    1    1    1    1    1    1    1  1.52673E+17 0.00776 
    2    2    1    1    1    1    1    1    1    1  3.65166E+17 0.00510 
    3    3    1    1    1    1    1    1    1    1  1.78508E+17 0.00603 
];


DET1002E = [
 1.00000E-09  6.25000E-07  3.13000E-07
 6.25000E-07  1.00000E-01  5.00003E-02
 1.00000E-01  2.00000E+01  1.00500E+01
];
