
DET1001 = [
    1    1    1    1    1    1    1    1    1    1  5.03701E+18 0.00474 
    2    2    1    1    1    1    1    1    1    1  1.89437E+18 0.00600 
    3    3    1    1    1    1    1    1    1    1  1.91979E+17 0.01190 
];


DET1001E = [
 1.00000E-09  6.25000E-07  3.13000E-07
 6.25000E-07  1.00000E-01  5.00003E-02
 1.00000E-01  2.00000E+01  1.00500E+01
];

DET1002 = [
    1    1    1    1    1    1    1    1    1    1  1.58729E+17 0.00816 
    2    2    1    1    1    1    1    1    1    1  3.95126E+17 0.00482 
    3    3    1    1    1    1    1    1    1    1  1.91929E+17 0.00621 
];


DET1002E = [
 1.00000E-09  6.25000E-07  3.13000E-07
 6.25000E-07  1.00000E-01  5.00003E-02
 1.00000E-01  2.00000E+01  1.00500E+01
];
