
ZAI = [
10030
541350
922350
922380
942380
942390
942400
942410
942420
952410
952440
952450
666
0
];

NAMES = [
'H3              '
'Xe135           '
'U235            '
'U238            '
'Pu238           '
'Pu239           '
'Pu240           '
'Pu241           '
'Pu242           '
'Am241           '
'Am244           '
'Am245           '
'lost            '
'total           '
];

i10030  = 1; iH3               = 1;
i541350 = 2; iXe135            = 2;
i922350 = 3; iU235             = 3;
i922380 = 4; iU238             = 4;
i942380 = 5; iPu238            = 5;
i942390 = 6; iPu239            = 6;
i942400 = 7; iPu240            = 7;
i942410 = 8; iPu241            = 8;
i942420 = 9; iPu242            = 9;
i952410 = 10; iAm241            = 10;
i952440 = 11; iAm244            = 11;
i952450 = 12; iAm245            = 12;
iLOST    = 13;
iTOT     = 14;

MAT_uco_VOLUME = [ 2.85911E+04 2.85911E+04 2.85911E+04 2.85911E+04 ];

MAT_uco_BURNUP = [ 0.00000E+00 3.54849E-01 6.31630E+00 1.29875E+01 ];

MAT_uco_ADENS = [
0.00000E+00 8.42169E-14 1.31329E-12 2.32169E-12 % H3
0.00000E+00 3.31933E-08 3.33921E-08 3.32393E-08 % Xe135
3.74777E-03 3.73632E-03 3.54855E-03 3.34784E-03 % U235
2.12374E-02 2.12347E-02 2.11886E-02 2.11355E-02 % U238
0.00000E+00 9.39866E-14 1.96693E-09 1.88855E-08 % Pu238
0.00000E+00 1.23999E-06 3.99205E-05 7.31520E-05 % Pu239
0.00000E+00 3.90551E-09 2.24932E-06 8.08903E-06 % Pu240
0.00000E+00 1.70895E-11 2.00289E-07 1.48449E-06 % Pu241
0.00000E+00 1.41661E-14 3.32756E-09 5.30840E-08 % Pu242
0.00000E+00 2.51595E-15 5.73668E-10 8.82092E-09 % Am241
0.00000E+00 4.29001E-23 4.61599E-16 1.68659E-14 % Am244
0.00000E+00 8.64352E-27 8.39815E-20 3.09338E-18 % Am245
0.00000E+00 7.49743E-08 1.34135E-06 2.76859E-06 % lost data
7.04339E-02 7.04431E-02 7.05963E-02 7.07676E-02 % total
];

MAT_uco_MDENS = [
0.00000E+00 4.21711E-13 6.57620E-12 1.16257E-11 % H3
0.00000E+00 7.43603E-06 7.48056E-06 7.44634E-06 % Xe135
1.46278E+00 1.45831E+00 1.38502E+00 1.30668E+00 % U235
8.39511E+00 8.39405E+00 8.37582E+00 8.35485E+00 % U238
0.00000E+00 3.71526E-11 7.77521E-07 7.46537E-06 % Pu238
0.00000E+00 4.92227E-04 1.58469E-02 2.90386E-02 % Pu239
0.00000E+00 1.55684E-06 8.96638E-04 3.22450E-03 % Pu240
0.00000E+00 6.84052E-09 8.01711E-05 5.94208E-04 % Pu241
0.00000E+00 5.69411E-12 1.33753E-06 2.13373E-05 % Pu242
0.00000E+00 1.00711E-12 2.29634E-07 3.53093E-06 % Am241
0.00000E+00 1.73868E-20 1.87079E-13 6.83552E-12 % Am244
0.00000E+00 3.51747E-24 3.41762E-17 1.25885E-15 % Am245
0.00000E+00 0.00000E+00 0.00000E+00 0.00000E+00 % lost data
1.10000E+01 1.09999E+01 1.09991E+01 1.09981E+01 % total
];

MAT_uco_A = [
0.00000E+00 4.29281E+06 6.69424E+07 1.18344E+08 % H3
0.00000E+00 1.99921E+16 2.01118E+16 2.00198E+16 % Xe135
3.34313E+09 3.33292E+09 3.16543E+09 2.98639E+09 % U235
2.98498E+09 2.98460E+09 2.97812E+09 2.97066E+09 % U238
0.00000E+00 6.73006E+05 1.40845E+10 1.35233E+11 % Pu238
0.00000E+00 3.22978E+10 1.03981E+12 1.90538E+12 % Pu239
0.00000E+00 3.73819E+08 2.15296E+11 7.74248E+11 % Pu240
0.00000E+00 7.51015E+08 8.80191E+12 6.52376E+13 % Pu241
0.00000E+00 2.37233E+01 5.57252E+06 8.88973E+07 % Pu242
0.00000E+00 3.65232E+03 8.32774E+08 1.28050E+10 % Am241
0.00000E+00 2.33825E+01 2.51592E+08 9.19271E+09 % Am244
0.00000E+00 2.32108E-02 2.25519E+05 8.30680E+06 % Am245
0.00000E+00 0.00000E+00 0.00000E+00 0.00000E+00 % lost data
6.32811E+09 3.33985E+18 3.70273E+18 3.75086E+18 % total
];

MAT_uco_H = [
0.00000E+00 3.91349E-09 6.10273E-08 1.07887E-07 % H3
0.00000E+00 1.80232E+03 1.81311E+03 1.80482E+03 % Xe135
2.47066E-03 2.46312E-03 2.33934E-03 2.20702E-03 % U235
2.04463E-03 2.04438E-03 2.03994E-03 2.03483E-03 % U238
0.00000E+00 6.02601E-07 1.26111E-02 1.21085E-01 % Pu238
0.00000E+00 2.71219E-02 8.73171E-01 1.60004E+00 % Pu239
0.00000E+00 3.14498E-04 1.81130E-01 6.51383E-01 % Pu240
0.00000E+00 6.44359E-07 7.55189E-03 5.59728E-02 % Pu241
0.00000E+00 1.89362E-11 4.44805E-06 7.09587E-05 % Pu242
0.00000E+00 3.27460E-09 7.46650E-04 1.14807E-02 % Am241
0.00000E+00 4.15360E-12 4.46922E-05 1.63297E-03 % Am244
0.00000E+00 1.17106E-15 1.13782E-08 4.19106E-07 % Am245
0.00000E+00 0.00000E+00 0.00000E+00 0.00000E+00 % lost data
4.51530E-03 1.19984E+06 1.23030E+06 1.22220E+06 % total
];

MAT_uco_SF = [
0.00000E+00 0.00000E+00 0.00000E+00 0.00000E+00 % H3
0.00000E+00 0.00000E+00 0.00000E+00 0.00000E+00 % Xe135
2.40705E-01 2.39971E-01 2.27911E-01 2.15020E-01 % U235
1.62980E+05 1.62959E+05 1.62605E+05 1.62198E+05 % U238
0.00000E+00 1.25179E-03 2.61972E+01 2.51532E+02 % Pu238
0.00000E+00 1.00123E-01 3.22340E+00 5.90669E+00 % Pu239
0.00000E+00 2.13077E+01 1.22719E+04 4.41321E+04 % Pu240
0.00000E+00 0.00000E+00 0.00000E+00 0.00000E+00 % Pu241
0.00000E+00 1.30478E-04 3.06489E+01 4.88935E+02 % Pu242
0.00000E+00 1.57050E-08 3.58093E-03 5.50616E-02 % Am241
0.00000E+00 0.00000E+00 0.00000E+00 0.00000E+00 % Am244
0.00000E+00 0.00000E+00 0.00000E+00 0.00000E+00 % Am245
0.00000E+00 0.00000E+00 0.00000E+00 0.00000E+00 % lost data
1.62980E+05 1.62981E+05 1.76345E+05 2.52354E+05 % total
];

MAT_uco_ING_TOX = [
0.00000E+00 1.80298E-04 2.81158E-03 4.97044E-03 % H3
0.00000E+00 4.19835E+09 4.22348E+09 4.20416E+09 % Xe135
1.57127E+02 1.56647E+02 1.48775E+02 1.40360E+02 % U235
1.34324E+02 1.34307E+02 1.34015E+02 1.33680E+02 % U238
0.00000E+00 1.54791E-01 3.23944E+03 3.11035E+04 % Pu238
0.00000E+00 8.07445E+03 2.59951E+05 4.76346E+05 % Pu239
0.00000E+00 9.34548E+01 5.38239E+04 1.93562E+05 % Pu240
0.00000E+00 3.60487E+00 4.22492E+04 3.13140E+05 % Pu241
0.00000E+00 5.69358E-06 1.33740E+00 2.13353E+01 % Pu242
0.00000E+00 7.30464E-04 1.66555E+02 2.56100E+03 % Am241
0.00000E+00 1.07559E-08 1.15732E-01 4.22864E+00 % Am244
0.00000E+00 1.43907E-12 1.39822E-05 5.15022E-04 % Am245
0.00000E+00 0.00000E+00 0.00000E+00 0.00000E+00 % lost data
2.91451E+02 4.53341E+10 6.08589E+10 6.07278E+10 % total
];

MAT_uco_INH_TOX = [
0.00000E+00 1.11613E-03 1.74050E-02 3.07694E-02 % H3
0.00000E+00 2.19913E+09 2.21230E+09 2.20218E+09 % Xe135
2.84166E+04 2.83299E+04 2.69061E+04 2.53843E+04 % U235
2.38798E+04 2.38768E+04 2.38250E+04 2.37653E+04 % U238
0.00000E+00 7.40307E+01 1.54930E+06 1.48756E+07 % Pu238
0.00000E+00 3.87573E+06 1.24777E+08 2.28646E+08 % Pu239
0.00000E+00 4.48583E+04 2.58355E+07 9.29098E+07 % Pu240
0.00000E+00 1.72734E+03 2.02444E+07 1.50046E+08 % Pu241
0.00000E+00 2.60956E-03 6.12977E+02 9.77870E+03 % Pu242
0.00000E+00 3.50623E-01 7.99463E+04 1.22928E+06 % Am241
0.00000E+00 8.65152E-08 9.30892E-01 3.40130E+01 % Am244
0.00000E+00 1.29981E-12 1.26291E-05 4.65181E-04 % Am245
0.00000E+00 0.00000E+00 0.00000E+00 0.00000E+00 % lost data
5.22965E+04 4.41721E+10 5.91441E+10 6.09345E+10 % total
];

TOT_VOLUME = [ 2.85911E+04 2.85911E+04 2.85911E+04 2.85911E+04 ];

TOT_BURNUP = [ 0.00000E+00 3.54849E-01 6.31630E+00 1.29875E+01 ];

TOT_ADENS = [
0.00000E+00 8.42169E-14 1.31329E-12 2.32169E-12 % H3
0.00000E+00 3.31933E-08 3.33921E-08 3.32393E-08 % Xe135
3.74777E-03 3.73632E-03 3.54855E-03 3.34784E-03 % U235
2.12374E-02 2.12347E-02 2.11886E-02 2.11355E-02 % U238
0.00000E+00 9.39866E-14 1.96693E-09 1.88855E-08 % Pu238
0.00000E+00 1.23999E-06 3.99205E-05 7.31520E-05 % Pu239
0.00000E+00 3.90551E-09 2.24932E-06 8.08903E-06 % Pu240
0.00000E+00 1.70895E-11 2.00289E-07 1.48449E-06 % Pu241
0.00000E+00 1.41661E-14 3.32756E-09 5.30840E-08 % Pu242
0.00000E+00 2.51595E-15 5.73668E-10 8.82092E-09 % Am241
0.00000E+00 4.29001E-23 4.61599E-16 1.68659E-14 % Am244
0.00000E+00 8.64352E-27 8.39815E-20 3.09338E-18 % Am245
0.00000E+00 7.49743E-08 1.34135E-06 2.76859E-06 % lost data
7.04339E-02 7.04431E-02 7.05963E-02 7.07676E-02 % total
];

