
DET1001 = [
    1    1    1    1    1    1    1    1    1    1  5.22944E+18 0.00443 
    2    2    1    1    1    1    1    1    1    1  1.93118E+18 0.00580 
    3    3    1    1    1    1    1    1    1    1  2.00802E+17 0.01112 
];


DET1001E = [
 1.00000E-09  6.25000E-07  3.13000E-07
 6.25000E-07  1.00000E-01  5.00003E-02
 1.00000E-01  2.00000E+01  1.00500E+01
];

DET1002 = [
    1    1    1    1    1    1    1    1    1    1  1.76976E+17 0.00713 
    2    2    1    1    1    1    1    1    1    1  3.82211E+17 0.00491 
    3    3    1    1    1    1    1    1    1    1  1.81144E+17 0.00630 
];


DET1002E = [
 1.00000E-09  6.25000E-07  3.13000E-07
 6.25000E-07  1.00000E-01  5.00003E-02
 1.00000E-01  2.00000E+01  1.00500E+01
];
