
DET1001 = [
    1    1    1    1    1    1    1    1    1    1  5.42338E+18 0.00454 
    2    2    1    1    1    1    1    1    1    1  2.04198E+18 0.00551 
    3    3    1    1    1    1    1    1    1    1  2.10575E+17 0.01133 
];


DET1001E = [
 1.00000E-09  6.25000E-07  3.13000E-07
 6.25000E-07  1.00000E-01  5.00003E-02
 1.00000E-01  2.00000E+01  1.00500E+01
];

DET1002 = [
    1    1    1    1    1    1    1    1    1    1  1.74123E+17 0.00710 
    2    2    1    1    1    1    1    1    1    1  4.09125E+17 0.00479 
    3    3    1    1    1    1    1    1    1    1  1.89788E+17 0.00604 
];


DET1002E = [
 1.00000E-09  6.25000E-07  3.13000E-07
 6.25000E-07  1.00000E-01  5.00003E-02
 1.00000E-01  2.00000E+01  1.00500E+01
];
