
DET1001 = [
    1    1    1    1    1    1    1    1    1    1  5.29541E+18 0.00454 
    2    2    1    1    1    1    1    1    1    1  1.97899E+18 0.00569 
    3    3    1    1    1    1    1    1    1    1  1.99208E+17 0.01154 
];


DET1001E = [
 1.00000E-09  6.25000E-07  3.13000E-07
 6.25000E-07  1.00000E-01  5.00003E-02
 1.00000E-01  2.00000E+01  1.00500E+01
];

DET1002 = [
    1    1    1    1    1    1    1    1    1    1  1.76512E+17 0.00670 
    2    2    1    1    1    1    1    1    1    1  3.96144E+17 0.00456 
    3    3    1    1    1    1    1    1    1    1  1.84219E+17 0.00637 
];


DET1002E = [
 1.00000E-09  6.25000E-07  3.13000E-07
 6.25000E-07  1.00000E-01  5.00003E-02
 1.00000E-01  2.00000E+01  1.00500E+01
];
