
ZAI = [
10030
541350
922350
922380
942380
942390
942400
942410
942420
952410
952440
952450
666
0
];

NAMES = [
'H3              '
'Xe135           '
'U235            '
'U238            '
'Pu238           '
'Pu239           '
'Pu240           '
'Pu241           '
'Pu242           '
'Am241           '
'Am244           '
'Am245           '
'lost            '
'total           '
];

i10030  = 1; iH3               = 1;
i541350 = 2; iXe135            = 2;
i922350 = 3; iU235             = 3;
i922380 = 4; iU238             = 4;
i942380 = 5; iPu238            = 5;
i942390 = 6; iPu239            = 6;
i942400 = 7; iPu240            = 7;
i942410 = 8; iPu241            = 8;
i942420 = 9; iPu242            = 9;
i952410 = 10; iAm241            = 10;
i952440 = 11; iAm244            = 11;
i952450 = 12; iAm245            = 12;
iLOST    = 13;
iTOT     = 14;

MAT_uco_VOLUME = [ 3.09778E+04 3.09778E+04 3.09778E+04 3.09778E+04 ];

MAT_uco_BURNUP = [ 0.00000E+00 3.27536E-01 5.83004E+00 1.19876E+01 ];

MAT_uco_ADENS = [
0.00000E+00 7.64008E-14 1.24307E-12 2.27041E-12 % H3
0.00000E+00 3.70017E-08 3.71717E-08 3.71604E-08 % Xe135
4.87458E-03 4.86390E-03 4.68741E-03 4.49623E-03 % U235
2.01233E-02 2.01209E-02 2.00798E-02 2.00327E-02 % U238
0.00000E+00 6.35892E-14 1.33722E-09 1.29410E-08 % Pu238
0.00000E+00 1.11387E-06 3.72152E-05 7.08998E-05 % Pu239
0.00000E+00 2.56216E-09 1.47802E-06 5.53434E-06 % Pu240
0.00000E+00 9.77386E-12 1.13078E-07 8.82855E-07 % Pu241
0.00000E+00 5.74356E-15 1.31067E-09 2.18039E-08 % Pu242
0.00000E+00 1.45119E-15 3.24653E-10 5.26562E-09 % Am241
0.00000E+00 1.39310E-23 1.36911E-16 5.12616E-15 % Am244
0.00000E+00 2.02358E-27 1.79987E-20 6.79634E-19 % Am245
0.00000E+00 6.92195E-08 1.23626E-06 2.54924E-06 % lost data
7.04699E-02 7.04783E-02 7.06197E-02 7.07778E-02 % total
];

MAT_uco_MDENS = [
0.00000E+00 3.82573E-13 6.22462E-12 1.13689E-11 % H3
0.00000E+00 8.28919E-06 8.32728E-06 8.32475E-06 % Xe135
1.90258E+00 1.89841E+00 1.82952E+00 1.75490E+00 % U235
7.95473E+00 7.95378E+00 7.93751E+00 7.91890E+00 % U238
0.00000E+00 2.51366E-11 5.28600E-07 5.11552E-06 % Pu238
0.00000E+00 4.42163E-04 1.47730E-02 2.81445E-02 % Pu239
0.00000E+00 1.02134E-06 5.89177E-04 2.20613E-03 % Pu240
0.00000E+00 3.91225E-09 4.52626E-05 3.53387E-04 % Pu241
0.00000E+00 2.30865E-12 5.26828E-07 8.76416E-06 % Pu242
0.00000E+00 5.80899E-13 1.29956E-07 2.10778E-06 % Am241
0.00000E+00 5.64602E-21 5.54880E-14 2.07756E-12 % Am244
0.00000E+00 8.23492E-25 7.32454E-18 2.76576E-16 % Am245
0.00000E+00 0.00000E+00 0.00000E+00 0.00000E+00 % lost data
1.10000E+01 1.10000E+01 1.09992E+01 1.09983E+01 % total
];

MAT_uco_A = [
0.00000E+00 4.21948E+06 6.86528E+07 1.25391E+08 % H3
0.00000E+00 2.41462E+16 2.42571E+16 2.42498E+16 % Xe135
4.71126E+09 4.70094E+09 4.53036E+09 4.34559E+09 % U235
3.06450E+09 3.06413E+09 3.05786E+09 3.05069E+09 % U238
0.00000E+00 4.93351E+05 1.03747E+10 1.00401E+11 % Pu238
0.00000E+00 3.14346E+10 1.05026E+12 2.00087E+12 % Pu239
0.00000E+00 2.65711E+08 1.53279E+11 5.73942E+11 % Pu240
0.00000E+00 4.65378E+08 5.38416E+12 4.20367E+13 % Pu241
0.00000E+00 1.04214E+01 2.37813E+06 3.95620E+07 % Pu242
0.00000E+00 2.28250E+03 5.10628E+08 8.28200E+09 % Am241
0.00000E+00 8.22684E+00 8.08517E+07 3.02722E+09 % Am244
0.00000E+00 5.88760E-03 5.23673E+04 1.97740E+06 % Am245
0.00000E+00 0.00000E+00 0.00000E+00 0.00000E+00 % lost data
7.77576E+09 3.33579E+18 3.70063E+18 3.75694E+18 % total
];

MAT_uco_H = [
0.00000E+00 3.84664E-09 6.25865E-08 1.14311E-07 % H3
0.00000E+00 2.17682E+03 2.18682E+03 2.18616E+03 % Xe135
3.48175E-03 3.47412E-03 3.34805E-03 3.21150E-03 % U235
2.09910E-03 2.09885E-03 2.09456E-03 2.08965E-03 % U238
0.00000E+00 4.41740E-07 9.28938E-03 8.98979E-02 % Pu238
0.00000E+00 2.63971E-02 8.81947E-01 1.68022E+00 % Pu239
0.00000E+00 2.23545E-04 1.28955E-01 4.82863E-01 % Pu240
0.00000E+00 3.99286E-07 4.61952E-03 3.60668E-02 % Pu241
0.00000E+00 8.31846E-12 1.89825E-06 3.15788E-05 % Pu242
0.00000E+00 2.04645E-09 4.57820E-04 7.42549E-03 % Am241
0.00000E+00 1.46140E-12 1.43623E-05 5.37747E-04 % Am244
0.00000E+00 2.97049E-16 2.64210E-09 9.97663E-08 % Am245
0.00000E+00 0.00000E+00 0.00000E+00 0.00000E+00 % lost data
5.58085E-03 1.19987E+06 1.23360E+06 1.23041E+06 % total
];

MAT_uco_SF = [
0.00000E+00 0.00000E+00 0.00000E+00 0.00000E+00 % H3
0.00000E+00 0.00000E+00 0.00000E+00 0.00000E+00 % Xe135
3.39211E-01 3.38468E-01 3.26186E-01 3.12882E-01 % U235
1.67321E+05 1.67302E+05 1.66959E+05 1.66568E+05 % U238
0.00000E+00 9.17632E-04 1.92970E+01 1.86746E+02 % Pu238
0.00000E+00 9.74474E-02 3.25579E+00 6.20271E+00 % Pu239
0.00000E+00 1.51455E+01 8.73690E+03 3.27147E+04 % Pu240
0.00000E+00 0.00000E+00 0.00000E+00 0.00000E+00 % Pu241
0.00000E+00 5.73176E-05 1.30797E+01 2.17591E+02 % Pu242
0.00000E+00 9.81475E-09 2.19570E-03 3.56126E-02 % Am241
0.00000E+00 0.00000E+00 0.00000E+00 0.00000E+00 % Am244
0.00000E+00 0.00000E+00 0.00000E+00 0.00000E+00 % Am245
0.00000E+00 0.00000E+00 0.00000E+00 0.00000E+00 % lost data
1.67322E+05 1.67317E+05 1.76363E+05 2.20840E+05 % total
];

MAT_uco_ING_TOX = [
0.00000E+00 1.77218E-04 2.88342E-03 5.26641E-03 % H3
0.00000E+00 5.07070E+09 5.09400E+09 5.09245E+09 % Xe135
2.21429E+02 2.20944E+02 2.12927E+02 2.04243E+02 % U235
1.37902E+02 1.37886E+02 1.37604E+02 1.37281E+02 % U238
0.00000E+00 1.13471E-01 2.38618E+03 2.30923E+04 % Pu238
0.00000E+00 7.85866E+03 2.62564E+05 5.00219E+05 % Pu239
0.00000E+00 6.64277E+01 3.83198E+04 1.43485E+05 % Pu240
0.00000E+00 2.23381E+00 2.58440E+04 2.01776E+05 % Pu241
0.00000E+00 2.50113E-06 5.70752E-01 9.49487E+00 % Pu242
0.00000E+00 4.56500E-04 1.02126E+02 1.65640E+03 % Am241
0.00000E+00 3.78435E-09 3.71918E-02 1.39252E+00 % Am244
0.00000E+00 3.65031E-13 3.24677E-06 1.22599E-04 % Am245
0.00000E+00 0.00000E+00 0.00000E+00 0.00000E+00 % lost data
3.59332E+02 4.62150E+10 6.17489E+10 6.17579E+10 % total
];

MAT_uco_INH_TOX = [
0.00000E+00 1.09707E-03 1.78497E-02 3.26016E-02 % H3
0.00000E+00 2.65608E+09 2.66829E+09 2.66748E+09 % Xe135
4.00457E+04 3.99580E+04 3.85080E+04 3.69375E+04 % U235
2.45160E+04 2.45130E+04 2.44629E+04 2.44055E+04 % U238
0.00000E+00 5.42686E+01 1.14122E+06 1.10441E+07 % Pu238
0.00000E+00 3.77216E+06 1.26031E+08 2.40105E+08 % Pu239
0.00000E+00 3.18853E+04 1.83935E+07 6.88730E+07 % Pu240
0.00000E+00 1.07037E+03 1.23836E+07 9.66844E+07 % Pu241
0.00000E+00 1.14635E-03 2.61595E+02 4.35182E+03 % Pu242
0.00000E+00 2.19120E-01 4.90203E+04 7.95072E+05 % Am241
0.00000E+00 3.04393E-08 2.99151E-01 1.12007E+01 % Am244
0.00000E+00 3.29706E-13 2.93257E-06 1.10734E-04 % Am245
0.00000E+00 0.00000E+00 0.00000E+00 0.00000E+00 % lost data
6.45617E+04 4.46374E+10 5.95506E+10 6.13825E+10 % total
];

TOT_VOLUME = [ 3.09778E+04 3.09778E+04 3.09778E+04 3.09778E+04 ];

TOT_BURNUP = [ 0.00000E+00 3.27536E-01 5.83004E+00 1.19876E+01 ];

TOT_ADENS = [
0.00000E+00 7.64008E-14 1.24307E-12 2.27041E-12 % H3
0.00000E+00 3.70017E-08 3.71717E-08 3.71604E-08 % Xe135
4.87458E-03 4.86390E-03 4.68741E-03 4.49623E-03 % U235
2.01233E-02 2.01209E-02 2.00798E-02 2.00327E-02 % U238
0.00000E+00 6.35892E-14 1.33722E-09 1.29410E-08 % Pu238
0.00000E+00 1.11387E-06 3.72152E-05 7.08998E-05 % Pu239
0.00000E+00 2.56216E-09 1.47802E-06 5.53434E-06 % Pu240
0.00000E+00 9.77386E-12 1.13078E-07 8.82855E-07 % Pu241
0.00000E+00 5.74356E-15 1.31067E-09 2.18039E-08 % Pu242
0.00000E+00 1.45119E-15 3.24653E-10 5.26562E-09 % Am241
0.00000E+00 1.39310E-23 1.36911E-16 5.12616E-15 % Am244
0.00000E+00 2.02358E-27 1.79987E-20 6.79634E-19 % Am245
0.00000E+00 6.92195E-08 1.23626E-06 2.54924E-06 % lost data
7.04699E-02 7.04783E-02 7.06197E-02 7.07778E-02 % total
];

