
DET1001 = [
    1    1    1    1    1    1    1    1    1    1  4.71575E+18 0.00465 
    2    2    1    1    1    1    1    1    1    1  1.96620E+18 0.00572 
    3    3    1    1    1    1    1    1    1    1  2.01019E+17 0.01133 
];


DET1001E = [
 1.00000E-09  6.25000E-07  3.13000E-07
 6.25000E-07  1.00000E-01  5.00003E-02
 1.00000E-01  2.00000E+01  1.00500E+01
];

DET1002 = [
    1    1    1    1    1    1    1    1    1    1  1.17511E+17 0.00871 
    2    2    1    1    1    1    1    1    1    1  3.79163E+17 0.00493 
    3    3    1    1    1    1    1    1    1    1  1.80663E+17 0.00623 
];


DET1002E = [
 1.00000E-09  6.25000E-07  3.13000E-07
 6.25000E-07  1.00000E-01  5.00003E-02
 1.00000E-01  2.00000E+01  1.00500E+01
];
