
DET1001 = [
    1    1    1    1    1    1    1    1    1    1  4.57960E+18 0.00452 
    2    2    1    1    1    1    1    1    1    1  1.89513E+18 0.00565 
    3    3    1    1    1    1    1    1    1    1  1.90768E+17 0.01108 
];


DET1001E = [
 1.00000E-09  6.25000E-07  3.13000E-07
 6.25000E-07  1.00000E-01  5.00003E-02
 1.00000E-01  2.00000E+01  1.00500E+01
];

DET1002 = [
    1    1    1    1    1    1    1    1    1    1  1.16713E+17 0.00841 
    2    2    1    1    1    1    1    1    1    1  3.60566E+17 0.00474 
    3    3    1    1    1    1    1    1    1    1  1.69662E+17 0.00635 
];


DET1002E = [
 1.00000E-09  6.25000E-07  3.13000E-07
 6.25000E-07  1.00000E-01  5.00003E-02
 1.00000E-01  2.00000E+01  1.00500E+01
];
