
DET1001 = [
    1    1    1    1    1    1    1    1    1    1  4.72384E+18 0.00433 
    2    2    1    1    1    1    1    1    1    1  1.99926E+18 0.00585 
    3    3    1    1    1    1    1    1    1    1  2.05896E+17 0.01163 
];


DET1001E = [
 1.00000E-09  6.25000E-07  3.13000E-07
 6.25000E-07  1.00000E-01  5.00003E-02
 1.00000E-01  2.00000E+01  1.00500E+01
];

DET1002 = [
    1    1    1    1    1    1    1    1    1    1  1.16337E+17 0.00882 
    2    2    1    1    1    1    1    1    1    1  3.86278E+17 0.00494 
    3    3    1    1    1    1    1    1    1    1  1.84967E+17 0.00659 
];


DET1002E = [
 1.00000E-09  6.25000E-07  3.13000E-07
 6.25000E-07  1.00000E-01  5.00003E-02
 1.00000E-01  2.00000E+01  1.00500E+01
];
