
DET1001 = [
    1    1    1    1    1    1    1    1    1    1  4.63008E+18 0.00481 
    2    2    1    1    1    1    1    1    1    1  1.90669E+18 0.00556 
    3    3    1    1    1    1    1    1    1    1  1.97721E+17 0.01095 
];


DET1001E = [
 1.00000E-09  6.25000E-07  3.13000E-07
 6.25000E-07  1.00000E-01  5.00003E-02
 1.00000E-01  2.00000E+01  1.00500E+01
];

DET1002 = [
    1    1    1    1    1    1    1    1    1    1  1.17308E+17 0.00891 
    2    2    1    1    1    1    1    1    1    1  3.69965E+17 0.00500 
    3    3    1    1    1    1    1    1    1    1  1.75675E+17 0.00655 
];


DET1002E = [
 1.00000E-09  6.25000E-07  3.13000E-07
 6.25000E-07  1.00000E-01  5.00003E-02
 1.00000E-01  2.00000E+01  1.00500E+01
];
