
DET1001 = [
    1    1    1    1    1    1    1    1    1    1  4.48800E+18 0.00455 
    2    2    1    1    1    1    1    1    1    1  1.88022E+18 0.00579 
    3    3    1    1    1    1    1    1    1    1  1.91405E+17 0.01165 
];


DET1001E = [
 1.00000E-09  6.25000E-07  3.13000E-07
 6.25000E-07  1.00000E-01  5.00003E-02
 1.00000E-01  2.00000E+01  1.00500E+01
];

DET1002 = [
    1    1    1    1    1    1    1    1    1    1  1.03321E+17 0.00900 
    2    2    1    1    1    1    1    1    1    1  3.58953E+17 0.00504 
    3    3    1    1    1    1    1    1    1    1  1.80548E+17 0.00681 
];


DET1002E = [
 1.00000E-09  6.25000E-07  3.13000E-07
 6.25000E-07  1.00000E-01  5.00003E-02
 1.00000E-01  2.00000E+01  1.00500E+01
];
