
DET1001 = [
    1    1    1    1    1    1    1    1    1    1  4.25378E+18 0.00480 
    2    2    1    1    1    1    1    1    1    1  1.79089E+18 0.00613 
    3    3    1    1    1    1    1    1    1    1  1.86519E+17 0.01140 
];


DET1001E = [
 1.00000E-09  6.25000E-07  3.13000E-07
 6.25000E-07  1.00000E-01  5.00003E-02
 1.00000E-01  2.00000E+01  1.00500E+01
];

DET1002 = [
    1    1    1    1    1    1    1    1    1    1  1.04395E+17 0.00864 
    2    2    1    1    1    1    1    1    1    1  3.44464E+17 0.00515 
    3    3    1    1    1    1    1    1    1    1  1.69869E+17 0.00667 
];


DET1002E = [
 1.00000E-09  6.25000E-07  3.13000E-07
 6.25000E-07  1.00000E-01  5.00003E-02
 1.00000E-01  2.00000E+01  1.00500E+01
];
