
DET1001 = [
    1    1    1    1    1    1    1    1    1    1  5.52512E+18 0.00438 
    2    2    1    1    1    1    1    1    1    1  2.03923E+18 0.00529 
    3    3    1    1    1    1    1    1    1    1  3.40159E+17 0.01009 
];


DET1001E = [
 1.00000E-09  6.25000E-07  3.13000E-07
 6.25000E-07  1.00000E-01  5.00003E-02
 1.00000E-01  2.00000E+01  1.00500E+01
];

DET1002 = [
    1    1    1    1    1    1    1    1    1    1  1.72339E+17 0.00734 
    2    2    1    1    1    1    1    1    1    1  3.86558E+17 0.00476 
    3    3    1    1    1    1    1    1    1    1  2.07455E+17 0.00644 
];


DET1002E = [
 1.00000E-09  6.25000E-07  3.13000E-07
 6.25000E-07  1.00000E-01  5.00003E-02
 1.00000E-01  2.00000E+01  1.00500E+01
];
