
DET1001 = [
    1    1    1    1    1    1    1    1    1    1  5.68359E+18 0.00425 
    2    2    1    1    1    1    1    1    1    1  2.07210E+18 0.00545 
    3    3    1    1    1    1    1    1    1    1  3.48971E+17 0.01007 
];


DET1001E = [
 1.00000E-09  6.25000E-07  3.13000E-07
 6.25000E-07  1.00000E-01  5.00003E-02
 1.00000E-01  2.00000E+01  1.00500E+01
];

DET1002 = [
    1    1    1    1    1    1    1    1    1    1  1.80772E+17 0.00763 
    2    2    1    1    1    1    1    1    1    1  3.95502E+17 0.00505 
    3    3    1    1    1    1    1    1    1    1  2.16766E+17 0.00651 
];


DET1002E = [
 1.00000E-09  6.25000E-07  3.13000E-07
 6.25000E-07  1.00000E-01  5.00003E-02
 1.00000E-01  2.00000E+01  1.00500E+01
];
