
DET1001 = [
    1    1    1    1    1    1    1    1    1    1  5.25859E+18 0.00437 
    2    2    1    1    1    1    1    1    1    1  1.93428E+18 0.00504 
    3    3    1    1    1    1    1    1    1    1  3.22924E+17 0.01009 
];


DET1001E = [
 1.00000E-09  6.25000E-07  3.13000E-07
 6.25000E-07  1.00000E-01  5.00003E-02
 1.00000E-01  2.00000E+01  1.00500E+01
];

DET1002 = [
    1    1    1    1    1    1    1    1    1    1  1.69596E+17 0.00691 
    2    2    1    1    1    1    1    1    1    1  3.55079E+17 0.00523 
    3    3    1    1    1    1    1    1    1    1  1.94191E+17 0.00631 
];


DET1002E = [
 1.00000E-09  6.25000E-07  3.13000E-07
 6.25000E-07  1.00000E-01  5.00003E-02
 1.00000E-01  2.00000E+01  1.00500E+01
];
