
ZAI = [
10030
541350
922350
922380
942380
942390
942400
942410
942420
952410
952440
952450
666
0
];

NAMES = [
'H3              '
'Xe135           '
'U235            '
'U238            '
'Pu238           '
'Pu239           '
'Pu240           '
'Pu241           '
'Pu242           '
'Am241           '
'Am244           '
'Am245           '
'lost            '
'total           '
];

i10030  = 1; iH3               = 1;
i541350 = 2; iXe135            = 2;
i922350 = 3; iU235             = 3;
i922380 = 4; iU238             = 4;
i942380 = 5; iPu238            = 5;
i942390 = 6; iPu239            = 6;
i942400 = 7; iPu240            = 7;
i942410 = 8; iPu241            = 8;
i942420 = 9; iPu242            = 9;
i952410 = 10; iAm241            = 10;
i952440 = 11; iAm244            = 11;
i952450 = 12; iAm245            = 12;
iLOST    = 13;
iTOT     = 14;

MAT_uco_VOLUME = [ 1.60170E+04 1.60170E+04 1.60170E+04 1.60170E+04 ];

MAT_uco_BURNUP = [ 0.00000E+00 6.33471E-01 1.12756E+01 2.31848E+01 ];

MAT_uco_ADENS = [
0.00000E+00 1.26339E-13 1.87083E-12 3.13658E-12 % H3
0.00000E+00 4.97763E-08 4.93972E-08 4.83176E-08 % Xe135
4.87458E-03 4.85416E-03 4.51969E-03 4.16323E-03 % U235
2.01233E-02 2.01195E-02 2.00538E-02 1.99774E-02 % U238
0.00000E+00 2.05063E-13 6.19093E-09 6.14874E-08 % Pu238
0.00000E+00 1.75018E-06 5.35932E-05 9.32521E-05 % Pu239
0.00000E+00 7.67003E-09 4.19213E-06 1.42170E-05 % Pu240
0.00000E+00 4.62091E-11 5.11586E-07 3.50531E-06 % Pu241
0.00000E+00 5.44771E-14 1.23676E-08 1.87370E-07 % Pu242
0.00000E+00 6.79407E-15 1.46251E-09 2.06171E-08 % Am241
0.00000E+00 3.06547E-22 3.38095E-15 1.20070E-13 % Am244
0.00000E+00 8.85164E-26 8.90606E-19 3.26091E-17 % Am245
0.00000E+00 1.33855E-07 2.39589E-06 4.94516E-06 % lost data
7.04699E-02 7.04861E-02 7.07597E-02 7.10653E-02 % total
];

MAT_uco_MDENS = [
0.00000E+00 6.32636E-13 9.36808E-12 1.57062E-11 % H3
0.00000E+00 1.11510E-05 1.10660E-05 1.08242E-05 % Xe135
1.90258E+00 1.89461E+00 1.76406E+00 1.62493E+00 % U235
7.95473E+00 7.95323E+00 7.92726E+00 7.89706E+00 % U238
0.00000E+00 8.10609E-11 2.44726E-06 2.43058E-05 % Pu238
0.00000E+00 6.94754E-04 2.12744E-02 3.70175E-02 % Pu239
0.00000E+00 3.05747E-06 1.67109E-03 5.66725E-03 % Pu240
0.00000E+00 1.84965E-08 2.04776E-04 1.40309E-03 % Pu241
0.00000E+00 2.18973E-11 4.97119E-06 7.53140E-05 % Pu242
0.00000E+00 2.71960E-12 5.85429E-07 8.25284E-06 % Am241
0.00000E+00 1.24239E-19 1.37025E-12 4.86627E-11 % Am244
0.00000E+00 3.60217E-23 3.62431E-16 1.32703E-14 % Am245
0.00000E+00 0.00000E+00 0.00000E+00 0.00000E+00 % lost data
1.10000E+01 1.09999E+01 1.09983E+01 1.09966E+01 % total
];

MAT_uco_A = [
0.00000E+00 3.60769E+06 5.34228E+07 8.95668E+07 % H3
0.00000E+00 1.67950E+16 1.66671E+16 1.63028E+16 % Xe135
2.43595E+09 2.42574E+09 2.25860E+09 2.08046E+09 % U235
1.58449E+09 1.58419E+09 1.57902E+09 1.57300E+09 % U238
0.00000E+00 8.22604E+05 2.48347E+10 2.46654E+11 % Pu238
0.00000E+00 2.55380E+10 7.82014E+11 1.36071E+12 % Pu239
0.00000E+00 4.11273E+08 2.24785E+11 7.62324E+11 % Pu240
0.00000E+00 1.13762E+09 1.25947E+13 8.62970E+13 % Pu241
0.00000E+00 5.11080E+01 1.16027E+07 1.75782E+08 % Pu242
0.00000E+00 5.52517E+03 1.18936E+09 1.67666E+10 % Am241
0.00000E+00 9.36007E+01 1.03234E+09 3.66621E+10 % Am244
0.00000E+00 1.33160E-01 1.33979E+06 4.90556E+07 % Am245
0.00000E+00 0.00000E+00 0.00000E+00 0.00000E+00 % lost data
4.02044E+09 3.27083E+18 3.59689E+18 3.63700E+18 % total
];

MAT_uco_H = [
0.00000E+00 3.28891E-09 4.87023E-08 8.16526E-08 % H3
0.00000E+00 1.51410E+03 1.50256E+03 1.46973E+03 % Xe135
1.80023E-03 1.79269E-03 1.66916E-03 1.53752E-03 % U235
1.08534E-03 1.08513E-03 1.08159E-03 1.07747E-03 % U238
0.00000E+00 7.36549E-07 2.22366E-02 2.20851E-01 % Pu238
0.00000E+00 2.14454E-02 6.56692E-01 1.14264E+00 % Pu239
0.00000E+00 3.46008E-04 1.89114E-01 6.41351E-01 % Pu240
0.00000E+00 9.76059E-07 1.08061E-02 7.40414E-02 % Pu241
0.00000E+00 4.07949E-11 9.26138E-06 1.40311E-04 % Pu242
0.00000E+00 4.95377E-09 1.06636E-03 1.50326E-02 % Am241
0.00000E+00 1.66270E-11 1.83381E-04 6.51256E-03 % Am244
0.00000E+00 6.71836E-15 6.75966E-08 2.47502E-06 % Am245
0.00000E+00 0.00000E+00 0.00000E+00 0.00000E+00 % lost data
2.88556E-03 1.19425E+06 1.21296E+06 1.20123E+06 % total
];

MAT_uco_SF = [
0.00000E+00 0.00000E+00 0.00000E+00 0.00000E+00 % H3
0.00000E+00 0.00000E+00 0.00000E+00 0.00000E+00 % Xe135
1.75388E-01 1.74653E-01 1.62619E-01 1.49793E-01 % U235
8.65132E+04 8.64969E+04 8.62145E+04 8.58860E+04 % U238
0.00000E+00 1.53004E-03 4.61925E+01 4.58777E+02 % Pu238
0.00000E+00 7.91679E-02 2.42424E+00 4.21819E+00 % Pu239
0.00000E+00 2.34426E+01 1.28128E+04 4.34525E+04 % Pu240
0.00000E+00 0.00000E+00 0.00000E+00 0.00000E+00 % Pu241
0.00000E+00 2.81094E-04 6.38147E+01 9.66799E+02 % Pu242
0.00000E+00 2.37582E-08 5.11426E-03 7.20962E-02 % Am241
0.00000E+00 0.00000E+00 0.00000E+00 0.00000E+00 % Am244
0.00000E+00 0.00000E+00 0.00000E+00 0.00000E+00 % Am245
0.00000E+00 0.00000E+00 0.00000E+00 0.00000E+00 % lost data
8.65133E+04 8.65206E+04 1.02078E+05 2.20811E+05 % total
];

MAT_uco_ING_TOX = [
0.00000E+00 1.51523E-04 2.24376E-03 3.76181E-03 % H3
0.00000E+00 3.52695E+09 3.50009E+09 3.42359E+09 % Xe135
1.14490E+02 1.14010E+02 1.06154E+02 9.77818E+01 % U235
7.13020E+01 7.12886E+01 7.10559E+01 7.07851E+01 % U238
0.00000E+00 1.89199E-01 5.71198E+03 5.67305E+04 % Pu238
0.00000E+00 6.38451E+03 1.95504E+05 3.40176E+05 % Pu239
0.00000E+00 1.02818E+02 5.61963E+04 1.90581E+05 % Pu240
0.00000E+00 5.46058E+00 6.04547E+04 4.14226E+05 % Pu241
0.00000E+00 1.22659E-05 2.78464E+00 4.21876E+01 % Pu242
0.00000E+00 1.10503E-03 2.37873E+02 3.35331E+03 % Am241
0.00000E+00 4.30563E-08 4.74874E-01 1.68646E+01 % Am244
0.00000E+00 8.25591E-12 8.30667E-05 3.04145E-03 % Am245
0.00000E+00 0.00000E+00 0.00000E+00 0.00000E+00 % lost data
1.85792E+02 4.46191E+10 5.96119E+10 5.92396E+10 % total
];

MAT_uco_INH_TOX = [
0.00000E+00 9.38000E-04 1.38899E-02 2.32874E-02 % H3
0.00000E+00 1.84745E+09 1.83338E+09 1.79331E+09 % Xe135
2.07056E+04 2.06188E+04 1.91981E+04 1.76839E+04 % U235
1.26759E+04 1.26735E+04 1.26322E+04 1.25840E+04 % U238
0.00000E+00 9.04865E+01 2.73181E+06 2.71320E+07 % Pu238
0.00000E+00 3.06457E+06 9.38417E+07 1.63285E+08 % Pu239
0.00000E+00 4.93527E+04 2.69742E+07 9.14789E+07 % Pu240
0.00000E+00 2.61653E+03 2.89679E+07 1.98483E+08 % Pu241
0.00000E+00 5.62188E-03 1.27629E+03 1.93360E+04 % Pu242
0.00000E+00 5.30417E-01 1.14179E+05 1.60959E+06 % Am241
0.00000E+00 3.46323E-07 3.81964E+00 1.35650E+02 % Am244
0.00000E+00 7.45695E-12 7.50280E-05 2.74712E-03 % Am245
0.00000E+00 0.00000E+00 0.00000E+00 0.00000E+00 % lost data
3.33815E+04 4.37652E+10 5.82330E+10 5.98313E+10 % total
];

TOT_VOLUME = [ 1.60170E+04 1.60170E+04 1.60170E+04 1.60170E+04 ];

TOT_BURNUP = [ 0.00000E+00 6.33471E-01 1.12756E+01 2.31848E+01 ];

TOT_ADENS = [
0.00000E+00 1.26339E-13 1.87083E-12 3.13658E-12 % H3
0.00000E+00 4.97763E-08 4.93972E-08 4.83176E-08 % Xe135
4.87458E-03 4.85416E-03 4.51969E-03 4.16323E-03 % U235
2.01233E-02 2.01195E-02 2.00538E-02 1.99774E-02 % U238
0.00000E+00 2.05063E-13 6.19093E-09 6.14874E-08 % Pu238
0.00000E+00 1.75018E-06 5.35932E-05 9.32521E-05 % Pu239
0.00000E+00 7.67003E-09 4.19213E-06 1.42170E-05 % Pu240
0.00000E+00 4.62091E-11 5.11586E-07 3.50531E-06 % Pu241
0.00000E+00 5.44771E-14 1.23676E-08 1.87370E-07 % Pu242
0.00000E+00 6.79407E-15 1.46251E-09 2.06171E-08 % Am241
0.00000E+00 3.06547E-22 3.38095E-15 1.20070E-13 % Am244
0.00000E+00 8.85164E-26 8.90606E-19 3.26091E-17 % Am245
0.00000E+00 1.33855E-07 2.39589E-06 4.94516E-06 % lost data
7.04699E-02 7.04861E-02 7.07597E-02 7.10653E-02 % total
];

