
DET1001 = [
    1    1    1    1    1    1    1    1    1    1  5.38863E+18 0.00415 
    2    2    1    1    1    1    1    1    1    1  2.02488E+18 0.00490 
    3    3    1    1    1    1    1    1    1    1  3.34811E+17 0.01005 
];


DET1001E = [
 1.00000E-09  6.25000E-07  3.13000E-07
 6.25000E-07  1.00000E-01  5.00003E-02
 1.00000E-01  2.00000E+01  1.00500E+01
];

DET1002 = [
    1    1    1    1    1    1    1    1    1    1  1.70121E+17 0.00727 
    2    2    1    1    1    1    1    1    1    1  3.70190E+17 0.00503 
    3    3    1    1    1    1    1    1    1    1  1.98617E+17 0.00629 
];


DET1002E = [
 1.00000E-09  6.25000E-07  3.13000E-07
 6.25000E-07  1.00000E-01  5.00003E-02
 1.00000E-01  2.00000E+01  1.00500E+01
];
