
ZAI = [
10030
541350
922350
922380
942380
942390
942400
942410
942420
952410
952440
952450
666
0
];

NAMES = [
'H3              '
'Xe135           '
'U235            '
'U238            '
'Pu238           '
'Pu239           '
'Pu240           '
'Pu241           '
'Pu242           '
'Am241           '
'Am244           '
'Am245           '
'lost            '
'total           '
];

i10030  = 1; iH3               = 1;
i541350 = 2; iXe135            = 2;
i922350 = 3; iU235             = 3;
i922380 = 4; iU238             = 4;
i942380 = 5; iPu238            = 5;
i942390 = 6; iPu239            = 6;
i942400 = 7; iPu240            = 7;
i942410 = 8; iPu241            = 8;
i942420 = 9; iPu242            = 9;
i952410 = 10; iAm241            = 10;
i952440 = 11; iAm244            = 11;
i952450 = 12; iAm245            = 12;
iLOST    = 13;
iTOT     = 14;

MAT_uco_VOLUME = [ 1.97179E+04 1.97179E+04 1.97179E+04 1.97179E+04 ];

MAT_uco_BURNUP = [ 0.00000E+00 5.14544E-01 9.15888E+00 1.88325E+01 ];

MAT_uco_ADENS = [
0.00000E+00 1.29811E-13 1.90162E-12 3.16538E-12 % H3
0.00000E+00 3.89636E-08 3.90365E-08 3.83559E-08 % Xe135
3.74777E-03 3.73122E-03 3.46189E-03 3.17800E-03 % U235
2.12374E-02 2.12337E-02 2.11697E-02 2.10955E-02 % U238
0.00000E+00 2.21812E-13 5.44951E-09 5.27375E-08 % Pu238
0.00000E+00 1.69434E-06 5.15815E-05 8.91242E-05 % Pu239
0.00000E+00 7.79858E-09 4.23294E-06 1.41463E-05 % Pu240
0.00000E+00 4.85608E-11 5.27137E-07 3.53940E-06 % Pu241
0.00000E+00 6.04623E-14 1.34320E-08 1.98694E-07 % Pu242
0.00000E+00 7.13323E-15 1.50612E-09 2.08656E-08 % Am241
0.00000E+00 3.57731E-22 3.75369E-15 1.28683E-13 % Am244
0.00000E+00 1.09143E-25 1.04229E-18 3.63860E-17 % Am245
0.00000E+00 1.08723E-07 1.94929E-06 4.02668E-06 % lost data
7.04339E-02 7.04472E-02 7.06695E-02 7.09178E-02 % total
];

MAT_uco_MDENS = [
0.00000E+00 6.50021E-13 9.52224E-12 1.58504E-11 % H3
0.00000E+00 8.72870E-06 8.74503E-06 8.59257E-06 % Xe135
1.46278E+00 1.45632E+00 1.35120E+00 1.24039E+00 % U235
8.39511E+00 8.39366E+00 8.36838E+00 8.33903E+00 % U238
0.00000E+00 8.76814E-11 2.15417E-06 2.08469E-05 % Pu238
0.00000E+00 6.72587E-04 2.04759E-02 3.53789E-02 % Pu239
0.00000E+00 3.10871E-06 1.68736E-03 5.63910E-03 % Pu240
0.00000E+00 1.94378E-08 2.11001E-04 1.41674E-03 % Pu241
0.00000E+00 2.43031E-11 5.39906E-06 7.98660E-05 % Pu242
0.00000E+00 2.85536E-12 6.02886E-07 8.35232E-06 % Am241
0.00000E+00 1.44983E-19 1.52132E-12 5.21534E-11 % Am244
0.00000E+00 4.44157E-23 4.24157E-16 1.48072E-14 % Am245
0.00000E+00 0.00000E+00 0.00000E+00 0.00000E+00 % lost data
1.10000E+01 1.09999E+01 1.09987E+01 1.09973E+01 % total
];

MAT_uco_A = [
0.00000E+00 4.56334E+06 6.68490E+07 1.11275E+08 % H3
0.00000E+00 1.61844E+16 1.62147E+16 1.59320E+16 % Xe135
2.30559E+09 2.29541E+09 2.12972E+09 1.95508E+09 % U235
2.05859E+09 2.05824E+09 2.05204E+09 2.04484E+09 % U238
0.00000E+00 1.09538E+06 2.69116E+10 2.60436E+11 % Pu238
0.00000E+00 3.04358E+10 9.26572E+11 1.60096E+12 % Pu239
0.00000E+00 5.14788E+08 2.79418E+11 9.33807E+11 % Pu240
0.00000E+00 1.47175E+09 1.59762E+13 1.07270E+14 % Pu241
0.00000E+00 6.98295E+01 1.55130E+07 2.29477E+08 % Pu242
0.00000E+00 7.14138E+03 1.50784E+09 2.08895E+10 % Am241
0.00000E+00 1.34468E+02 1.41098E+09 4.83708E+10 % Am244
0.00000E+00 2.02128E-01 1.93026E+06 6.73850E+07 % Am245
0.00000E+00 0.00000E+00 0.00000E+00 0.00000E+00 % lost data
4.36419E+09 3.31813E+18 3.66377E+18 3.69950E+18 % total
];

MAT_uco_H = [
0.00000E+00 4.16012E-09 6.09421E-08 1.01442E-07 % H3
0.00000E+00 1.45905E+03 1.46178E+03 1.43629E+03 % Xe135
1.70389E-03 1.69637E-03 1.57392E-03 1.44485E-03 % U235
1.41008E-03 1.40984E-03 1.40559E-03 1.40066E-03 % U238
0.00000E+00 9.80793E-07 2.40963E-02 2.33191E-01 % Pu238
0.00000E+00 2.55583E-02 7.78084E-01 1.34440E+00 % Pu239
0.00000E+00 4.33096E-04 2.35078E-01 7.85621E-01 % Pu240
0.00000E+00 1.26274E-06 1.37073E-02 9.20361E-02 % Pu241
0.00000E+00 5.57387E-11 1.23827E-05 1.83171E-04 % Pu242
0.00000E+00 6.40283E-09 1.35190E-03 1.87291E-02 % Am241
0.00000E+00 2.38865E-11 2.50643E-04 8.59247E-03 % Am244
0.00000E+00 1.01980E-14 9.73881E-08 3.39980E-06 % Am245
0.00000E+00 0.00000E+00 0.00000E+00 0.00000E+00 % lost data
3.11398E-03 1.19786E+06 1.21974E+06 1.20495E+06 % total
];

MAT_uco_SF = [
0.00000E+00 0.00000E+00 0.00000E+00 0.00000E+00 % H3
0.00000E+00 0.00000E+00 0.00000E+00 0.00000E+00 % Xe135
1.66003E-01 1.65270E-01 1.53340E-01 1.40766E-01 % U235
1.12399E+05 1.12380E+05 1.12041E+05 1.11648E+05 % U238
0.00000E+00 2.03742E-03 5.00556E+01 4.84411E+02 % Pu238
0.00000E+00 9.43510E-02 2.87237E+00 4.96298E+00 % Pu239
0.00000E+00 2.93429E+01 1.59268E+04 5.32270E+04 % Pu240
0.00000E+00 0.00000E+00 0.00000E+00 0.00000E+00 % Pu241
0.00000E+00 3.84062E-04 8.53216E+01 1.26213E+03 % Pu242
0.00000E+00 3.07079E-08 6.48372E-03 8.98248E-02 % Am241
0.00000E+00 0.00000E+00 0.00000E+00 0.00000E+00 % Am244
0.00000E+00 0.00000E+00 0.00000E+00 0.00000E+00 % Am245
0.00000E+00 0.00000E+00 0.00000E+00 0.00000E+00 % lost data
1.12399E+05 1.12409E+05 1.32005E+05 2.83181E+05 % total
];

MAT_uco_ING_TOX = [
0.00000E+00 1.91660E-04 2.80766E-03 4.67354E-03 % H3
0.00000E+00 3.39872E+09 3.40508E+09 3.34572E+09 % Xe135
1.08363E+02 1.07884E+02 1.00097E+02 9.18886E+01 % U235
9.26367E+01 9.26207E+01 9.23417E+01 9.20179E+01 % U238
0.00000E+00 2.51939E-01 6.18967E+03 5.99003E+04 % Pu238
0.00000E+00 7.60895E+03 2.31643E+05 4.00240E+05 % Pu239
0.00000E+00 1.28697E+02 6.98546E+04 2.33452E+05 % Pu240
0.00000E+00 7.06442E+00 7.66857E+04 5.14898E+05 % Pu241
0.00000E+00 1.67591E-05 3.72312E+00 5.50746E+01 % Pu242
0.00000E+00 1.42828E-03 3.01568E+02 4.17790E+03 % Am241
0.00000E+00 6.18552E-08 6.49050E-01 2.22506E+01 % Am244
0.00000E+00 1.25319E-11 1.19676E-04 4.17787E-03 % Am245
0.00000E+00 0.00000E+00 0.00000E+00 0.00000E+00 % lost data
2.01000E+02 4.45194E+10 5.97936E+10 5.93853E+10 % total
];

MAT_uco_INH_TOX = [
0.00000E+00 1.18647E-03 1.73807E-02 2.89314E-02 % H3
0.00000E+00 1.78028E+09 1.78361E+09 1.75252E+09 % Xe135
1.95975E+04 1.95110E+04 1.81026E+04 1.66182E+04 % U235
1.64687E+04 1.64659E+04 1.64163E+04 1.63587E+04 % U238
0.00000E+00 1.20492E+02 2.96028E+06 2.86480E+07 % Pu238
0.00000E+00 3.65229E+06 1.11189E+08 1.92115E+08 % Pu239
0.00000E+00 6.17745E+04 3.35302E+07 1.12057E+08 % Pu240
0.00000E+00 3.38503E+03 3.67453E+07 2.46722E+08 % Pu241
0.00000E+00 7.68125E-03 1.70643E+03 2.52425E+04 % Pu242
0.00000E+00 6.85572E-01 1.44753E+05 2.00539E+06 % Am241
0.00000E+00 4.97531E-07 5.22062E+00 1.78972E+02 % Am244
0.00000E+00 1.13192E-11 1.08095E-04 3.77356E-03 % Am245
0.00000E+00 0.00000E+00 0.00000E+00 0.00000E+00 % lost data
3.60663E+04 4.37412E+10 5.85484E+10 6.01983E+10 % total
];

TOT_VOLUME = [ 1.97179E+04 1.97179E+04 1.97179E+04 1.97179E+04 ];

TOT_BURNUP = [ 0.00000E+00 5.14544E-01 9.15888E+00 1.88325E+01 ];

TOT_ADENS = [
0.00000E+00 1.29811E-13 1.90162E-12 3.16538E-12 % H3
0.00000E+00 3.89636E-08 3.90365E-08 3.83559E-08 % Xe135
3.74777E-03 3.73122E-03 3.46189E-03 3.17800E-03 % U235
2.12374E-02 2.12337E-02 2.11697E-02 2.10955E-02 % U238
0.00000E+00 2.21812E-13 5.44951E-09 5.27375E-08 % Pu238
0.00000E+00 1.69434E-06 5.15815E-05 8.91242E-05 % Pu239
0.00000E+00 7.79858E-09 4.23294E-06 1.41463E-05 % Pu240
0.00000E+00 4.85608E-11 5.27137E-07 3.53940E-06 % Pu241
0.00000E+00 6.04623E-14 1.34320E-08 1.98694E-07 % Pu242
0.00000E+00 7.13323E-15 1.50612E-09 2.08656E-08 % Am241
0.00000E+00 3.57731E-22 3.75369E-15 1.28683E-13 % Am244
0.00000E+00 1.09143E-25 1.04229E-18 3.63860E-17 % Am245
0.00000E+00 1.08723E-07 1.94929E-06 4.02668E-06 % lost data
7.04339E-02 7.04472E-02 7.06695E-02 7.09178E-02 % total
];

