
DET1001 = [
    1    1    1    1    1    1    1    1    1    1  5.46007E+18 0.00434 
    2    2    1    1    1    1    1    1    1    1  1.98854E+18 0.00502 
    3    3    1    1    1    1    1    1    1    1  3.33687E+17 0.00992 
];


DET1001E = [
 1.00000E-09  6.25000E-07  3.13000E-07
 6.25000E-07  1.00000E-01  5.00003E-02
 1.00000E-01  2.00000E+01  1.00500E+01
];

DET1002 = [
    1    1    1    1    1    1    1    1    1    1  1.77574E+17 0.00721 
    2    2    1    1    1    1    1    1    1    1  3.63279E+17 0.00524 
    3    3    1    1    1    1    1    1    1    1  2.02942E+17 0.00606 
];


DET1002E = [
 1.00000E-09  6.25000E-07  3.13000E-07
 6.25000E-07  1.00000E-01  5.00003E-02
 1.00000E-01  2.00000E+01  1.00500E+01
];
