
DET1001 = [
    1    1    1    1    1    1    1    1    1    1  5.57910E+18 0.00421 
    2    2    1    1    1    1    1    1    1    1  2.07505E+18 0.00497 
    3    3    1    1    1    1    1    1    1    1  3.39154E+17 0.01002 
];


DET1001E = [
 1.00000E-09  6.25000E-07  3.13000E-07
 6.25000E-07  1.00000E-01  5.00003E-02
 1.00000E-01  2.00000E+01  1.00500E+01
];

DET1002 = [
    1    1    1    1    1    1    1    1    1    1  1.79656E+17 0.00707 
    2    2    1    1    1    1    1    1    1    1  3.77006E+17 0.00516 
    3    3    1    1    1    1    1    1    1    1  2.05352E+17 0.00614 
];


DET1002E = [
 1.00000E-09  6.25000E-07  3.13000E-07
 6.25000E-07  1.00000E-01  5.00003E-02
 1.00000E-01  2.00000E+01  1.00500E+01
];
