
DET1001 = [
    1    1    1    1    1    1    1    1    1    1  5.03866E+18 0.00451 
    2    2    1    1    1    1    1    1    1    1  1.71170E+18 0.00600 
    3    3    1    1    1    1    1    1    1    1  1.56118E+17 0.01184 
];


DET1001E = [
 1.00000E-09  6.25000E-07  3.13000E-07
 6.25000E-07  1.00000E-01  5.00003E-02
 1.00000E-01  2.00000E+01  1.00500E+01
];

DET1002 = [
    1    1    1    1    1    1    1    1    1    1  2.20075E+17 0.00625 
    2    2    1    1    1    1    1    1    1    1  3.90481E+17 0.00471 
    3    3    1    1    1    1    1    1    1    1  1.81854E+17 0.00619 
];


DET1002E = [
 1.00000E-09  6.25000E-07  3.13000E-07
 6.25000E-07  1.00000E-01  5.00003E-02
 1.00000E-01  2.00000E+01  1.00500E+01
];
