
ZAI = [
10030
541350
922350
922380
942380
942390
942400
942410
942420
952410
952440
952450
666
0
];

NAMES = [
'H3              '
'Xe135           '
'U235            '
'U238            '
'Pu238           '
'Pu239           '
'Pu240           '
'Pu241           '
'Pu242           '
'Am241           '
'Am244           '
'Am245           '
'lost            '
'total           '
];

i10030  = 1; iH3               = 1;
i541350 = 2; iXe135            = 2;
i922350 = 3; iU235             = 3;
i922380 = 4; iU238             = 4;
i942380 = 5; iPu238            = 5;
i942390 = 6; iPu239            = 6;
i942400 = 7; iPu240            = 7;
i942410 = 8; iPu241            = 8;
i942420 = 9; iPu242            = 9;
i952410 = 10; iAm241            = 10;
i952440 = 11; iAm244            = 11;
i952450 = 12; iAm245            = 12;
iLOST    = 13;
iTOT     = 14;

MAT_uco_VOLUME = [ 1.60170E+04 1.60170E+04 1.60170E+04 1.60170E+04 ];

MAT_uco_BURNUP = [ 0.00000E+00 6.33418E-01 1.12751E+01 2.31836E+01 ];

MAT_uco_ADENS = [
0.00000E+00 1.27329E-13 1.78464E-12 2.84795E-12 % H3
0.00000E+00 4.13241E-08 4.11097E-08 3.99232E-08 % Xe135
3.74777E-03 3.72747E-03 3.39873E-03 3.05512E-03 % U235
2.12374E-02 2.12330E-02 2.11566E-02 2.10674E-02 % U238
0.00000E+00 2.43326E-13 7.62191E-09 7.58512E-08 % Pu238
0.00000E+00 2.01821E-06 5.91453E-05 9.81713E-05 % Pu239
0.00000E+00 1.10593E-08 5.89095E-06 1.91079E-05 % Pu240
0.00000E+00 7.45837E-11 7.95583E-07 5.13407E-06 % Pu241
0.00000E+00 1.08889E-13 2.41428E-08 3.49541E-07 % Pu242
0.00000E+00 1.09230E-14 2.26989E-09 3.00637E-08 % Am241
0.00000E+00 7.37769E-22 7.76745E-15 2.67329E-13 % Am244
0.00000E+00 2.57783E-25 2.47598E-18 8.74514E-17 % Am245
0.00000E+00 1.33816E-07 2.40244E-06 4.96422E-06 % lost data
7.04339E-02 7.04502E-02 7.07241E-02 7.10295E-02 % total
];

MAT_uco_MDENS = [
0.00000E+00 6.37592E-13 8.93649E-12 1.42609E-11 % H3
0.00000E+00 9.25751E-06 9.20947E-06 8.94366E-06 % Xe135
1.46278E+00 1.45485E+00 1.32655E+00 1.19243E+00 % U235
8.39511E+00 8.39338E+00 8.36318E+00 8.32792E+00 % U238
0.00000E+00 9.61861E-11 3.01292E-06 2.99838E-05 % Pu238
0.00000E+00 8.01153E-04 2.34784E-02 3.89703E-02 % Pu239
0.00000E+00 4.40851E-06 2.34829E-03 7.61690E-03 % Pu240
0.00000E+00 2.98542E-08 3.18454E-04 2.05505E-03 % Pu241
0.00000E+00 4.37684E-11 9.70430E-06 1.40500E-04 % Pu242
0.00000E+00 4.37239E-12 9.08615E-07 1.20342E-05 % Am241
0.00000E+00 2.99007E-19 3.14804E-12 1.08345E-10 % Am244
0.00000E+00 1.04905E-22 1.00760E-15 3.55882E-14 % Am245
0.00000E+00 0.00000E+00 0.00000E+00 0.00000E+00 % lost data
1.10000E+01 1.09999E+01 1.09984E+01 1.09966E+01 % total
];

MAT_uco_A = [
0.00000E+00 3.63596E+06 5.09616E+07 8.13249E+07 % H3
0.00000E+00 1.39432E+16 1.38708E+16 1.34705E+16 % Xe135
1.87285E+09 1.86271E+09 1.69843E+09 1.52671E+09 % U235
1.67221E+09 1.67187E+09 1.66585E+09 1.65883E+09 % U238
0.00000E+00 9.76094E+05 3.05750E+10 3.04274E+11 % Pu238
0.00000E+00 2.94491E+10 8.63029E+11 1.43248E+12 % Pu239
0.00000E+00 5.93006E+08 3.15877E+11 1.02458E+12 % Pu240
0.00000E+00 1.83617E+09 1.95864E+13 1.26396E+14 % Pu241
0.00000E+00 1.02155E+02 2.26497E+07 3.27924E+08 % Pu242
0.00000E+00 8.88300E+03 1.84595E+09 2.44489E+10 % Am241
0.00000E+00 2.25270E+02 2.37171E+09 8.16260E+10 % Am244
0.00000E+00 3.87797E-01 3.72474E+06 1.31558E+08 % Am245
0.00000E+00 0.00000E+00 0.00000E+00 0.00000E+00 % lost data
3.54506E+09 3.30542E+18 3.63834E+18 3.66432E+18 % total
];

MAT_uco_H = [
0.00000E+00 3.31468E-09 4.64585E-08 7.41389E-08 % H3
0.00000E+00 1.25700E+03 1.25048E+03 1.21438E+03 % Xe135
1.38409E-03 1.37659E-03 1.25518E-03 1.12828E-03 % U235
1.14542E-03 1.14518E-03 1.14106E-03 1.13625E-03 % U238
0.00000E+00 8.73981E-07 2.73764E-02 2.72443E-01 % Pu238
0.00000E+00 2.47297E-02 7.24724E-01 1.20292E+00 % Pu239
0.00000E+00 4.98902E-04 2.65751E-01 8.61989E-01 % Pu240
0.00000E+00 1.57541E-06 1.68048E-02 1.08445E-01 % Pu241
0.00000E+00 8.15411E-11 1.80792E-05 2.61752E-04 % Pu242
0.00000E+00 7.96433E-09 1.65505E-03 2.19204E-02 % Am241
0.00000E+00 4.00163E-11 4.21304E-04 1.44998E-02 % Am244
0.00000E+00 1.95656E-14 1.87925E-07 6.63752E-06 % Am245
0.00000E+00 0.00000E+00 0.00000E+00 0.00000E+00 % lost data
2.52951E-03 1.19630E+06 1.21244E+06 1.19299E+06 % total
];

MAT_uco_SF = [
0.00000E+00 0.00000E+00 0.00000E+00 0.00000E+00 % H3
0.00000E+00 0.00000E+00 0.00000E+00 0.00000E+00 % Xe135
1.34845E-01 1.34115E-01 1.22287E-01 1.09923E-01 % U235
9.13027E+04 9.12839E+04 9.09554E+04 9.05719E+04 % U238
0.00000E+00 1.81553E-03 5.68695E+01 5.65950E+02 % Pu238
0.00000E+00 9.12922E-02 2.67539E+00 4.44070E+00 % Pu239
0.00000E+00 3.38013E+01 1.80050E+04 5.84010E+04 % Pu240
0.00000E+00 0.00000E+00 0.00000E+00 0.00000E+00 % Pu241
0.00000E+00 5.61851E-04 1.24573E+02 1.80358E+03 % Pu242
0.00000E+00 3.81969E-08 7.93760E-03 1.05130E-01 % Am241
0.00000E+00 0.00000E+00 0.00000E+00 0.00000E+00 % Am244
0.00000E+00 0.00000E+00 0.00000E+00 0.00000E+00 % Am245
0.00000E+00 0.00000E+00 0.00000E+00 0.00000E+00 % lost data
9.13028E+04 9.13179E+04 1.14701E+05 3.14183E+05 % total
];

MAT_uco_ING_TOX = [
0.00000E+00 1.52710E-04 2.14039E-03 3.41565E-03 % H3
0.00000E+00 2.92806E+09 2.91287E+09 2.82880E+09 % Xe135
8.80239E+01 8.75472E+01 7.98262E+01 7.17556E+01 % U235
7.52494E+01 7.52339E+01 7.49632E+01 7.46471E+01 % U238
0.00000E+00 2.24502E-01 7.03224E+03 6.99831E+04 % Pu238
0.00000E+00 7.36227E+03 2.15757E+05 3.58121E+05 % Pu239
0.00000E+00 1.48251E+02 7.89693E+04 2.56145E+05 % Pu240
0.00000E+00 8.81363E+00 9.40149E+04 6.06699E+05 % Pu241
0.00000E+00 2.45172E-05 5.43593E+00 7.87018E+01 % Pu242
0.00000E+00 1.77660E-03 3.69191E+02 4.88977E+03 % Am241
0.00000E+00 1.03624E-07 1.09098E+00 3.75479E+01 % Am244
0.00000E+00 2.40434E-11 2.30934E-04 8.15658E-03 % Am245
0.00000E+00 0.00000E+00 0.00000E+00 0.00000E+00 % lost data
1.63273E+02 4.40215E+10 5.91046E+10 5.84905E+10 % total
];

MAT_uco_INH_TOX = [
0.00000E+00 9.45348E-04 1.32500E-02 2.11445E-02 % H3
0.00000E+00 1.53375E+09 1.52579E+09 1.48175E+09 % Xe135
1.59192E+04 1.58330E+04 1.44366E+04 1.29771E+04 % U235
1.33777E+04 1.33749E+04 1.33268E+04 1.32706E+04 % U238
0.00000E+00 1.07370E+02 3.36325E+06 3.34702E+07 % Pu238
0.00000E+00 3.53389E+06 1.03563E+08 1.71898E+08 % Pu239
0.00000E+00 7.11607E+04 3.79053E+07 1.22950E+08 % Pu240
0.00000E+00 4.22320E+03 4.50488E+07 2.90710E+08 % Pu241
0.00000E+00 1.12370E-02 2.49147E+03 3.60716E+04 % Pu242
0.00000E+00 8.52768E-01 1.77212E+05 2.34709E+06 % Am241
0.00000E+00 8.33498E-07 8.77531E+00 3.02016E+02 % Am244
0.00000E+00 2.17166E-11 2.08585E-04 7.36723E-03 % Am245
0.00000E+00 0.00000E+00 0.00000E+00 0.00000E+00 % lost data
2.92969E+04 4.34570E+10 5.81262E+10 5.96366E+10 % total
];

TOT_VOLUME = [ 1.60170E+04 1.60170E+04 1.60170E+04 1.60170E+04 ];

TOT_BURNUP = [ 0.00000E+00 6.33418E-01 1.12751E+01 2.31836E+01 ];

TOT_ADENS = [
0.00000E+00 1.27329E-13 1.78464E-12 2.84795E-12 % H3
0.00000E+00 4.13241E-08 4.11097E-08 3.99232E-08 % Xe135
3.74777E-03 3.72747E-03 3.39873E-03 3.05512E-03 % U235
2.12374E-02 2.12330E-02 2.11566E-02 2.10674E-02 % U238
0.00000E+00 2.43326E-13 7.62191E-09 7.58512E-08 % Pu238
0.00000E+00 2.01821E-06 5.91453E-05 9.81713E-05 % Pu239
0.00000E+00 1.10593E-08 5.89095E-06 1.91079E-05 % Pu240
0.00000E+00 7.45837E-11 7.95583E-07 5.13407E-06 % Pu241
0.00000E+00 1.08889E-13 2.41428E-08 3.49541E-07 % Pu242
0.00000E+00 1.09230E-14 2.26989E-09 3.00637E-08 % Am241
0.00000E+00 7.37769E-22 7.76745E-15 2.67329E-13 % Am244
0.00000E+00 2.57783E-25 2.47598E-18 8.74514E-17 % Am245
0.00000E+00 1.33816E-07 2.40244E-06 4.96422E-06 % lost data
7.04339E-02 7.04502E-02 7.07241E-02 7.10295E-02 % total
];

