
DET1001 = [
    1    1    1    1    1    1    1    1    1    1  5.43899E+18 0.00446 
    2    2    1    1    1    1    1    1    1    1  1.85987E+18 0.00608 
    3    3    1    1    1    1    1    1    1    1  1.67272E+17 0.01220 
];


DET1001E = [
 1.00000E-09  6.25000E-07  3.13000E-07
 6.25000E-07  1.00000E-01  5.00003E-02
 1.00000E-01  2.00000E+01  1.00500E+01
];

DET1002 = [
    1    1    1    1    1    1    1    1    1    1  2.36763E+17 0.00658 
    2    2    1    1    1    1    1    1    1    1  4.52254E+17 0.00491 
    3    3    1    1    1    1    1    1    1    1  2.09807E+17 0.00630 
];


DET1002E = [
 1.00000E-09  6.25000E-07  3.13000E-07
 6.25000E-07  1.00000E-01  5.00003E-02
 1.00000E-01  2.00000E+01  1.00500E+01
];
