
DET1001 = [
    1    1    1    1    1    1    1    1    1    1  4.56325E+18 0.00449 
    2    2    1    1    1    1    1    1    1    1  2.03733E+18 0.00518 
    3    3    1    1    1    1    1    1    1    1  3.44864E+17 0.01015 
];


DET1001E = [
 1.00000E-09  6.25000E-07  3.13000E-07
 6.25000E-07  1.00000E-01  5.00003E-02
 1.00000E-01  2.00000E+01  1.00500E+01
];

DET1002 = [
    1    1    1    1    1    1    1    1    1    1  8.72315E+16 0.00990 
    2    2    1    1    1    1    1    1    1    1  3.52277E+17 0.00547 
    3    3    1    1    1    1    1    1    1    1  2.03321E+17 0.00638 
];


DET1002E = [
 1.00000E-09  6.25000E-07  3.13000E-07
 6.25000E-07  1.00000E-01  5.00003E-02
 1.00000E-01  2.00000E+01  1.00500E+01
];
