
ZAI = [
10030
541350
922350
922380
942380
942390
942400
942410
942420
952410
952440
952450
666
0
];

NAMES = [
'H3              '
'Xe135           '
'U235            '
'U238            '
'Pu238           '
'Pu239           '
'Pu240           '
'Pu241           '
'Pu242           '
'Am241           '
'Am244           '
'Am245           '
'lost            '
'total           '
];

i10030  = 1; iH3               = 1;
i541350 = 2; iXe135            = 2;
i922350 = 3; iU235             = 3;
i922380 = 4; iU238             = 4;
i942380 = 5; iPu238            = 5;
i942390 = 6; iPu239            = 6;
i942400 = 7; iPu240            = 7;
i942410 = 8; iPu241            = 8;
i942420 = 9; iPu242            = 9;
i952410 = 10; iAm241            = 10;
i952440 = 11; iAm244            = 11;
i952450 = 12; iAm245            = 12;
iLOST    = 13;
iTOT     = 14;

MAT_uco_VOLUME = [ 2.80295E+04 2.80295E+04 2.80295E+04 2.80295E+04 ];

MAT_uco_BURNUP = [ 0.00000E+00 3.61991E-01 6.44338E+00 1.32487E+01 ];

MAT_uco_ADENS = [
0.00000E+00 1.11406E-13 1.79309E-12 3.29025E-12 % H3
0.00000E+00 4.00932E-08 4.03298E-08 4.03019E-08 % Xe135
4.87458E-03 4.86272E-03 4.66688E-03 4.45554E-03 % U235
2.01233E-02 2.01206E-02 2.00740E-02 2.00205E-02 % U238
0.00000E+00 1.16021E-13 2.36893E-09 2.25661E-08 % Pu238
0.00000E+00 1.25243E-06 4.14454E-05 7.83694E-05 % Pu239
0.00000E+00 3.28332E-09 1.80366E-06 6.56760E-06 % Pu240
0.00000E+00 1.54851E-11 1.72067E-07 1.29197E-06 % Pu241
0.00000E+00 1.04035E-14 2.28865E-09 3.65612E-08 % Pu242
0.00000E+00 2.31024E-15 4.94464E-10 7.72209E-09 % Am241
0.00000E+00 4.05610E-23 3.97631E-16 1.40008E-14 % Am244
0.00000E+00 6.92627E-27 6.19647E-20 2.19032E-18 % Am245
0.00000E+00 7.65273E-08 1.36752E-06 2.82064E-06 % lost data
7.04699E-02 7.04792E-02 7.06355E-02 7.08102E-02 % total
];

MAT_uco_MDENS = [
0.00000E+00 5.57856E-13 8.97877E-12 1.64757E-11 % H3
0.00000E+00 8.98175E-06 9.03476E-06 9.02851E-06 % Xe135
1.90258E+00 1.89795E+00 1.82151E+00 1.73902E+00 % U235
7.95473E+00 7.95365E+00 7.93524E+00 7.91408E+00 % U238
0.00000E+00 4.58628E-11 9.36431E-07 8.92031E-06 % Pu238
0.00000E+00 4.97168E-04 1.64523E-02 3.11097E-02 % Pu239
0.00000E+00 1.30882E-06 7.18984E-04 2.61802E-03 % Pu240
0.00000E+00 6.19832E-09 6.88746E-05 5.17146E-04 % Pu241
0.00000E+00 4.18174E-12 9.19930E-07 1.46959E-05 % Pu242
0.00000E+00 9.24767E-13 1.97929E-07 3.09108E-06 % Am241
0.00000E+00 1.64388E-20 1.61154E-13 5.67434E-12 % Am244
0.00000E+00 2.81864E-24 2.52165E-17 8.91350E-16 % Am245
0.00000E+00 0.00000E+00 0.00000E+00 0.00000E+00 % lost data
1.10000E+01 1.09999E+01 1.09991E+01 1.09981E+01 % total
];

MAT_uco_A = [
0.00000E+00 5.56715E+06 8.96039E+07 1.64420E+08 % H3
0.00000E+00 2.36735E+16 2.38132E+16 2.37968E+16 % Xe135
4.26287E+09 4.25249E+09 4.08123E+09 3.89642E+09 % U235
2.77283E+09 2.77246E+09 2.76604E+09 2.75867E+09 % U238
0.00000E+00 8.14469E+05 1.66299E+10 1.58414E+11 % Pu238
0.00000E+00 3.19812E+10 1.05832E+12 2.00118E+12 % Pu239
0.00000E+00 3.08092E+08 1.69247E+11 6.16275E+11 % Pu240
0.00000E+00 6.67140E+08 7.41315E+12 5.56617E+13 % Pu241
0.00000E+00 1.70801E+01 3.75740E+06 6.00247E+07 % Pu242
0.00000E+00 3.28781E+03 7.03697E+08 1.09897E+10 % Am241
0.00000E+00 2.16733E+01 2.12469E+08 7.48119E+09 % Am244
0.00000E+00 1.82341E-02 1.63128E+05 5.76624E+06 % Am245
0.00000E+00 0.00000E+00 0.00000E+00 0.00000E+00 % lost data
7.03571E+09 3.34128E+18 3.70548E+18 3.76160E+18 % total
];

MAT_uco_H = [
0.00000E+00 5.07523E-09 8.16864E-08 1.49892E-07 % H3
0.00000E+00 2.13420E+03 2.14680E+03 2.14532E+03 % Xe135
3.15038E-03 3.14271E-03 3.01614E-03 2.87955E-03 % U235
1.89932E-03 1.89906E-03 1.89467E-03 1.88962E-03 % U238
0.00000E+00 7.29265E-07 1.48902E-02 1.41842E-01 % Pu238
0.00000E+00 2.68560E-02 8.88717E-01 1.68048E+00 % Pu239
0.00000E+00 2.59201E-04 1.42389E-01 5.18479E-01 % Pu240
0.00000E+00 5.72395E-07 6.36035E-03 4.77568E-02 % Pu241
0.00000E+00 1.36335E-11 2.99920E-06 4.79123E-05 % Pu242
0.00000E+00 2.94779E-09 6.30921E-04 9.85315E-03 % Am241
0.00000E+00 3.84999E-12 3.77425E-05 1.32894E-03 % Am244
0.00000E+00 9.19969E-16 8.23035E-09 2.90926E-07 % Am245
0.00000E+00 0.00000E+00 0.00000E+00 0.00000E+00 % lost data
5.04970E-03 1.20054E+06 1.23305E+06 1.22872E+06 % total
];

MAT_uco_SF = [
0.00000E+00 0.00000E+00 0.00000E+00 0.00000E+00 % H3
0.00000E+00 0.00000E+00 0.00000E+00 0.00000E+00 % Xe135
3.06927E-01 3.06180E-01 2.93849E-01 2.80542E-01 % U235
1.51397E+05 1.51376E+05 1.51026E+05 1.50623E+05 % U238
0.00000E+00 1.51491E-03 3.09316E+01 2.94650E+02 % Pu238
0.00000E+00 9.91416E-02 3.28079E+00 6.20366E+00 % Pu239
0.00000E+00 1.75613E+01 9.64709E+03 3.51277E+04 % Pu240
0.00000E+00 0.00000E+00 0.00000E+00 0.00000E+00 % Pu241
0.00000E+00 9.39404E-05 2.06657E+01 3.30136E+02 % Pu242
0.00000E+00 1.41376E-08 3.02590E-03 4.72556E-02 % Am241
0.00000E+00 0.00000E+00 0.00000E+00 0.00000E+00 % Am244
0.00000E+00 0.00000E+00 0.00000E+00 0.00000E+00 % Am245
0.00000E+00 0.00000E+00 0.00000E+00 0.00000E+00 % lost data
1.51397E+05 1.51394E+05 1.61754E+05 2.19658E+05 % total
];

MAT_uco_ING_TOX = [
0.00000E+00 2.33820E-04 3.76337E-03 6.90565E-03 % H3
0.00000E+00 4.97143E+09 5.00077E+09 4.99732E+09 % Xe135
2.00355E+02 1.99867E+02 1.91818E+02 1.83132E+02 % U235
1.24778E+02 1.24761E+02 1.24472E+02 1.24140E+02 % U238
0.00000E+00 1.87328E-01 3.82488E+03 3.64352E+04 % Pu238
0.00000E+00 7.99529E+03 2.64580E+05 5.00295E+05 % Pu239
0.00000E+00 7.70231E+01 4.23118E+04 1.54069E+05 % Pu240
0.00000E+00 3.20227E+00 3.55831E+04 2.67176E+05 % Pu241
0.00000E+00 4.09922E-06 9.01776E-01 1.44059E+01 % Pu242
0.00000E+00 6.57563E-04 1.40739E+02 2.19794E+03 % Am241
0.00000E+00 9.96972E-09 9.77359E-02 3.44135E+00 % Am244
0.00000E+00 1.13051E-12 1.01139E-05 3.57507E-04 % Am245
0.00000E+00 0.00000E+00 0.00000E+00 0.00000E+00 % lost data
3.25133E+02 4.61357E+10 6.16564E+10 6.16349E+10 % total
];

MAT_uco_INH_TOX = [
0.00000E+00 1.44746E-03 2.32970E-02 4.27493E-02 % H3
0.00000E+00 2.60408E+09 2.61945E+09 2.61764E+09 % Xe135
3.62344E+04 3.61462E+04 3.46905E+04 3.31195E+04 % U235
2.21827E+04 2.21797E+04 2.21283E+04 2.20693E+04 % U238
0.00000E+00 8.95916E+01 1.82929E+06 1.74255E+07 % Pu238
0.00000E+00 3.83774E+06 1.26998E+08 2.40142E+08 % Pu239
0.00000E+00 3.69711E+04 2.03097E+07 7.39530E+07 % Pu240
0.00000E+00 1.53442E+03 1.70502E+07 1.28022E+08 % Pu241
0.00000E+00 1.87881E-03 4.13314E+02 6.60271E+03 % Pu242
0.00000E+00 3.15630E-01 6.75549E+04 1.05501E+06 % Am241
0.00000E+00 8.01912E-08 7.86137E-01 2.76804E+01 % Am244
0.00000E+00 1.02111E-12 9.13517E-06 3.22909E-04 % Am245
0.00000E+00 0.00000E+00 0.00000E+00 0.00000E+00 % lost data
5.84171E+04 4.46233E+10 5.95440E+10 6.13916E+10 % total
];

TOT_VOLUME = [ 2.80295E+04 2.80295E+04 2.80295E+04 2.80295E+04 ];

TOT_BURNUP = [ 0.00000E+00 3.61991E-01 6.44338E+00 1.32487E+01 ];

TOT_ADENS = [
0.00000E+00 1.11406E-13 1.79309E-12 3.29025E-12 % H3
0.00000E+00 4.00932E-08 4.03298E-08 4.03019E-08 % Xe135
4.87458E-03 4.86272E-03 4.66688E-03 4.45554E-03 % U235
2.01233E-02 2.01206E-02 2.00740E-02 2.00205E-02 % U238
0.00000E+00 1.16021E-13 2.36893E-09 2.25661E-08 % Pu238
0.00000E+00 1.25243E-06 4.14454E-05 7.83694E-05 % Pu239
0.00000E+00 3.28332E-09 1.80366E-06 6.56760E-06 % Pu240
0.00000E+00 1.54851E-11 1.72067E-07 1.29197E-06 % Pu241
0.00000E+00 1.04035E-14 2.28865E-09 3.65612E-08 % Pu242
0.00000E+00 2.31024E-15 4.94464E-10 7.72209E-09 % Am241
0.00000E+00 4.05610E-23 3.97631E-16 1.40008E-14 % Am244
0.00000E+00 6.92627E-27 6.19647E-20 2.19032E-18 % Am245
0.00000E+00 7.65273E-08 1.36752E-06 2.82064E-06 % lost data
7.04699E-02 7.04792E-02 7.06355E-02 7.08102E-02 % total
];

