
DET1001 = [
    1    1    1    1    1    1    1    1    1    1  4.40686E+18 0.00463 
    2    2    1    1    1    1    1    1    1    1  1.96346E+18 0.00527 
    3    3    1    1    1    1    1    1    1    1  3.31943E+17 0.01013 
];


DET1001E = [
 1.00000E-09  6.25000E-07  3.13000E-07
 6.25000E-07  1.00000E-01  5.00003E-02
 1.00000E-01  2.00000E+01  1.00500E+01
];

DET1002 = [
    1    1    1    1    1    1    1    1    1    1  8.62529E+16 0.01009 
    2    2    1    1    1    1    1    1    1    1  3.30039E+17 0.00561 
    3    3    1    1    1    1    1    1    1    1  1.87321E+17 0.00666 
];


DET1002E = [
 1.00000E-09  6.25000E-07  3.13000E-07
 6.25000E-07  1.00000E-01  5.00003E-02
 1.00000E-01  2.00000E+01  1.00500E+01
];
