
DET1001 = [
    1    1    1    1    1    1    1    1    1    1  4.48947E+18 0.00456 
    2    2    1    1    1    1    1    1    1    1  2.01177E+18 0.00510 
    3    3    1    1    1    1    1    1    1    1  3.37678E+17 0.00998 
];


DET1001E = [
 1.00000E-09  6.25000E-07  3.13000E-07
 6.25000E-07  1.00000E-01  5.00003E-02
 1.00000E-01  2.00000E+01  1.00500E+01
];

DET1002 = [
    1    1    1    1    1    1    1    1    1    1  8.56542E+16 0.00966 
    2    2    1    1    1    1    1    1    1    1  3.42566E+17 0.00539 
    3    3    1    1    1    1    1    1    1    1  1.95374E+17 0.00635 
];


DET1002E = [
 1.00000E-09  6.25000E-07  3.13000E-07
 6.25000E-07  1.00000E-01  5.00003E-02
 1.00000E-01  2.00000E+01  1.00500E+01
];
