
DET1001 = [
    1    1    1    1    1    1    1    1    1    1  4.29466E+18 0.00497 
    2    2    1    1    1    1    1    1    1    1  1.78996E+18 0.00577 
    3    3    1    1    1    1    1    1    1    1  1.68541E+17 0.01211 
];


DET1001E = [
 1.00000E-09  6.25000E-07  3.13000E-07
 6.25000E-07  1.00000E-01  5.00003E-02
 1.00000E-01  2.00000E+01  1.00500E+01
];

DET1002 = [
    1    1    1    1    1    1    1    1    1    1  1.14004E+17 0.00866 
    2    2    1    1    1    1    1    1    1    1  3.80328E+17 0.00487 
    3    3    1    1    1    1    1    1    1    1  1.83208E+17 0.00624 
];


DET1002E = [
 1.00000E-09  6.25000E-07  3.13000E-07
 6.25000E-07  1.00000E-01  5.00003E-02
 1.00000E-01  2.00000E+01  1.00500E+01
];
