
DET1001 = [
    1    1    1    1    1    1    1    1    1    1  4.18595E+18 0.00487 
    2    2    1    1    1    1    1    1    1    1  1.75129E+18 0.00582 
    3    3    1    1    1    1    1    1    1    1  1.61512E+17 0.01175 
];


DET1001E = [
 1.00000E-09  6.25000E-07  3.13000E-07
 6.25000E-07  1.00000E-01  5.00003E-02
 1.00000E-01  2.00000E+01  1.00500E+01
];

DET1002 = [
    1    1    1    1    1    1    1    1    1    1  1.15452E+17 0.00813 
    2    2    1    1    1    1    1    1    1    1  3.70032E+17 0.00500 
    3    3    1    1    1    1    1    1    1    1  1.77485E+17 0.00600 
];


DET1002E = [
 1.00000E-09  6.25000E-07  3.13000E-07
 6.25000E-07  1.00000E-01  5.00003E-02
 1.00000E-01  2.00000E+01  1.00500E+01
];
