
DET1001 = [
    1    1    1    1    1    1    1    1    1    1  4.06523E+18 0.00496 
    2    2    1    1    1    1    1    1    1    1  1.66295E+18 0.00634 
    3    3    1    1    1    1    1    1    1    1  1.50136E+17 0.01140 
];


DET1001E = [
 1.00000E-09  6.25000E-07  3.13000E-07
 6.25000E-07  1.00000E-01  5.00003E-02
 1.00000E-01  2.00000E+01  1.00500E+01
];

DET1002 = [
    1    1    1    1    1    1    1    1    1    1  1.15785E+17 0.00799 
    2    2    1    1    1    1    1    1    1    1  3.54355E+17 0.00480 
    3    3    1    1    1    1    1    1    1    1  1.68511E+17 0.00641 
];


DET1002E = [
 1.00000E-09  6.25000E-07  3.13000E-07
 6.25000E-07  1.00000E-01  5.00003E-02
 1.00000E-01  2.00000E+01  1.00500E+01
];
