
ZAI = [
10030
541350
922350
922380
942380
942390
942400
942410
942420
952410
952440
952450
666
0
];

NAMES = [
'H3              '
'Xe135           '
'U235            '
'U238            '
'Pu238           '
'Pu239           '
'Pu240           '
'Pu241           '
'Pu242           '
'Am241           '
'Am244           '
'Am245           '
'lost            '
'total           '
];

i10030  = 1; iH3               = 1;
i541350 = 2; iXe135            = 2;
i922350 = 3; iU235             = 3;
i922380 = 4; iU238             = 4;
i942380 = 5; iPu238            = 5;
i942390 = 6; iPu239            = 6;
i942400 = 7; iPu240            = 7;
i942410 = 8; iPu241            = 8;
i942420 = 9; iPu242            = 9;
i952410 = 10; iAm241            = 10;
i952440 = 11; iAm244            = 11;
i952450 = 12; iAm245            = 12;
iLOST    = 13;
iTOT     = 14;

MAT_uco_VOLUME = [ 2.80295E+04 2.80295E+04 2.80295E+04 2.80295E+04 ];

MAT_uco_BURNUP = [ 0.00000E+00 3.61965E-01 6.44301E+00 1.32481E+01 ];

MAT_uco_ADENS = [
0.00000E+00 1.09422E-13 1.68745E-12 2.98647E-12 % H3
0.00000E+00 3.46826E-08 3.50768E-08 3.50848E-08 % Xe135
3.74777E-03 3.73601E-03 3.54353E-03 3.33891E-03 % U235
2.12374E-02 2.12343E-02 2.11812E-02 2.11199E-02 % U238
0.00000E+00 1.32486E-13 2.80904E-09 2.65422E-08 % Pu238
0.00000E+00 1.42395E-06 4.58697E-05 8.43475E-05 % Pu239
0.00000E+00 4.65734E-09 2.56016E-06 9.04913E-06 % Pu240
0.00000E+00 2.43325E-11 2.66356E-07 1.92099E-06 % Pu241
0.00000E+00 2.02918E-14 4.40650E-09 6.81182E-08 % Pu242
0.00000E+00 3.60756E-15 7.64127E-10 1.14750E-08 % Am241
0.00000E+00 8.83501E-23 8.54609E-16 3.01031E-14 % Am244
0.00000E+00 1.80594E-26 1.57414E-19 5.57201E-18 % Am245
0.00000E+00 7.64933E-08 1.36976E-06 2.82855E-06 % lost data
7.04339E-02 7.04432E-02 7.05997E-02 7.07744E-02 % total
];

MAT_uco_MDENS = [
0.00000E+00 5.47926E-13 8.44980E-12 1.49545E-11 % H3
0.00000E+00 7.76966E-06 7.85796E-06 7.85976E-06 % Xe135
1.46278E+00 1.45819E+00 1.38306E+00 1.30320E+00 % U235
8.39511E+00 8.39389E+00 8.37289E+00 8.34866E+00 % U238
0.00000E+00 5.23711E-11 1.11041E-06 1.04920E-05 % Pu238
0.00000E+00 5.65252E-04 1.82085E-02 3.34828E-02 % Pu239
0.00000E+00 1.85653E-06 1.02055E-03 3.60722E-03 % Pu240
0.00000E+00 9.73974E-09 1.06616E-04 7.68931E-04 % Pu241
0.00000E+00 8.15636E-12 1.77121E-06 2.73804E-05 % Pu242
0.00000E+00 1.44407E-12 3.05873E-07 4.59335E-06 % Am241
0.00000E+00 3.58070E-20 3.46361E-13 1.22003E-11 % Am244
0.00000E+00 7.34927E-24 6.40596E-17 2.26752E-15 % Am245
0.00000E+00 0.00000E+00 0.00000E+00 0.00000E+00 % lost data
1.10000E+01 1.09999E+01 1.09991E+01 1.09981E+01 % total
];

MAT_uco_A = [
0.00000E+00 5.46805E+06 8.43251E+07 1.49239E+08 % H3
0.00000E+00 2.04788E+16 2.07115E+16 2.07162E+16 % Xe135
3.27746E+09 3.26718E+09 3.09885E+09 2.91991E+09 % U235
2.92634E+09 2.92592E+09 2.91860E+09 2.91015E+09 % U238
0.00000E+00 9.30049E+05 1.97195E+10 1.86326E+11 % Pu238
0.00000E+00 3.63608E+10 1.17129E+12 2.15383E+12 % Pu239
0.00000E+00 4.37024E+08 2.40234E+11 8.49130E+11 % Pu240
0.00000E+00 1.04831E+09 1.14754E+13 8.27619E+13 % Pu241
0.00000E+00 3.33142E+01 7.23441E+06 1.11834E+08 % Pu242
0.00000E+00 5.13410E+03 1.08747E+09 1.63307E+10 % Am241
0.00000E+00 4.72089E+01 4.56651E+08 1.60853E+10 % Am244
0.00000E+00 4.75432E-02 4.14408E+05 1.46688E+07 % Am245
0.00000E+00 0.00000E+00 0.00000E+00 0.00000E+00 % lost data
6.20380E+09 3.38010E+18 3.75679E+18 3.80665E+18 % total
];

MAT_uco_H = [
0.00000E+00 4.98488E-09 7.68740E-08 1.36052E-07 % H3
0.00000E+00 1.84619E+03 1.86717E+03 1.86760E+03 % Xe135
2.42213E-03 2.41453E-03 2.29013E-03 2.15789E-03 % U235
2.00447E-03 2.00418E-03 1.99916E-03 1.99338E-03 % U238
0.00000E+00 8.32753E-07 1.76566E-02 1.66834E-01 % Pu238
0.00000E+00 3.05338E-02 9.83587E-01 1.80867E+00 % Pu239
0.00000E+00 3.67673E-04 2.02111E-01 7.14382E-01 % Pu240
0.00000E+00 8.99435E-07 9.84566E-03 7.10083E-02 % Pu241
0.00000E+00 2.65917E-11 5.77458E-06 8.92667E-05 % Pu242
0.00000E+00 4.60314E-09 9.75003E-04 1.46418E-02 % Am241
0.00000E+00 8.38607E-12 8.11183E-05 2.85734E-03 % Am244
0.00000E+00 2.39871E-15 2.09083E-08 7.40092E-07 % Am245
0.00000E+00 0.00000E+00 0.00000E+00 0.00000E+00 % lost data
4.42660E-03 1.20304E+06 1.23587E+06 1.22689E+06 % total
];

MAT_uco_SF = [
0.00000E+00 0.00000E+00 0.00000E+00 0.00000E+00 % H3
0.00000E+00 0.00000E+00 0.00000E+00 0.00000E+00 % Xe135
2.35977E-01 2.35237E-01 2.23117E-01 2.10233E-01 % U235
1.59778E+05 1.59755E+05 1.59355E+05 1.58894E+05 % U238
0.00000E+00 1.72989E-03 3.66782E+01 3.46566E+02 % Pu238
0.00000E+00 1.12718E-01 3.63101E+00 6.67688E+00 % Pu239
0.00000E+00 2.49104E+01 1.36933E+04 4.84004E+04 % Pu240
0.00000E+00 0.00000E+00 0.00000E+00 0.00000E+00 % Pu241
0.00000E+00 1.83228E-04 3.97893E+01 6.15084E+02 % Pu242
0.00000E+00 2.20766E-08 4.67611E-03 7.02220E-02 % Am241
0.00000E+00 0.00000E+00 0.00000E+00 0.00000E+00 % Am244
0.00000E+00 0.00000E+00 0.00000E+00 0.00000E+00 % Am245
0.00000E+00 0.00000E+00 0.00000E+00 0.00000E+00 % lost data
1.59779E+05 1.59780E+05 1.75033E+05 2.68135E+05 % total
];

MAT_uco_ING_TOX = [
0.00000E+00 2.29658E-04 3.54165E-03 6.26805E-03 % H3
0.00000E+00 4.30054E+09 4.34941E+09 4.35041E+09 % Xe135
1.54041E+02 1.53557E+02 1.45646E+02 1.37236E+02 % U235
1.31685E+02 1.31666E+02 1.31337E+02 1.30957E+02 % U238
0.00000E+00 2.13911E-01 4.53548E+03 4.28550E+04 % Pu238
0.00000E+00 9.09020E+03 2.92823E+05 5.38458E+05 % Pu239
0.00000E+00 1.09256E+02 6.00585E+04 2.12282E+05 % Pu240
0.00000E+00 5.03190E+00 5.50817E+04 3.97257E+05 % Pu241
0.00000E+00 7.99540E-06 1.73626E+00 2.68401E+01 % Pu242
0.00000E+00 1.02682E-03 2.17493E+02 3.26614E+03 % Am241
0.00000E+00 2.17161E-08 2.10059E-01 7.39922E+00 % Am244
0.00000E+00 2.94768E-12 2.56933E-05 9.09469E-04 % Am245
0.00000E+00 0.00000E+00 0.00000E+00 0.00000E+00 % lost data
2.85726E+02 4.54685E+10 6.11701E+10 6.10637E+10 % total
];

MAT_uco_INH_TOX = [
0.00000E+00 1.42169E-03 2.19245E-02 3.88022E-02 % H3
0.00000E+00 2.25266E+09 2.27826E+09 2.27879E+09 % Xe135
2.78584E+04 2.77710E+04 2.63402E+04 2.48192E+04 % U235
2.34107E+04 2.34074E+04 2.33488E+04 2.32812E+04 % U238
0.00000E+00 1.02305E+02 2.16914E+06 2.04959E+07 % Pu238
0.00000E+00 4.36330E+06 1.40555E+08 2.58460E+08 % Pu239
0.00000E+00 5.24428E+04 2.88281E+07 1.01896E+08 % Pu240
0.00000E+00 2.41112E+03 2.63933E+07 1.90352E+08 % Pu241
0.00000E+00 3.66456E-03 7.95785E+02 1.23017E+04 % Pu242
0.00000E+00 4.92873E-01 1.04397E+05 1.56775E+06 % Am241
0.00000E+00 1.74673E-07 1.68961E+00 5.95154E+01 % Am244
0.00000E+00 2.66242E-12 2.32069E-05 8.21455E-04 % Am245
0.00000E+00 0.00000E+00 0.00000E+00 0.00000E+00 % lost data
5.12692E+04 4.42761E+10 5.94593E+10 6.13409E+10 % total
];

TOT_VOLUME = [ 2.80295E+04 2.80295E+04 2.80295E+04 2.80295E+04 ];

TOT_BURNUP = [ 0.00000E+00 3.61965E-01 6.44301E+00 1.32481E+01 ];

TOT_ADENS = [
0.00000E+00 1.09422E-13 1.68745E-12 2.98647E-12 % H3
0.00000E+00 3.46826E-08 3.50768E-08 3.50848E-08 % Xe135
3.74777E-03 3.73601E-03 3.54353E-03 3.33891E-03 % U235
2.12374E-02 2.12343E-02 2.11812E-02 2.11199E-02 % U238
0.00000E+00 1.32486E-13 2.80904E-09 2.65422E-08 % Pu238
0.00000E+00 1.42395E-06 4.58697E-05 8.43475E-05 % Pu239
0.00000E+00 4.65734E-09 2.56016E-06 9.04913E-06 % Pu240
0.00000E+00 2.43325E-11 2.66356E-07 1.92099E-06 % Pu241
0.00000E+00 2.02918E-14 4.40650E-09 6.81182E-08 % Pu242
0.00000E+00 3.60756E-15 7.64127E-10 1.14750E-08 % Am241
0.00000E+00 8.83501E-23 8.54609E-16 3.01031E-14 % Am244
0.00000E+00 1.80594E-26 1.57414E-19 5.57201E-18 % Am245
0.00000E+00 7.64933E-08 1.36976E-06 2.82855E-06 % lost data
7.04339E-02 7.04432E-02 7.05997E-02 7.07744E-02 % total
];

