
DET1001 = [
    1    1    1    1    1    1    1    1    1    1  4.11518E+18 0.00503 
    2    2    1    1    1    1    1    1    1    1  1.71255E+18 0.00612 
    3    3    1    1    1    1    1    1    1    1  1.59120E+17 0.01131 
];


DET1001E = [
 1.00000E-09  6.25000E-07  3.13000E-07
 6.25000E-07  1.00000E-01  5.00003E-02
 1.00000E-01  2.00000E+01  1.00500E+01
];

DET1002 = [
    1    1    1    1    1    1    1    1    1    1  1.17057E+17 0.00821 
    2    2    1    1    1    1    1    1    1    1  3.61775E+17 0.00484 
    3    3    1    1    1    1    1    1    1    1  1.72385E+17 0.00624 
];


DET1002E = [
 1.00000E-09  6.25000E-07  3.13000E-07
 6.25000E-07  1.00000E-01  5.00003E-02
 1.00000E-01  2.00000E+01  1.00500E+01
];
