
DET1001 = [
    1    1    1    1    1    1    1    1    1    1  5.93115E+18 0.00460 
    2    2    1    1    1    1    1    1    1    1  2.08282E+18 0.00579 
    3    3    1    1    1    1    1    1    1    1  2.12288E+17 0.01109 
];


DET1001E = [
 1.00000E-09  6.25000E-07  3.13000E-07
 6.25000E-07  1.00000E-01  5.00003E-02
 1.00000E-01  2.00000E+01  1.00500E+01
];

DET1002 = [
    1    1    1    1    1    1    1    1    1    1  2.11849E+17 0.00696 
    2    2    1    1    1    1    1    1    1    1  4.42416E+17 0.00481 
    3    3    1    1    1    1    1    1    1    1  2.06637E+17 0.00620 
];


DET1002E = [
 1.00000E-09  6.25000E-07  3.13000E-07
 6.25000E-07  1.00000E-01  5.00003E-02
 1.00000E-01  2.00000E+01  1.00500E+01
];
