
DET1001 = [
    1    1    1    1    1    1    1    1    1    1  5.67781E+18 0.00424 
    2    2    1    1    1    1    1    1    1    1  1.97970E+18 0.00569 
    3    3    1    1    1    1    1    1    1    1  2.03019E+17 0.01130 
];


DET1001E = [
 1.00000E-09  6.25000E-07  3.13000E-07
 6.25000E-07  1.00000E-01  5.00003E-02
 1.00000E-01  2.00000E+01  1.00500E+01
];

DET1002 = [
    1    1    1    1    1    1    1    1    1    1  2.09752E+17 0.00646 
    2    2    1    1    1    1    1    1    1    1  4.02621E+17 0.00504 
    3    3    1    1    1    1    1    1    1    1  1.85778E+17 0.00643 
];


DET1002E = [
 1.00000E-09  6.25000E-07  3.13000E-07
 6.25000E-07  1.00000E-01  5.00003E-02
 1.00000E-01  2.00000E+01  1.00500E+01
];
