
DET1001 = [
    1    1    1    1    1    1    1    1    1    1  5.79460E+18 0.00452 
    2    2    1    1    1    1    1    1    1    1  2.08022E+18 0.00565 
    3    3    1    1    1    1    1    1    1    1  2.12299E+17 0.01140 
];


DET1001E = [
 1.00000E-09  6.25000E-07  3.13000E-07
 6.25000E-07  1.00000E-01  5.00003E-02
 1.00000E-01  2.00000E+01  1.00500E+01
];

DET1002 = [
    1    1    1    1    1    1    1    1    1    1  2.09715E+17 0.00665 
    2    2    1    1    1    1    1    1    1    1  4.27030E+17 0.00518 
    3    3    1    1    1    1    1    1    1    1  1.98148E+17 0.00657 
];


DET1002E = [
 1.00000E-09  6.25000E-07  3.13000E-07
 6.25000E-07  1.00000E-01  5.00003E-02
 1.00000E-01  2.00000E+01  1.00500E+01
];
