
ZAI = [
10030
541350
922350
922380
942380
942390
942400
942410
942420
952410
952440
952450
666
0
];

NAMES = [
'H3              '
'Xe135           '
'U235            '
'U238            '
'Pu238           '
'Pu239           '
'Pu240           '
'Pu241           '
'Pu242           '
'Am241           '
'Am244           '
'Am245           '
'lost            '
'total           '
];

i10030  = 1; iH3               = 1;
i541350 = 2; iXe135            = 2;
i922350 = 3; iU235             = 3;
i922380 = 4; iU238             = 4;
i942380 = 5; iPu238            = 5;
i942390 = 6; iPu239            = 6;
i942400 = 7; iPu240            = 7;
i942410 = 8; iPu241            = 8;
i942420 = 9; iPu242            = 9;
i952410 = 10; iAm241            = 10;
i952440 = 11; iAm244            = 11;
i952450 = 12; iAm245            = 12;
iLOST    = 13;
iTOT     = 14;

MAT_uco_VOLUME = [ 2.43398E+04 2.43398E+04 2.43398E+04 2.43398E+04 ];

MAT_uco_BURNUP = [ 0.00000E+00 4.16837E-01 7.41973E+00 1.52563E+01 ];

MAT_uco_ADENS = [
0.00000E+00 8.65396E-14 1.31537E-12 2.26840E-12 % H3
0.00000E+00 3.52680E-08 3.54505E-08 3.51673E-08 % Xe135
3.74777E-03 3.73437E-03 3.51542E-03 3.28292E-03 % U235
2.12374E-02 2.12342E-02 2.11801E-02 2.11178E-02 % U238
0.00000E+00 1.08984E-13 2.60320E-09 2.51442E-08 % Pu238
0.00000E+00 1.45561E-06 4.57129E-05 8.18222E-05 % Pu239
0.00000E+00 5.31823E-09 3.03500E-06 1.06872E-05 % Pu240
0.00000E+00 2.52273E-11 2.90623E-07 2.08475E-06 % Pu241
0.00000E+00 2.46396E-14 5.72337E-09 8.93968E-08 % Pu242
0.00000E+00 3.70211E-15 8.31451E-10 1.23570E-08 % Am241
0.00000E+00 8.50107E-23 8.95229E-16 3.23448E-14 % Am244
0.00000E+00 2.01168E-26 1.90645E-19 6.96441E-18 % Am245
0.00000E+00 8.80624E-08 1.57699E-06 3.25648E-06 % lost data
7.04339E-02 7.04447E-02 7.06247E-02 7.08259E-02 % total
];

MAT_uco_MDENS = [
0.00000E+00 4.33342E-13 6.58662E-12 1.13589E-11 % H3
0.00000E+00 7.90079E-06 7.94168E-06 7.87823E-06 % Xe135
1.46278E+00 1.45755E+00 1.37209E+00 1.28134E+00 % U235
8.39511E+00 8.39387E+00 8.37249E+00 8.34784E+00 % U238
0.00000E+00 4.30808E-11 1.02904E-06 9.93941E-06 % Pu238
0.00000E+00 5.77820E-04 1.81463E-02 3.24803E-02 % Pu239
0.00000E+00 2.11998E-06 1.20983E-03 4.26021E-03 % Pu240
0.00000E+00 1.00979E-08 1.16330E-04 8.34478E-04 % Pu241
0.00000E+00 9.90400E-12 2.30053E-06 3.59334E-05 % Pu242
0.00000E+00 1.48192E-12 3.32822E-07 4.94639E-06 % Am241
0.00000E+00 3.44536E-20 3.62823E-13 1.31089E-11 % Am244
0.00000E+00 8.18653E-24 7.75828E-17 2.83416E-15 % Am245
0.00000E+00 0.00000E+00 0.00000E+00 0.00000E+00 % lost data
1.10000E+01 1.09999E+01 1.09989E+01 1.09978E+01 % total
];

MAT_uco_A = [
0.00000E+00 3.75528E+06 5.70787E+07 9.84345E+07 % H3
0.00000E+00 1.80831E+16 1.81767E+16 1.80315E+16 % Xe135
2.84602E+09 2.83585E+09 2.66958E+09 2.49302E+09 % U235
2.54113E+09 2.54075E+09 2.53428E+09 2.52682E+09 % U238
0.00000E+00 6.64353E+05 1.58689E+10 1.53277E+11 % Pu238
0.00000E+00 3.22764E+10 1.01363E+12 1.81431E+12 % Pu239
0.00000E+00 4.33347E+08 2.47302E+11 8.70831E+11 % Pu240
0.00000E+00 9.43792E+08 1.08727E+13 7.79937E+13 % Pu241
0.00000E+00 3.51273E+01 8.15947E+06 1.27448E+08 % Pu242
0.00000E+00 4.57510E+03 1.02752E+09 1.52709E+10 % Am241
0.00000E+00 3.94450E+01 4.15386E+08 1.50080E+10 % Am244
0.00000E+00 4.59881E-02 4.35824E+05 1.59210E+07 % Am245
0.00000E+00 0.00000E+00 0.00000E+00 0.00000E+00 % lost data
5.38715E+09 3.33737E+18 3.69544E+18 3.73804E+18 % total
];

MAT_uco_H = [
0.00000E+00 3.42345E-09 5.20351E-08 8.97367E-08 % H3
0.00000E+00 1.63022E+03 1.63866E+03 1.62557E+03 % Xe135
2.10329E-03 2.09577E-03 1.97289E-03 1.84241E-03 % U235
1.74061E-03 1.74035E-03 1.73592E-03 1.73081E-03 % U238
0.00000E+00 5.94853E-07 1.42088E-02 1.37242E-01 % Pu238
0.00000E+00 2.71039E-02 8.51190E-01 1.52356E+00 % Pu239
0.00000E+00 3.64579E-04 2.08058E-01 7.32640E-01 % Pu240
0.00000E+00 8.09758E-07 9.32856E-03 6.69173E-02 % Pu241
0.00000E+00 2.80390E-11 6.51298E-06 1.01730E-04 % Pu242
0.00000E+00 4.10195E-09 9.21251E-04 1.36916E-02 % Am241
0.00000E+00 7.00690E-12 7.37881E-05 2.66597E-03 % Am244
0.00000E+00 2.32025E-15 2.19888E-08 8.03266E-07 % Am245
0.00000E+00 0.00000E+00 0.00000E+00 0.00000E+00 % lost data
3.84389E-03 1.19932E+06 1.22718E+06 1.21622E+06 % total
];

MAT_uco_SF = [
0.00000E+00 0.00000E+00 0.00000E+00 0.00000E+00 % H3
0.00000E+00 0.00000E+00 0.00000E+00 0.00000E+00 % Xe135
2.04914E-01 2.04181E-01 1.92210E-01 1.79497E-01 % U235
1.38746E+05 1.38725E+05 1.38372E+05 1.37964E+05 % U238
0.00000E+00 1.23570E-03 2.95161E+01 2.85094E+02 % Pu238
0.00000E+00 1.00057E-01 3.14225E+00 5.62437E+00 % Pu239
0.00000E+00 2.47008E+01 1.40962E+04 4.96374E+04 % Pu240
0.00000E+00 0.00000E+00 0.00000E+00 0.00000E+00 % Pu241
0.00000E+00 1.93200E-04 4.48771E+01 7.00962E+02 % Pu242
0.00000E+00 1.96729E-08 4.41832E-03 6.56649E-02 % Am241
0.00000E+00 0.00000E+00 0.00000E+00 0.00000E+00 % Am244
0.00000E+00 0.00000E+00 0.00000E+00 0.00000E+00 % Am245
0.00000E+00 0.00000E+00 0.00000E+00 0.00000E+00 % lost data
1.38746E+05 1.38750E+05 1.54567E+05 2.52092E+05 % total
];

MAT_uco_ING_TOX = [
0.00000E+00 1.57722E-04 2.39731E-03 4.13425E-03 % H3
0.00000E+00 3.79745E+09 3.81711E+09 3.78661E+09 % Xe135
1.33763E+02 1.33285E+02 1.25470E+02 1.17172E+02 % U235
1.14351E+02 1.14334E+02 1.14043E+02 1.13707E+02 % U238
0.00000E+00 1.52801E-01 3.64984E+03 3.52536E+04 % Pu238
0.00000E+00 8.06909E+03 2.53407E+05 4.53578E+05 % Pu239
0.00000E+00 1.08337E+02 6.18255E+04 2.17708E+05 % Pu240
0.00000E+00 4.53020E+00 5.21888E+04 3.74370E+05 % Pu241
0.00000E+00 8.43055E-06 1.95827E+00 3.05874E+01 % Pu242
0.00000E+00 9.15020E-04 2.05503E+02 3.05418E+03 % Am241
0.00000E+00 1.81447E-08 1.91078E-01 6.90366E+00 % Am244
0.00000E+00 2.85126E-12 2.70211E-05 9.87101E-04 % Am245
0.00000E+00 0.00000E+00 0.00000E+00 0.00000E+00 % lost data
2.48114E+02 4.49219E+10 6.03996E+10 6.01708E+10 % total
];

MAT_uco_INH_TOX = [
0.00000E+00 9.76372E-04 1.48405E-02 2.55930E-02 % H3
0.00000E+00 1.98914E+09 1.99944E+09 1.98346E+09 % Xe135
2.41912E+04 2.41047E+04 2.26914E+04 2.11907E+04 % U235
2.03290E+04 2.03260E+04 2.02742E+04 2.02146E+04 % U238
0.00000E+00 7.30789E+01 1.74558E+06 1.68604E+07 % Pu238
0.00000E+00 3.87316E+06 1.21636E+08 2.17717E+08 % Pu239
0.00000E+00 5.20016E+04 2.96763E+07 1.04500E+08 % Pu240
0.00000E+00 2.17072E+03 2.50071E+07 1.79385E+08 % Pu241
0.00000E+00 3.86400E-03 8.97542E+02 1.40192E+04 % Pu242
0.00000E+00 4.39210E-01 9.86415E+04 1.46601E+06 % Am241
0.00000E+00 1.45946E-07 1.53693E+00 5.55294E+01 % Am244
0.00000E+00 2.57533E-12 2.44061E-05 8.91575E-04 % Am245
0.00000E+00 0.00000E+00 0.00000E+00 0.00000E+00 % lost data
4.45202E+04 4.39458E+10 5.89078E+10 6.06485E+10 % total
];

TOT_VOLUME = [ 2.43398E+04 2.43398E+04 2.43398E+04 2.43398E+04 ];

TOT_BURNUP = [ 0.00000E+00 4.16837E-01 7.41973E+00 1.52563E+01 ];

TOT_ADENS = [
0.00000E+00 8.65396E-14 1.31537E-12 2.26840E-12 % H3
0.00000E+00 3.52680E-08 3.54505E-08 3.51673E-08 % Xe135
3.74777E-03 3.73437E-03 3.51542E-03 3.28292E-03 % U235
2.12374E-02 2.12342E-02 2.11801E-02 2.11178E-02 % U238
0.00000E+00 1.08984E-13 2.60320E-09 2.51442E-08 % Pu238
0.00000E+00 1.45561E-06 4.57129E-05 8.18222E-05 % Pu239
0.00000E+00 5.31823E-09 3.03500E-06 1.06872E-05 % Pu240
0.00000E+00 2.52273E-11 2.90623E-07 2.08475E-06 % Pu241
0.00000E+00 2.46396E-14 5.72337E-09 8.93968E-08 % Pu242
0.00000E+00 3.70211E-15 8.31451E-10 1.23570E-08 % Am241
0.00000E+00 8.50107E-23 8.95229E-16 3.23448E-14 % Am244
0.00000E+00 2.01168E-26 1.90645E-19 6.96441E-18 % Am245
0.00000E+00 8.80624E-08 1.57699E-06 3.25648E-06 % lost data
7.04339E-02 7.04447E-02 7.06247E-02 7.08259E-02 % total
];

