
DET1001 = [
    1    1    1    1    1    1    1    1    1    1  5.72539E+18 0.00423 
    2    2    1    1    1    1    1    1    1    1  2.02686E+18 0.00567 
    3    3    1    1    1    1    1    1    1    1  2.05212E+17 0.01116 
];


DET1001E = [
 1.00000E-09  6.25000E-07  3.13000E-07
 6.25000E-07  1.00000E-01  5.00003E-02
 1.00000E-01  2.00000E+01  1.00500E+01
];

DET1002 = [
    1    1    1    1    1    1    1    1    1    1  2.08414E+17 0.00672 
    2    2    1    1    1    1    1    1    1    1  4.13035E+17 0.00474 
    3    3    1    1    1    1    1    1    1    1  1.92491E+17 0.00601 
];


DET1002E = [
 1.00000E-09  6.25000E-07  3.13000E-07
 6.25000E-07  1.00000E-01  5.00003E-02
 1.00000E-01  2.00000E+01  1.00500E+01
];
