
ZAI = [
10030
541350
922350
922380
942380
942390
942400
942410
942420
952410
952440
952450
666
0
];

NAMES = [
'H3              '
'Xe135           '
'U235            '
'U238            '
'Pu238           '
'Pu239           '
'Pu240           '
'Pu241           '
'Pu242           '
'Am241           '
'Am244           '
'Am245           '
'lost            '
'total           '
];

i10030  = 1; iH3               = 1;
i541350 = 2; iXe135            = 2;
i922350 = 3; iU235             = 3;
i922380 = 4; iU238             = 4;
i942380 = 5; iPu238            = 5;
i942390 = 6; iPu239            = 6;
i942400 = 7; iPu240            = 7;
i942410 = 8; iPu241            = 8;
i942420 = 9; iPu242            = 9;
i952410 = 10; iAm241            = 10;
i952440 = 11; iAm244            = 11;
i952450 = 12; iAm245            = 12;
iLOST    = 13;
iTOT     = 14;

MAT_uco_VOLUME = [ 3.93127E+04 3.93127E+04 3.93127E+04 3.93127E+04 ];

MAT_uco_BURNUP = [ 0.00000E+00 2.58083E-01 4.59393E+00 9.44601E+00 ];

MAT_uco_ADENS = [
0.00000E+00 8.17777E-14 1.33980E-12 2.49692E-12 % H3
0.00000E+00 3.08533E-08 3.10644E-08 3.11452E-08 % Xe135
4.31104E-03 4.30259E-03 4.16302E-03 4.01183E-03 % U235
2.06805E-02 2.06784E-02 2.06423E-02 2.06011E-02 % U238
0.00000E+00 6.69219E-14 1.10743E-09 1.02309E-08 % Pu238
0.00000E+00 9.74267E-07 3.28212E-05 6.32169E-05 % Pu239
0.00000E+00 2.05363E-09 1.16965E-06 4.39018E-06 % Pu240
0.00000E+00 7.73483E-12 8.78357E-08 6.88609E-07 % Pu241
0.00000E+00 4.22696E-15 9.40306E-10 1.55966E-08 % Pu242
0.00000E+00 1.15204E-15 2.52351E-10 4.11675E-09 % Am241
0.00000E+00 1.01499E-23 9.80913E-17 3.62556E-15 % Am244
0.00000E+00 1.40775E-27 1.22975E-20 4.55822E-19 % Am245
0.00000E+00 5.45523E-08 9.74420E-07 2.00929E-06 % lost data
7.04520E-02 7.04586E-02 7.05700E-02 7.06946E-02 % total
];

MAT_uco_MDENS = [
0.00000E+00 4.09497E-13 6.70895E-12 1.25032E-11 % H3
0.00000E+00 6.91182E-06 6.95911E-06 6.97721E-06 % Xe135
1.68262E+00 1.67933E+00 1.62485E+00 1.56584E+00 % U235
8.17497E+00 8.17414E+00 8.15989E+00 8.14360E+00 % U238
0.00000E+00 2.64540E-11 4.37765E-07 4.04425E-06 % Pu238
0.00000E+00 3.86747E-04 1.30288E-02 2.50947E-02 % Pu239
0.00000E+00 8.18631E-07 4.66253E-04 1.75004E-03 % Pu240
0.00000E+00 3.09608E-09 3.51586E-05 2.75634E-04 % Pu241
0.00000E+00 1.69904E-12 3.77960E-07 6.26911E-06 % Pu242
0.00000E+00 4.61152E-13 1.01014E-07 1.64790E-06 % Am241
0.00000E+00 4.11362E-21 3.97550E-14 1.46939E-12 % Am244
0.00000E+00 5.72880E-25 5.00447E-18 1.85496E-16 % Am245
0.00000E+00 0.00000E+00 0.00000E+00 0.00000E+00 % lost data
1.10000E+01 1.10000E+01 1.09993E+01 1.09986E+01 % total
];

MAT_uco_A = [
0.00000E+00 5.73163E+06 9.39035E+07 1.75004E+08 % H3
0.00000E+00 2.55512E+16 2.57260E+16 2.57929E+16 % Xe135
5.28766E+09 5.27731E+09 5.10611E+09 4.92067E+09 % U235
3.99671E+09 3.99630E+09 3.98933E+09 3.98137E+09 % U238
0.00000E+00 6.58904E+05 1.09037E+10 1.00732E+11 % Pu238
0.00000E+00 3.48927E+10 1.17547E+12 2.26407E+12 % Pu239
0.00000E+00 2.70276E+08 1.53936E+11 5.77785E+11 % Pu240
0.00000E+00 4.67383E+08 5.30753E+12 4.16096E+13 % Pu241
0.00000E+00 9.73317E+00 2.16519E+06 3.59134E+07 % Pu242
0.00000E+00 2.29952E+03 5.03700E+08 8.21716E+09 % Am241
0.00000E+00 7.60671E+00 7.35130E+07 2.71712E+09 % Am244
0.00000E+00 5.19787E-03 4.54066E+04 1.68305E+06 % Am245
0.00000E+00 0.00000E+00 0.00000E+00 0.00000E+00 % lost data
9.28437E+09 3.37118E+18 3.74605E+18 3.80379E+18 % total
];

MAT_uco_H = [
0.00000E+00 5.22517E-09 8.56061E-08 1.59540E-07 % H3
0.00000E+00 2.30348E+03 2.31924E+03 2.32527E+03 % Xe135
3.90772E-03 3.90007E-03 3.77355E-03 3.63651E-03 % U235
2.73764E-03 2.73736E-03 2.73259E-03 2.72714E-03 % U238
0.00000E+00 5.89974E-07 9.76299E-03 9.01944E-02 % Pu238
0.00000E+00 2.93010E-02 9.87094E-01 1.90124E+00 % Pu239
0.00000E+00 2.27386E-04 1.29508E-01 4.86097E-01 % Pu240
0.00000E+00 4.01006E-07 4.55377E-03 3.57004E-02 % Pu241
0.00000E+00 7.76912E-12 1.72828E-06 2.86664E-05 % Pu242
0.00000E+00 2.06170E-09 4.51608E-04 7.36736E-03 % Am241
0.00000E+00 1.35124E-12 1.30587E-05 4.82663E-04 % Am244
0.00000E+00 2.62250E-16 2.29092E-09 8.49154E-08 % Am245
0.00000E+00 0.00000E+00 0.00000E+00 0.00000E+00 % lost data
6.64536E-03 1.20289E+06 1.23903E+06 1.23625E+06 % total
];

MAT_uco_SF = [
0.00000E+00 0.00000E+00 0.00000E+00 0.00000E+00 % H3
0.00000E+00 0.00000E+00 0.00000E+00 0.00000E+00 % Xe135
3.80712E-01 3.79966E-01 3.67640E-01 3.54288E-01 % U235
2.18220E+05 2.18198E+05 2.17818E+05 2.17383E+05 % U238
0.00000E+00 1.22556E-03 2.02808E+01 1.87362E+02 % Pu238
0.00000E+00 1.08167E-01 3.64395E+00 7.01862E+00 % Pu239
0.00000E+00 1.54057E+01 8.77437E+03 3.29338E+04 % Pu240
0.00000E+00 0.00000E+00 0.00000E+00 0.00000E+00 % Pu241
0.00000E+00 5.35324E-05 1.19085E+01 1.97523E+02 % Pu242
0.00000E+00 9.88792E-09 2.16591E-03 3.53338E-02 % Am241
0.00000E+00 0.00000E+00 0.00000E+00 0.00000E+00 % Am244
0.00000E+00 0.00000E+00 0.00000E+00 0.00000E+00 % Am245
0.00000E+00 0.00000E+00 0.00000E+00 0.00000E+00 % lost data
2.18221E+05 2.18214E+05 2.27215E+05 2.70312E+05 % total
];

MAT_uco_ING_TOX = [
0.00000E+00 2.40728E-04 3.94395E-03 7.35016E-03 % H3
0.00000E+00 5.36575E+09 5.40246E+09 5.41651E+09 % Xe135
2.48520E+02 2.48033E+02 2.39987E+02 2.31272E+02 % U235
1.79852E+02 1.79833E+02 1.79520E+02 1.79162E+02 % U238
0.00000E+00 1.51548E-01 2.50784E+03 2.31685E+04 % Pu238
0.00000E+00 8.72318E+03 2.93867E+05 5.66018E+05 % Pu239
0.00000E+00 6.75690E+01 3.84841E+04 1.44446E+05 % Pu240
0.00000E+00 2.24344E+00 2.54762E+04 1.99726E+05 % Pu241
0.00000E+00 2.33596E-06 5.19645E-01 8.61921E+00 % Pu242
0.00000E+00 4.59903E-04 1.00740E+02 1.64343E+03 % Am241
0.00000E+00 3.49909E-09 3.38160E-02 1.24988E+00 % Am244
0.00000E+00 3.22268E-13 2.81521E-06 1.04349E-04 % Am245
0.00000E+00 0.00000E+00 0.00000E+00 0.00000E+00 % lost data
4.28372E+02 4.65434E+10 6.21893E+10 6.22349E+10 % total
];

MAT_uco_INH_TOX = [
0.00000E+00 1.49022E-03 2.44149E-02 4.55010E-02 % H3
0.00000E+00 2.81063E+09 2.82986E+09 2.83722E+09 % Xe135
4.49451E+04 4.48571E+04 4.34020E+04 4.18257E+04 % U235
3.19737E+04 3.19704E+04 3.19147E+04 3.18510E+04 % U238
0.00000E+00 7.24795E+01 1.19940E+06 1.10806E+07 % Pu238
0.00000E+00 4.18713E+06 1.41056E+08 2.71689E+08 % Pu239
0.00000E+00 3.24331E+04 1.84724E+07 6.93342E+07 % Pu240
0.00000E+00 1.07498E+03 1.22073E+07 9.57022E+07 % Pu241
0.00000E+00 1.07065E-03 2.38171E+02 3.95047E+03 % Pu242
0.00000E+00 2.20754E-01 4.83552E+04 7.88848E+05 % Am241
0.00000E+00 2.81448E-08 2.71998E-01 1.00534E+01 % Am244
0.00000E+00 2.91081E-13 2.54277E-06 9.42507E-05 % Am245
0.00000E+00 0.00000E+00 0.00000E+00 0.00000E+00 % lost data
7.69188E+04 4.48455E+10 5.98769E+10 6.17540E+10 % total
];

TOT_VOLUME = [ 3.93127E+04 3.93127E+04 3.93127E+04 3.93127E+04 ];

TOT_BURNUP = [ 0.00000E+00 2.58083E-01 4.59393E+00 9.44601E+00 ];

TOT_ADENS = [
0.00000E+00 8.17777E-14 1.33980E-12 2.49692E-12 % H3
0.00000E+00 3.08533E-08 3.10644E-08 3.11452E-08 % Xe135
4.31104E-03 4.30259E-03 4.16302E-03 4.01183E-03 % U235
2.06805E-02 2.06784E-02 2.06423E-02 2.06011E-02 % U238
0.00000E+00 6.69219E-14 1.10743E-09 1.02309E-08 % Pu238
0.00000E+00 9.74267E-07 3.28212E-05 6.32169E-05 % Pu239
0.00000E+00 2.05363E-09 1.16965E-06 4.39018E-06 % Pu240
0.00000E+00 7.73483E-12 8.78357E-08 6.88609E-07 % Pu241
0.00000E+00 4.22696E-15 9.40306E-10 1.55966E-08 % Pu242
0.00000E+00 1.15204E-15 2.52351E-10 4.11675E-09 % Am241
0.00000E+00 1.01499E-23 9.80913E-17 3.62556E-15 % Am244
0.00000E+00 1.40775E-27 1.22975E-20 4.55822E-19 % Am245
0.00000E+00 5.45523E-08 9.74420E-07 2.00929E-06 % lost data
7.04520E-02 7.04586E-02 7.05700E-02 7.06946E-02 % total
];

