
DET1001 = [
    1    1    1    1    1    1    1    1    1    1  5.16023E+18 0.00467 
    2    2    1    1    1    1    1    1    1    1  2.31989E+18 0.00508 
    3    3    1    1    1    1    1    1    1    1  3.93008E+17 0.00937 
];


DET1001E = [
 1.00000E-09  6.25000E-07  3.13000E-07
 6.25000E-07  1.00000E-01  5.00003E-02
 1.00000E-01  2.00000E+01  1.00500E+01
];

DET1002 = [
    1    1    1    1    1    1    1    1    1    1  1.00101E+17 0.00956 
    2    2    1    1    1    1    1    1    1    1  3.83268E+17 0.00486 
    3    3    1    1    1    1    1    1    1    1  2.11845E+17 0.00635 
];


DET1002E = [
 1.00000E-09  6.25000E-07  3.13000E-07
 6.25000E-07  1.00000E-01  5.00003E-02
 1.00000E-01  2.00000E+01  1.00500E+01
];
