
DET1001 = [
    1    1    1    1    1    1    1    1    1    1  4.99397E+18 0.00434 
    2    2    1    1    1    1    1    1    1    1  2.23772E+18 0.00477 
    3    3    1    1    1    1    1    1    1    1  3.79910E+17 0.00869 
];


DET1001E = [
 1.00000E-09  6.25000E-07  3.13000E-07
 6.25000E-07  1.00000E-01  5.00003E-02
 1.00000E-01  2.00000E+01  1.00500E+01
];

DET1002 = [
    1    1    1    1    1    1    1    1    1    1  1.00835E+17 0.00904 
    2    2    1    1    1    1    1    1    1    1  3.60977E+17 0.00502 
    3    3    1    1    1    1    1    1    1    1  1.97572E+17 0.00647 
];


DET1002E = [
 1.00000E-09  6.25000E-07  3.13000E-07
 6.25000E-07  1.00000E-01  5.00003E-02
 1.00000E-01  2.00000E+01  1.00500E+01
];
