
DET1001 = [
    1    1    1    1    1    1    1    1    1    1  4.33705E+18 0.00480 
    2    2    1    1    1    1    1    1    1    1  1.61533E+18 0.00633 
    3    3    1    1    1    1    1    1    1    1  1.47373E+17 0.01162 
];


DET1001E = [
 1.00000E-09  6.25000E-07  3.13000E-07
 6.25000E-07  1.00000E-01  5.00003E-02
 1.00000E-01  2.00000E+01  1.00500E+01
];

DET1002 = [
    1    1    1    1    1    1    1    1    1    1  1.55374E+17 0.00725 
    2    2    1    1    1    1    1    1    1    1  3.62704E+17 0.00480 
    3    3    1    1    1    1    1    1    1    1  1.68105E+17 0.00654 
];


DET1002E = [
 1.00000E-09  6.25000E-07  3.13000E-07
 6.25000E-07  1.00000E-01  5.00003E-02
 1.00000E-01  2.00000E+01  1.00500E+01
];
