
DET1001 = [
    1    1    1    1    1    1    1    1    1    1  4.65287E+18 0.00478 
    2    2    1    1    1    1    1    1    1    1  1.73377E+18 0.00601 
    3    3    1    1    1    1    1    1    1    1  1.63529E+17 0.01259 
];


DET1001E = [
 1.00000E-09  6.25000E-07  3.13000E-07
 6.25000E-07  1.00000E-01  5.00003E-02
 1.00000E-01  2.00000E+01  1.00500E+01
];

DET1002 = [
    1    1    1    1    1    1    1    1    1    1  1.65863E+17 0.00751 
    2    2    1    1    1    1    1    1    1    1  4.03654E+17 0.00484 
    3    3    1    1    1    1    1    1    1    1  1.89561E+17 0.00634 
];


DET1002E = [
 1.00000E-09  6.25000E-07  3.13000E-07
 6.25000E-07  1.00000E-01  5.00003E-02
 1.00000E-01  2.00000E+01  1.00500E+01
];
