
DET1001 = [
    1    1    1    1    1    1    1    1    1    1  4.55885E+18 0.00467 
    2    2    1    1    1    1    1    1    1    1  1.71846E+18 0.00615 
    3    3    1    1    1    1    1    1    1    1  1.59758E+17 0.01207 
];


DET1001E = [
 1.00000E-09  6.25000E-07  3.13000E-07
 6.25000E-07  1.00000E-01  5.00003E-02
 1.00000E-01  2.00000E+01  1.00500E+01
];

DET1002 = [
    1    1    1    1    1    1    1    1    1    1  1.59632E+17 0.00770 
    2    2    1    1    1    1    1    1    1    1  3.86054E+17 0.00512 
    3    3    1    1    1    1    1    1    1    1  1.80252E+17 0.00603 
];


DET1002E = [
 1.00000E-09  6.25000E-07  3.13000E-07
 6.25000E-07  1.00000E-01  5.00003E-02
 1.00000E-01  2.00000E+01  1.00500E+01
];
