
DET1001 = [
    1    1    1    1    1    1    1    1    1    1  4.20452E+18 0.00492 
    2    2    1    1    1    1    1    1    1    1  1.80542E+18 0.00564 
    3    3    1    1    1    1    1    1    1    1  1.68904E+17 0.01229 
];


DET1001E = [
 1.00000E-09  6.25000E-07  3.13000E-07
 6.25000E-07  1.00000E-01  5.00003E-02
 1.00000E-01  2.00000E+01  1.00500E+01
];

DET1002 = [
    1    1    1    1    1    1    1    1    1    1  1.02069E+17 0.00913 
    2    2    1    1    1    1    1    1    1    1  3.74198E+17 0.00529 
    3    3    1    1    1    1    1    1    1    1  1.73301E+17 0.00599 
];


DET1002E = [
 1.00000E-09  6.25000E-07  3.13000E-07
 6.25000E-07  1.00000E-01  5.00003E-02
 1.00000E-01  2.00000E+01  1.00500E+01
];
