
DET1001 = [
    1    1    1    1    1    1    1    1    1    1  4.15927E+18 0.00475 
    2    2    1    1    1    1    1    1    1    1  1.80995E+18 0.00602 
    3    3    1    1    1    1    1    1    1    1  1.59340E+17 0.01113 
];


DET1001E = [
 1.00000E-09  6.25000E-07  3.13000E-07
 6.25000E-07  1.00000E-01  5.00003E-02
 1.00000E-01  2.00000E+01  1.00500E+01
];

DET1002 = [
    1    1    1    1    1    1    1    1    1    1  1.00645E+17 0.00874 
    2    2    1    1    1    1    1    1    1    1  3.63185E+17 0.00482 
    3    3    1    1    1    1    1    1    1    1  1.67306E+17 0.00629 
];


DET1002E = [
 1.00000E-09  6.25000E-07  3.13000E-07
 6.25000E-07  1.00000E-01  5.00003E-02
 1.00000E-01  2.00000E+01  1.00500E+01
];
