
DET1001 = [
    1    1    1    1    1    1    1    1    1    1  4.09914E+18 0.00483 
    2    2    1    1    1    1    1    1    1    1  1.76453E+18 0.00570 
    3    3    1    1    1    1    1    1    1    1  1.62358E+17 0.01120 
];


DET1001E = [
 1.00000E-09  6.25000E-07  3.13000E-07
 6.25000E-07  1.00000E-01  5.00003E-02
 1.00000E-01  2.00000E+01  1.00500E+01
];

DET1002 = [
    1    1    1    1    1    1    1    1    1    1  1.03144E+17 0.00876 
    2    2    1    1    1    1    1    1    1    1  3.58646E+17 0.00510 
    3    3    1    1    1    1    1    1    1    1  1.66719E+17 0.00627 
];


DET1002E = [
 1.00000E-09  6.25000E-07  3.13000E-07
 6.25000E-07  1.00000E-01  5.00003E-02
 1.00000E-01  2.00000E+01  1.00500E+01
];
