
DET1001 = [
    1    1    1    1    1    1    1    1    1    1  4.22138E+18 0.00485 
    2    2    1    1    1    1    1    1    1    1  1.84636E+18 0.00586 
    3    3    1    1    1    1    1    1    1    1  1.70206E+17 0.01175 
];


DET1001E = [
 1.00000E-09  6.25000E-07  3.13000E-07
 6.25000E-07  1.00000E-01  5.00003E-02
 1.00000E-01  2.00000E+01  1.00500E+01
];

DET1002 = [
    1    1    1    1    1    1    1    1    1    1  9.96420E+16 0.00891 
    2    2    1    1    1    1    1    1    1    1  3.76861E+17 0.00504 
    3    3    1    1    1    1    1    1    1    1  1.76454E+17 0.00609 
];


DET1002E = [
 1.00000E-09  6.25000E-07  3.13000E-07
 6.25000E-07  1.00000E-01  5.00003E-02
 1.00000E-01  2.00000E+01  1.00500E+01
];
