
ZAI = [
10030
541350
922350
922380
942380
942390
942400
942410
942420
952410
952440
952450
666
0
];

NAMES = [
'H3              '
'Xe135           '
'U235            '
'U238            '
'Pu238           '
'Pu239           '
'Pu240           '
'Pu241           '
'Pu242           '
'Am241           '
'Am244           '
'Am245           '
'lost            '
'total           '
];

i10030  = 1; iH3               = 1;
i541350 = 2; iXe135            = 2;
i922350 = 3; iU235             = 3;
i922380 = 4; iU238             = 4;
i942380 = 5; iPu238            = 5;
i942390 = 6; iPu239            = 6;
i942400 = 7; iPu240            = 7;
i942410 = 8; iPu241            = 8;
i942420 = 9; iPu242            = 9;
i952410 = 10; iAm241            = 10;
i952440 = 11; iAm244            = 11;
i952450 = 12; iAm245            = 12;
iLOST    = 13;
iTOT     = 14;

MAT_uco_VOLUME = [ 3.93127E+04 3.93127E+04 3.93127E+04 3.93127E+04 ];

MAT_uco_BURNUP = [ 0.00000E+00 2.58083E-01 4.59392E+00 9.44594E+00 ];

MAT_uco_ADENS = [
0.00000E+00 7.31981E-14 1.19853E-12 2.23465E-12 % H3
0.00000E+00 3.08826E-08 3.10917E-08 3.11571E-08 % Xe135
4.31104E-03 4.30260E-03 4.16304E-03 4.01174E-03 % U235
2.06805E-02 2.06784E-02 2.06427E-02 2.06019E-02 % U238
0.00000E+00 5.73247E-14 1.01427E-09 9.38473E-09 % Pu238
0.00000E+00 9.68333E-07 3.26253E-05 6.29385E-05 % Pu239
0.00000E+00 1.99529E-09 1.14373E-06 4.31903E-06 % Pu240
0.00000E+00 7.25295E-12 8.22671E-08 6.51179E-07 % Pu241
0.00000E+00 3.74357E-15 8.33363E-10 1.39390E-08 % Pu242
0.00000E+00 1.08030E-15 2.36396E-10 3.89305E-09 % Am241
0.00000E+00 7.92392E-24 7.87822E-17 2.87321E-15 % Am244
0.00000E+00 1.00968E-27 9.16361E-21 3.33835E-19 % Am245
0.00000E+00 5.45470E-08 9.74114E-07 2.00863E-06 % lost data
7.04520E-02 7.04586E-02 7.05700E-02 7.06946E-02 % total
];

MAT_uco_MDENS = [
0.00000E+00 3.66535E-13 6.00155E-12 1.11899E-11 % H3
0.00000E+00 6.91838E-06 6.96522E-06 6.97987E-06 % Xe135
1.68262E+00 1.67933E+00 1.62486E+00 1.56581E+00 % U235
8.17497E+00 8.17415E+00 8.16003E+00 8.14389E+00 % U238
0.00000E+00 2.26603E-11 4.00938E-07 3.70975E-06 % Pu238
0.00000E+00 3.84391E-04 1.29510E-02 2.49842E-02 % Pu239
0.00000E+00 7.95375E-07 4.55920E-04 1.72168E-03 % Pu240
0.00000E+00 2.90319E-09 3.29297E-05 2.60652E-04 % Pu241
0.00000E+00 1.50474E-12 3.34973E-07 5.60283E-06 % Pu242
0.00000E+00 4.32435E-13 9.46270E-08 1.55835E-06 % Am241
0.00000E+00 3.21145E-21 3.19293E-14 1.16447E-12 % Am244
0.00000E+00 4.10887E-25 3.72912E-18 1.35854E-16 % Am245
0.00000E+00 0.00000E+00 0.00000E+00 0.00000E+00 % lost data
1.10000E+01 1.10000E+01 1.09993E+01 1.09986E+01 % total
];

MAT_uco_A = [
0.00000E+00 5.13030E+06 8.40023E+07 1.56622E+08 % H3
0.00000E+00 2.55754E+16 2.57486E+16 2.58028E+16 % Xe135
5.28766E+09 5.27731E+09 5.10614E+09 4.92057E+09 % U235
3.99671E+09 3.99630E+09 3.98940E+09 3.98151E+09 % U238
0.00000E+00 5.64411E+05 9.98638E+09 9.24009E+10 % Pu238
0.00000E+00 3.46802E+10 1.16845E+12 2.25410E+12 % Pu239
0.00000E+00 2.62598E+08 1.50525E+11 5.68422E+11 % Pu240
0.00000E+00 4.38265E+08 4.97105E+12 3.93479E+13 % Pu241
0.00000E+00 8.62009E+00 1.91894E+06 3.20965E+07 % Pu242
0.00000E+00 2.15632E+03 4.71854E+08 7.77065E+09 % Am241
0.00000E+00 5.93846E+00 5.90422E+07 2.15328E+09 % Am244
0.00000E+00 3.72807E-03 3.38351E+04 1.23263E+06 % Am245
0.00000E+00 0.00000E+00 0.00000E+00 0.00000E+00 % lost data
9.28437E+09 3.36890E+18 3.74280E+18 3.80136E+18 % total
];

MAT_uco_H = [
0.00000E+00 4.67698E-09 7.65798E-08 1.42783E-07 % H3
0.00000E+00 2.30567E+03 2.32128E+03 2.32616E+03 % Xe135
3.90772E-03 3.90007E-03 3.77357E-03 3.63643E-03 % U235
2.73764E-03 2.73737E-03 2.73264E-03 2.72723E-03 % U238
0.00000E+00 5.05366E-07 8.94167E-03 8.27345E-02 % Pu238
0.00000E+00 2.91225E-02 9.81202E-01 1.89287E+00 % Pu239
0.00000E+00 2.20926E-04 1.26638E-01 4.78219E-01 % Pu240
0.00000E+00 3.76024E-07 4.26508E-03 3.37599E-02 % Pu241
0.00000E+00 6.88065E-12 1.53171E-06 2.56198E-05 % Pu242
0.00000E+00 1.93332E-09 4.23056E-04 6.96702E-03 % Am241
0.00000E+00 1.05489E-12 1.04881E-05 3.82504E-04 % Am244
0.00000E+00 1.88093E-16 1.70709E-09 6.21904E-08 % Am245
0.00000E+00 0.00000E+00 0.00000E+00 0.00000E+00 % lost data
6.64536E-03 1.20260E+06 1.23877E+06 1.23634E+06 % total
];

MAT_uco_SF = [
0.00000E+00 0.00000E+00 0.00000E+00 0.00000E+00 % H3
0.00000E+00 0.00000E+00 0.00000E+00 0.00000E+00 % Xe135
3.80712E-01 3.79966E-01 3.67642E-01 3.54281E-01 % U235
2.18220E+05 2.18198E+05 2.17821E+05 2.17391E+05 % U238
0.00000E+00 1.04981E-03 1.85747E+01 1.71866E+02 % Pu238
0.00000E+00 1.07509E-01 3.62220E+00 6.98771E+00 % Pu239
0.00000E+00 1.49681E+01 8.57990E+03 3.24000E+04 % Pu240
0.00000E+00 0.00000E+00 0.00000E+00 0.00000E+00 % Pu241
0.00000E+00 4.74105E-05 1.05541E+01 1.76531E+02 % Pu242
0.00000E+00 9.27218E-09 2.02897E-03 3.34138E-02 % Am241
0.00000E+00 0.00000E+00 0.00000E+00 0.00000E+00 % Am244
0.00000E+00 0.00000E+00 0.00000E+00 0.00000E+00 % Am245
0.00000E+00 0.00000E+00 0.00000E+00 0.00000E+00 % lost data
2.18221E+05 2.18214E+05 2.26953E+05 2.67599E+05 % total
];

MAT_uco_ING_TOX = [
0.00000E+00 2.15473E-04 3.52810E-03 6.57812E-03 % H3
0.00000E+00 5.37084E+09 5.40721E+09 5.41858E+09 % Xe135
2.48520E+02 2.48034E+02 2.39989E+02 2.31267E+02 % U235
1.79852E+02 1.79834E+02 1.79523E+02 1.79168E+02 % U238
0.00000E+00 1.29815E-01 2.29687E+03 2.12522E+04 % Pu238
0.00000E+00 8.67005E+03 2.92113E+05 5.63525E+05 % Pu239
0.00000E+00 6.56494E+01 3.76312E+04 1.42105E+05 % Pu240
0.00000E+00 2.10367E+00 2.38610E+04 1.88870E+05 % Pu241
0.00000E+00 2.06882E-06 4.60544E-01 7.70316E+00 % Pu242
0.00000E+00 4.31264E-04 9.43708E+01 1.55413E+03 % Am241
0.00000E+00 2.73169E-09 2.71594E-02 9.90511E-01 % Am244
0.00000E+00 2.31140E-13 2.09778E-06 7.64232E-05 % Am245
0.00000E+00 0.00000E+00 0.00000E+00 0.00000E+00 % lost data
4.28372E+02 4.65408E+10 6.21820E+10 6.22360E+10 % total
];

MAT_uco_INH_TOX = [
0.00000E+00 1.33388E-03 2.18406E-02 4.07217E-02 % H3
0.00000E+00 2.81330E+09 2.83235E+09 2.83830E+09 % Xe135
4.49451E+04 4.48571E+04 4.34022E+04 4.18248E+04 % U235
3.19737E+04 3.19704E+04 3.19152E+04 3.18521E+04 % U238
0.00000E+00 6.20853E+01 1.09850E+06 1.01641E+07 % Pu238
0.00000E+00 4.16162E+06 1.40214E+08 2.70492E+08 % Pu239
0.00000E+00 3.15117E+04 1.80630E+07 6.82106E+07 % Pu240
0.00000E+00 1.00801E+03 1.14334E+07 9.05003E+07 % Pu241
0.00000E+00 9.48210E-04 2.11083E+02 3.53061E+03 % Pu242
0.00000E+00 2.07007E-01 4.52980E+04 7.45983E+05 % Am241
0.00000E+00 2.19723E-08 2.18456E-01 7.96715E+00 % Am244
0.00000E+00 2.08772E-13 1.89477E-06 6.90274E-05 % Am245
0.00000E+00 0.00000E+00 0.00000E+00 0.00000E+00 % lost data
7.69188E+04 4.48333E+10 5.98553E+10 6.17337E+10 % total
];

TOT_VOLUME = [ 3.93127E+04 3.93127E+04 3.93127E+04 3.93127E+04 ];

TOT_BURNUP = [ 0.00000E+00 2.58083E-01 4.59392E+00 9.44594E+00 ];

TOT_ADENS = [
0.00000E+00 7.31981E-14 1.19853E-12 2.23465E-12 % H3
0.00000E+00 3.08826E-08 3.10917E-08 3.11571E-08 % Xe135
4.31104E-03 4.30260E-03 4.16304E-03 4.01174E-03 % U235
2.06805E-02 2.06784E-02 2.06427E-02 2.06019E-02 % U238
0.00000E+00 5.73247E-14 1.01427E-09 9.38473E-09 % Pu238
0.00000E+00 9.68333E-07 3.26253E-05 6.29385E-05 % Pu239
0.00000E+00 1.99529E-09 1.14373E-06 4.31903E-06 % Pu240
0.00000E+00 7.25295E-12 8.22671E-08 6.51179E-07 % Pu241
0.00000E+00 3.74357E-15 8.33363E-10 1.39390E-08 % Pu242
0.00000E+00 1.08030E-15 2.36396E-10 3.89305E-09 % Am241
0.00000E+00 7.92392E-24 7.87822E-17 2.87321E-15 % Am244
0.00000E+00 1.00968E-27 9.16361E-21 3.33835E-19 % Am245
0.00000E+00 5.45470E-08 9.74114E-07 2.00863E-06 % lost data
7.04520E-02 7.04586E-02 7.05700E-02 7.06946E-02 % total
];

