
DET1001 = [
    1    1    1    1    1    1    1    1    1    1  4.31038E+18 0.00488 
    2    2    1    1    1    1    1    1    1    1  1.89594E+18 0.00565 
    3    3    1    1    1    1    1    1    1    1  1.94593E+17 0.01162 
];


DET1001E = [
 1.00000E-09  6.25000E-07  3.13000E-07
 6.25000E-07  1.00000E-01  5.00003E-02
 1.00000E-01  2.00000E+01  1.00500E+01
];

DET1002 = [
    1    1    1    1    1    1    1    1    1    1  8.90074E+16 0.01011 
    2    2    1    1    1    1    1    1    1    1  3.62103E+17 0.00499 
    3    3    1    1    1    1    1    1    1    1  1.77365E+17 0.00655 
];


DET1002E = [
 1.00000E-09  6.25000E-07  3.13000E-07
 6.25000E-07  1.00000E-01  5.00003E-02
 1.00000E-01  2.00000E+01  1.00500E+01
];
