
DET1001 = [
    1    1    1    1    1    1    1    1    1    1  4.27275E+18 0.00467 
    2    2    1    1    1    1    1    1    1    1  1.87413E+18 0.00579 
    3    3    1    1    1    1    1    1    1    1  1.99468E+17 0.01121 
];


DET1001E = [
 1.00000E-09  6.25000E-07  3.13000E-07
 6.25000E-07  1.00000E-01  5.00003E-02
 1.00000E-01  2.00000E+01  1.00500E+01
];

DET1002 = [
    1    1    1    1    1    1    1    1    1    1  8.90298E+16 0.00973 
    2    2    1    1    1    1    1    1    1    1  3.45607E+17 0.00496 
    3    3    1    1    1    1    1    1    1    1  1.71975E+17 0.00665 
];


DET1002E = [
 1.00000E-09  6.25000E-07  3.13000E-07
 6.25000E-07  1.00000E-01  5.00003E-02
 1.00000E-01  2.00000E+01  1.00500E+01
];
