
DET1001 = [
    1    1    1    1    1    1    1    1    1    1  4.16275E+18 0.00466 
    2    2    1    1    1    1    1    1    1    1  1.80751E+18 0.00577 
    3    3    1    1    1    1    1    1    1    1  1.89211E+17 0.01075 
];


DET1001E = [
 1.00000E-09  6.25000E-07  3.13000E-07
 6.25000E-07  1.00000E-01  5.00003E-02
 1.00000E-01  2.00000E+01  1.00500E+01
];

DET1002 = [
    1    1    1    1    1    1    1    1    1    1  8.79124E+16 0.00950 
    2    2    1    1    1    1    1    1    1    1  3.34952E+17 0.00487 
    3    3    1    1    1    1    1    1    1    1  1.63515E+17 0.00695 
];


DET1002E = [
 1.00000E-09  6.25000E-07  3.13000E-07
 6.25000E-07  1.00000E-01  5.00003E-02
 1.00000E-01  2.00000E+01  1.00500E+01
];
