
DET1001 = [
    1    1    1    1    1    1    1    1    1    1  3.75504E+18 0.00503 
    2    2    1    1    1    1    1    1    1    1  1.65532E+18 0.00624 
    3    3    1    1    1    1    1    1    1    1  1.57039E+17 0.01237 
];


DET1001E = [
 1.00000E-09  6.25000E-07  3.13000E-07
 6.25000E-07  1.00000E-01  5.00003E-02
 1.00000E-01  2.00000E+01  1.00500E+01
];

DET1002 = [
    1    1    1    1    1    1    1    1    1    1  8.77124E+16 0.00949 
    2    2    1    1    1    1    1    1    1    1  3.44271E+17 0.00529 
    3    3    1    1    1    1    1    1    1    1  1.69157E+17 0.00631 
];


DET1002E = [
 1.00000E-09  6.25000E-07  3.13000E-07
 6.25000E-07  1.00000E-01  5.00003E-02
 1.00000E-01  2.00000E+01  1.00500E+01
];
