
DET1001 = [
    1    1    1    1    1    1    1    1    1    1  3.74463E+18 0.00496 
    2    2    1    1    1    1    1    1    1    1  1.64810E+18 0.00580 
    3    3    1    1    1    1    1    1    1    1  1.53452E+17 0.01193 
];


DET1001E = [
 1.00000E-09  6.25000E-07  3.13000E-07
 6.25000E-07  1.00000E-01  5.00003E-02
 1.00000E-01  2.00000E+01  1.00500E+01
];

DET1002 = [
    1    1    1    1    1    1    1    1    1    1  8.67090E+16 0.00872 
    2    2    1    1    1    1    1    1    1    1  3.36659E+17 0.00501 
    3    3    1    1    1    1    1    1    1    1  1.63808E+17 0.00671 
];


DET1002E = [
 1.00000E-09  6.25000E-07  3.13000E-07
 6.25000E-07  1.00000E-01  5.00003E-02
 1.00000E-01  2.00000E+01  1.00500E+01
];
