
ZAI = [
10030
541350
922350
922380
942380
942390
942400
942410
942420
952410
952440
952450
666
0
];

NAMES = [
'H3              '
'Xe135           '
'U235            '
'U238            '
'Pu238           '
'Pu239           '
'Pu240           '
'Pu241           '
'Pu242           '
'Am241           '
'Am244           '
'Am245           '
'lost            '
'total           '
];

i10030  = 1; iH3               = 1;
i541350 = 2; iXe135            = 2;
i922350 = 3; iU235             = 3;
i922380 = 4; iU238             = 4;
i942380 = 5; iPu238            = 5;
i942390 = 6; iPu239            = 6;
i942400 = 7; iPu240            = 7;
i942410 = 8; iPu241            = 8;
i942420 = 9; iPu242            = 9;
i952410 = 10; iAm241            = 10;
i952440 = 11; iAm244            = 11;
i952450 = 12; iAm245            = 12;
iLOST    = 13;
iTOT     = 14;

MAT_uco_VOLUME = [ 2.80295E+04 2.80295E+04 2.80295E+04 2.80295E+04 ];

MAT_uco_BURNUP = [ 0.00000E+00 3.61986E-01 6.44336E+00 1.32488E+01 ];

MAT_uco_ADENS = [
0.00000E+00 1.01530E-13 1.63419E-12 3.05268E-12 % H3
0.00000E+00 4.01921E-08 4.04485E-08 4.04029E-08 % Xe135
4.87458E-03 4.86271E-03 4.66681E-03 4.45534E-03 % U235
2.01233E-02 2.01206E-02 2.00736E-02 2.00199E-02 % U238
0.00000E+00 1.04475E-13 2.23425E-09 2.12707E-08 % Pu238
0.00000E+00 1.26439E-06 4.19688E-05 7.92584E-05 % Pu239
0.00000E+00 3.24666E-09 1.79483E-06 6.57198E-06 % Pu240
0.00000E+00 1.50267E-11 1.65300E-07 1.24713E-06 % Pu241
0.00000E+00 9.58821E-15 2.07135E-09 3.34441E-08 % Pu242
0.00000E+00 2.24360E-15 4.75113E-10 7.46533E-09 % Am241
0.00000E+00 3.42346E-23 3.28135E-16 1.17432E-14 % Am244
0.00000E+00 5.42982E-27 4.71641E-20 1.70780E-18 % Am245
0.00000E+00 7.65173E-08 1.36718E-06 2.82005E-06 % lost data
7.04699E-02 7.04792E-02 7.06355E-02 7.08102E-02 % total
];

MAT_uco_MDENS = [
0.00000E+00 5.08404E-13 8.18312E-12 1.52861E-11 % H3
0.00000E+00 9.00391E-06 9.06134E-06 9.05113E-06 % Xe135
1.90258E+00 1.89795E+00 1.82149E+00 1.73894E+00 % U235
7.95473E+00 7.95365E+00 7.93508E+00 7.91385E+00 % U238
0.00000E+00 4.12986E-11 8.83191E-07 8.40823E-06 % Pu238
0.00000E+00 5.01916E-04 1.66600E-02 3.14626E-02 % Pu239
0.00000E+00 1.29420E-06 7.15467E-04 2.61976E-03 % Pu240
0.00000E+00 6.01484E-09 6.61660E-05 4.99198E-04 % Pu241
0.00000E+00 3.85402E-12 8.32586E-07 1.34430E-05 % Pu242
0.00000E+00 8.98093E-13 1.90183E-07 2.98830E-06 % Am241
0.00000E+00 1.38748E-20 1.32988E-13 4.75935E-12 % Am244
0.00000E+00 2.20966E-24 1.91934E-17 6.94987E-16 % Am245
0.00000E+00 0.00000E+00 0.00000E+00 0.00000E+00 % lost data
1.10000E+01 1.09999E+01 1.09991E+01 1.09981E+01 % total
];

MAT_uco_A = [
0.00000E+00 5.07363E+06 8.16637E+07 1.52548E+08 % H3
0.00000E+00 2.37319E+16 2.38833E+16 2.38564E+16 % Xe135
4.26287E+09 4.25249E+09 4.08118E+09 3.89624E+09 % U235
2.77283E+09 2.77246E+09 2.76599E+09 2.75859E+09 % U238
0.00000E+00 7.33414E+05 1.56844E+10 1.49320E+11 % Pu238
0.00000E+00 3.22866E+10 1.07168E+12 2.02388E+12 % Pu239
0.00000E+00 3.04652E+08 1.68419E+11 6.16686E+11 % Pu240
0.00000E+00 6.47392E+08 7.12161E+12 5.37299E+13 % Pu241
0.00000E+00 1.57415E+01 3.40065E+06 5.49071E+07 % Pu242
0.00000E+00 3.19298E+03 6.76157E+08 1.06243E+10 % Am241
0.00000E+00 1.82929E+01 1.75335E+08 6.27486E+09 % Am244
0.00000E+00 1.42945E-02 1.24164E+05 4.49594E+06 % Am245
0.00000E+00 0.00000E+00 0.00000E+00 0.00000E+00 % lost data
7.03571E+09 3.34397E+18 3.71000E+18 3.76468E+18 % total
];

MAT_uco_H = [
0.00000E+00 4.62532E-09 7.44478E-08 1.39069E-07 % H3
0.00000E+00 2.13947E+03 2.15312E+03 2.15069E+03 % Xe135
3.15038E-03 3.14270E-03 3.01610E-03 2.87942E-03 % U235
1.89932E-03 1.89906E-03 1.89463E-03 1.88956E-03 % U238
0.00000E+00 6.56689E-07 1.40436E-02 1.33699E-01 % Pu238
0.00000E+00 2.71125E-02 8.99940E-01 1.69954E+00 % Pu239
0.00000E+00 2.56307E-04 1.41693E-01 5.18824E-01 % Pu240
0.00000E+00 5.55451E-07 6.11022E-03 4.60993E-02 % Pu241
0.00000E+00 1.25650E-11 2.71444E-06 4.38274E-05 % Pu242
0.00000E+00 2.86277E-09 6.06230E-04 9.52554E-03 % Am241
0.00000E+00 3.24950E-12 3.11461E-05 1.11465E-03 % Am244
0.00000E+00 7.21206E-16 6.26449E-09 2.26835E-07 % Am245
0.00000E+00 0.00000E+00 0.00000E+00 0.00000E+00 % lost data
5.04970E-03 1.20061E+06 1.23360E+06 1.22934E+06 % total
];

MAT_uco_SF = [
0.00000E+00 0.00000E+00 0.00000E+00 0.00000E+00 % H3
0.00000E+00 0.00000E+00 0.00000E+00 0.00000E+00 % Xe135
3.06927E-01 3.06179E-01 2.93845E-01 2.80529E-01 % U235
1.51397E+05 1.51376E+05 1.51023E+05 1.50619E+05 % U238
0.00000E+00 1.36415E-03 2.91730E+01 2.77735E+02 % Pu238
0.00000E+00 1.00088E-01 3.32222E+00 6.27403E+00 % Pu239
0.00000E+00 1.73652E+01 9.59990E+03 3.51511E+04 % Pu240
0.00000E+00 0.00000E+00 0.00000E+00 0.00000E+00 % Pu241
0.00000E+00 8.65783E-05 1.87036E+01 3.01989E+02 % Pu242
0.00000E+00 1.37298E-08 2.90747E-03 4.56844E-02 % Am241
0.00000E+00 0.00000E+00 0.00000E+00 0.00000E+00 % Am244
0.00000E+00 0.00000E+00 0.00000E+00 0.00000E+00 % Am245
0.00000E+00 0.00000E+00 0.00000E+00 0.00000E+00 % lost data
1.51397E+05 1.51394E+05 1.61605E+05 2.16766E+05 % total
];

MAT_uco_ING_TOX = [
0.00000E+00 2.13093E-04 3.42988E-03 6.40702E-03 % H3
0.00000E+00 4.98370E+09 5.01549E+09 5.00984E+09 % Xe135
2.00355E+02 1.99867E+02 1.91815E+02 1.83123E+02 % U235
1.24778E+02 1.24761E+02 1.24469E+02 1.24136E+02 % U238
0.00000E+00 1.68685E-01 3.60742E+03 3.43436E+04 % Pu238
0.00000E+00 8.07164E+03 2.67921E+05 5.05971E+05 % Pu239
0.00000E+00 7.61630E+01 4.21048E+04 1.54171E+05 % Pu240
0.00000E+00 3.10748E+00 3.41837E+04 2.57904E+05 % Pu241
0.00000E+00 3.77796E-06 8.16156E-01 1.31777E+01 % Pu242
0.00000E+00 6.38596E-04 1.35231E+02 2.12486E+03 % Am241
0.00000E+00 8.41472E-09 8.06542E-02 2.88643E+00 % Am244
0.00000E+00 8.86261E-13 7.69817E-06 2.78749E-04 % Am245
0.00000E+00 0.00000E+00 0.00000E+00 0.00000E+00 % lost data
3.25133E+02 4.61421E+10 6.16827E+10 6.16671E+10 % total
];

MAT_uco_INH_TOX = [
0.00000E+00 1.31914E-03 2.12326E-02 3.96625E-02 % H3
0.00000E+00 2.61051E+09 2.62716E+09 2.62420E+09 % Xe135
3.62344E+04 3.61462E+04 3.46900E+04 3.31180E+04 % U235
2.21827E+04 2.21797E+04 2.21279E+04 2.20687E+04 % U238
0.00000E+00 8.06755E+01 1.72529E+06 1.64252E+07 % Pu238
0.00000E+00 3.87439E+06 1.28602E+08 2.42866E+08 % Pu239
0.00000E+00 3.65583E+04 2.02103E+07 7.40023E+07 % Pu240
0.00000E+00 1.48900E+03 1.63797E+07 1.23579E+08 % Pu241
0.00000E+00 1.73157E-03 3.74072E+02 6.03978E+03 % Pu242
0.00000E+00 3.06526E-01 6.49110E+04 1.01993E+06 % Am241
0.00000E+00 6.76836E-08 6.48740E-01 2.32170E+01 % Am244
0.00000E+00 8.00494E-13 6.95319E-06 2.51773E-04 % Am245
0.00000E+00 0.00000E+00 0.00000E+00 0.00000E+00 % lost data
5.84171E+04 4.46182E+10 5.95571E+10 6.14073E+10 % total
];

TOT_VOLUME = [ 2.80295E+04 2.80295E+04 2.80295E+04 2.80295E+04 ];

TOT_BURNUP = [ 0.00000E+00 3.61986E-01 6.44336E+00 1.32488E+01 ];

TOT_ADENS = [
0.00000E+00 1.01530E-13 1.63419E-12 3.05268E-12 % H3
0.00000E+00 4.01921E-08 4.04485E-08 4.04029E-08 % Xe135
4.87458E-03 4.86271E-03 4.66681E-03 4.45534E-03 % U235
2.01233E-02 2.01206E-02 2.00736E-02 2.00199E-02 % U238
0.00000E+00 1.04475E-13 2.23425E-09 2.12707E-08 % Pu238
0.00000E+00 1.26439E-06 4.19688E-05 7.92584E-05 % Pu239
0.00000E+00 3.24666E-09 1.79483E-06 6.57198E-06 % Pu240
0.00000E+00 1.50267E-11 1.65300E-07 1.24713E-06 % Pu241
0.00000E+00 9.58821E-15 2.07135E-09 3.34441E-08 % Pu242
0.00000E+00 2.24360E-15 4.75113E-10 7.46533E-09 % Am241
0.00000E+00 3.42346E-23 3.28135E-16 1.17432E-14 % Am244
0.00000E+00 5.42982E-27 4.71641E-20 1.70780E-18 % Am245
0.00000E+00 7.65173E-08 1.36718E-06 2.82005E-06 % lost data
7.04699E-02 7.04792E-02 7.06355E-02 7.08102E-02 % total
];

