
DET1001 = [
    1    1    1    1    1    1    1    1    1    1  3.87264E+18 0.00507 
    2    2    1    1    1    1    1    1    1    1  1.69875E+18 0.00632 
    3    3    1    1    1    1    1    1    1    1  1.57305E+17 0.01164 
];


DET1001E = [
 1.00000E-09  6.25000E-07  3.13000E-07
 6.25000E-07  1.00000E-01  5.00003E-02
 1.00000E-01  2.00000E+01  1.00500E+01
];

DET1002 = [
    1    1    1    1    1    1    1    1    1    1  8.86672E+16 0.00932 
    2    2    1    1    1    1    1    1    1    1  3.52052E+17 0.00505 
    3    3    1    1    1    1    1    1    1    1  1.73595E+17 0.00679 
];


DET1002E = [
 1.00000E-09  6.25000E-07  3.13000E-07
 6.25000E-07  1.00000E-01  5.00003E-02
 1.00000E-01  2.00000E+01  1.00500E+01
];
