
DET1001 = [
    1    1    1    1    1    1    1    1    1    1  3.66781E+18 0.00512 
    2    2    1    1    1    1    1    1    1    1  1.59892E+18 0.00600 
    3    3    1    1    1    1    1    1    1    1  1.46947E+17 0.01223 
];


DET1001E = [
 1.00000E-09  6.25000E-07  3.13000E-07
 6.25000E-07  1.00000E-01  5.00003E-02
 1.00000E-01  2.00000E+01  1.00500E+01
];

DET1002 = [
    1    1    1    1    1    1    1    1    1    1  8.56229E+16 0.00900 
    2    2    1    1    1    1    1    1    1    1  3.29525E+17 0.00497 
    3    3    1    1    1    1    1    1    1    1  1.59986E+17 0.00645 
];


DET1002E = [
 1.00000E-09  6.25000E-07  3.13000E-07
 6.25000E-07  1.00000E-01  5.00003E-02
 1.00000E-01  2.00000E+01  1.00500E+01
];
