
DET1001 = [
    1    1    1    1    1    1    1    1    1    1  4.53673E+18 0.00436 
    2    2    1    1    1    1    1    1    1    1  1.77517E+18 0.00574 
    3    3    1    1    1    1    1    1    1    1  1.87641E+17 0.01102 
];


DET1001E = [
 1.00000E-09  6.25000E-07  3.13000E-07
 6.25000E-07  1.00000E-01  5.00003E-02
 1.00000E-01  2.00000E+01  1.00500E+01
];

DET1002 = [
    1    1    1    1    1    1    1    1    1    1  1.32470E+17 0.00776 
    2    2    1    1    1    1    1    1    1    1  3.51892E+17 0.00503 
    3    3    1    1    1    1    1    1    1    1  1.74006E+17 0.00609 
];


DET1002E = [
 1.00000E-09  6.25000E-07  3.13000E-07
 6.25000E-07  1.00000E-01  5.00003E-02
 1.00000E-01  2.00000E+01  1.00500E+01
];
