
DET1001 = [
    1    1    1    1    1    1    1    1    1    1  4.81513E+18 0.00462 
    2    2    1    1    1    1    1    1    1    1  1.88876E+18 0.00599 
    3    3    1    1    1    1    1    1    1    1  1.99546E+17 0.01184 
];


DET1001E = [
 1.00000E-09  6.25000E-07  3.13000E-07
 6.25000E-07  1.00000E-01  5.00003E-02
 1.00000E-01  2.00000E+01  1.00500E+01
];

DET1002 = [
    1    1    1    1    1    1    1    1    1    1  1.35184E+17 0.00840 
    2    2    1    1    1    1    1    1    1    1  3.83321E+17 0.00516 
    3    3    1    1    1    1    1    1    1    1  1.88420E+17 0.00682 
];


DET1002E = [
 1.00000E-09  6.25000E-07  3.13000E-07
 6.25000E-07  1.00000E-01  5.00003E-02
 1.00000E-01  2.00000E+01  1.00500E+01
];
