
ZAI = [
10030
541350
922350
922380
942380
942390
942400
942410
942420
952410
952440
952450
666
0
];

NAMES = [
'H3              '
'Xe135           '
'U235            '
'U238            '
'Pu238           '
'Pu239           '
'Pu240           '
'Pu241           '
'Pu242           '
'Am241           '
'Am244           '
'Am245           '
'lost            '
'total           '
];

i10030  = 1; iH3               = 1;
i541350 = 2; iXe135            = 2;
i922350 = 3; iU235             = 3;
i922380 = 4; iU238             = 4;
i942380 = 5; iPu238            = 5;
i942390 = 6; iPu239            = 6;
i942400 = 7; iPu240            = 7;
i942410 = 8; iPu241            = 8;
i942420 = 9; iPu242            = 9;
i952410 = 10; iAm241            = 10;
i952440 = 11; iAm244            = 11;
i952450 = 12; iAm245            = 12;
iLOST    = 13;
iTOT     = 14;

MAT_uco_VOLUME = [ 2.20231E+04 2.20231E+04 2.20231E+04 2.20231E+04 ];

MAT_uco_BURNUP = [ 0.00000E+00 4.60684E-01 8.20044E+00 1.68615E+01 ];

MAT_uco_ADENS = [
0.00000E+00 1.12625E-13 1.72191E-12 2.98887E-12 % H3
0.00000E+00 4.13313E-08 4.15280E-08 4.11753E-08 % Xe135
4.31104E-03 4.29611E-03 4.05148E-03 3.79079E-03 % U235
2.06805E-02 2.06771E-02 2.06192E-02 2.05524E-02 % U238
0.00000E+00 1.54624E-13 3.82294E-09 3.70401E-08 % Pu238
0.00000E+00 1.54773E-06 4.92032E-05 8.86897E-05 % Pu239
0.00000E+00 5.57814E-09 3.08329E-06 1.07544E-05 % Pu240
0.00000E+00 3.04307E-11 3.38265E-07 2.41613E-06 % Pu241
0.00000E+00 2.84618E-14 6.34197E-09 9.83662E-08 % Pu242
0.00000E+00 4.49867E-15 9.69234E-10 1.43566E-08 % Am241
0.00000E+00 1.34062E-22 1.40029E-15 4.83542E-14 % Am244
0.00000E+00 3.06409E-26 2.89892E-19 1.01449E-17 % Am245
0.00000E+00 9.73520E-08 1.74268E-06 3.59759E-06 % lost data
7.04520E-02 7.04638E-02 7.06628E-02 7.08851E-02 % total
];

MAT_uco_MDENS = [
0.00000E+00 5.63962E-13 8.62236E-12 1.49666E-11 % H3
0.00000E+00 9.25912E-06 9.30318E-06 9.22417E-06 % Xe135
1.68262E+00 1.67680E+00 1.58132E+00 1.47957E+00 % U235
8.17497E+00 8.17365E+00 8.15074E+00 8.12434E+00 % U238
0.00000E+00 6.11224E-11 1.51120E-06 1.46418E-05 % Pu238
0.00000E+00 6.14389E-04 1.95318E-02 3.52064E-02 % Pu239
0.00000E+00 2.22359E-06 1.22908E-03 4.28697E-03 % Pu240
0.00000E+00 1.21807E-08 1.35400E-04 9.67122E-04 % Pu241
0.00000E+00 1.14403E-11 2.54918E-06 3.95387E-05 % Pu242
0.00000E+00 1.80078E-12 3.87976E-07 5.74682E-06 % Am241
0.00000E+00 5.43333E-20 5.67515E-13 1.95972E-11 % Am244
0.00000E+00 1.24693E-23 1.17971E-16 4.12847E-15 % Am245
0.00000E+00 0.00000E+00 0.00000E+00 0.00000E+00 % lost data
1.10000E+01 1.09999E+01 1.09988E+01 1.09976E+01 % total
];

MAT_uco_A = [
0.00000E+00 4.42205E+06 6.76083E+07 1.17354E+08 % H3
0.00000E+00 1.91750E+16 1.92662E+16 1.91026E+16 % Xe135
2.96217E+09 2.95191E+09 2.78383E+09 2.60471E+09 % U235
2.23897E+09 2.23861E+09 2.23234E+09 2.22511E+09 % U238
0.00000E+00 8.52860E+05 2.10862E+10 2.04302E+11 % Pu238
0.00000E+00 3.10526E+10 9.87181E+11 1.77941E+12 % Pu239
0.00000E+00 4.11263E+08 2.27324E+11 7.92895E+11 % Pu240
0.00000E+00 1.03010E+09 1.14505E+13 8.17878E+13 % Pu241
0.00000E+00 3.67143E+01 8.18082E+06 1.26887E+08 % Pu242
0.00000E+00 5.03035E+03 1.08379E+09 1.60534E+10 % Am241
0.00000E+00 5.62841E+01 5.87891E+08 2.03009E+10 % Am244
0.00000E+00 6.33796E-02 5.99632E+05 2.09844E+07 % Am245
0.00000E+00 0.00000E+00 0.00000E+00 0.00000E+00 % lost data
5.20114E+09 3.32703E+18 3.68405E+18 3.72933E+18 % total
];

MAT_uco_H = [
0.00000E+00 4.03131E-09 6.16343E-08 1.06984E-07 % H3
0.00000E+00 1.72865E+03 1.73688E+03 1.72213E+03 % Xe135
2.18912E-03 2.18154E-03 2.05732E-03 1.92495E-03 % U235
1.53364E-03 1.53339E-03 1.52909E-03 1.52414E-03 % U238
0.00000E+00 7.63640E-07 1.88803E-02 1.82929E-01 % Pu238
0.00000E+00 2.60763E-02 8.28980E-01 1.49425E+00 % Pu239
0.00000E+00 3.46000E-04 1.91250E-01 6.67071E-01 % Pu240
0.00000E+00 8.83809E-07 9.82437E-03 7.01725E-02 % Pu241
0.00000E+00 2.93058E-11 6.53002E-06 1.01283E-04 % Pu242
0.00000E+00 4.51012E-09 9.71702E-04 1.43932E-02 % Am241
0.00000E+00 9.99816E-12 1.04431E-04 3.60619E-03 % Am244
0.00000E+00 3.19771E-15 3.02534E-08 1.05873E-06 % Am245
0.00000E+00 0.00000E+00 0.00000E+00 0.00000E+00 % lost data
3.72276E-03 1.19881E+06 1.22659E+06 1.21694E+06 % total
];

MAT_uco_SF = [
0.00000E+00 0.00000E+00 0.00000E+00 0.00000E+00 % H3
0.00000E+00 0.00000E+00 0.00000E+00 0.00000E+00 % Xe135
2.13276E-01 2.12538E-01 2.00436E-01 1.87539E-01 % U235
1.22248E+05 1.22228E+05 1.21885E+05 1.21491E+05 % U238
0.00000E+00 1.58632E-03 3.92203E+01 3.80002E+02 % Pu238
0.00000E+00 9.62631E-02 3.06026E+00 5.51618E+00 % Pu239
0.00000E+00 2.34420E+01 1.29575E+04 4.51950E+04 % Pu240
0.00000E+00 0.00000E+00 0.00000E+00 0.00000E+00 % Pu241
0.00000E+00 2.01929E-04 4.49945E+01 6.97881E+02 % Pu242
0.00000E+00 2.16305E-08 4.66028E-03 6.90295E-02 % Am241
0.00000E+00 0.00000E+00 0.00000E+00 0.00000E+00 % Am244
0.00000E+00 0.00000E+00 0.00000E+00 0.00000E+00 % Am245
0.00000E+00 0.00000E+00 0.00000E+00 0.00000E+00 % lost data
1.22248E+05 1.22252E+05 1.37055E+05 2.34378E+05 % total
];

MAT_uco_ING_TOX = [
0.00000E+00 1.85726E-04 2.83955E-03 4.92885E-03 % H3
0.00000E+00 4.02674E+09 4.04591E+09 4.01154E+09 % Xe135
1.39222E+02 1.38740E+02 1.30840E+02 1.22421E+02 % U235
1.00754E+02 1.00737E+02 1.00455E+02 1.00130E+02 % U238
0.00000E+00 1.96158E-01 4.84982E+03 4.69895E+04 % Pu238
0.00000E+00 7.76315E+03 2.46795E+05 4.44853E+05 % Pu239
0.00000E+00 1.02816E+02 5.68310E+04 1.98224E+05 % Pu240
0.00000E+00 4.94448E+00 5.49626E+04 3.92581E+05 % Pu241
0.00000E+00 8.81144E-06 1.96340E+00 3.04530E+01 % Pu242
0.00000E+00 1.00607E-03 2.16757E+02 3.21067E+03 % Am241
0.00000E+00 2.58907E-08 2.70430E-01 9.33839E+00 % Am244
0.00000E+00 3.92953E-12 3.71772E-05 1.30104E-03 % Am245
0.00000E+00 0.00000E+00 0.00000E+00 0.00000E+00 % lost data
2.39976E+02 4.51584E+10 6.05893E+10 6.03859E+10 % total
];

MAT_uco_INH_TOX = [
0.00000E+00 1.14973E-03 1.75782E-02 3.05119E-02 % H3
0.00000E+00 2.10925E+09 2.11928E+09 2.10129E+09 % Xe135
2.51785E+04 2.50913E+04 2.36625E+04 2.21400E+04 % U235
1.79118E+04 1.79089E+04 1.78587E+04 1.78008E+04 % U238
0.00000E+00 9.38146E+01 2.31948E+06 2.24732E+07 % Pu238
0.00000E+00 3.72631E+06 1.18462E+08 2.13529E+08 % Pu239
0.00000E+00 4.93516E+04 2.72789E+07 9.51474E+07 % Pu240
0.00000E+00 2.36923E+03 2.63362E+07 1.88112E+08 % Pu241
0.00000E+00 4.03858E-03 8.99890E+02 1.39576E+04 % Pu242
0.00000E+00 4.82914E-01 1.04043E+05 1.54112E+06 % Am241
0.00000E+00 2.08251E-07 2.17520E+00 7.51132E+01 % Am244
0.00000E+00 3.54926E-12 3.35794E-05 1.17513E-03 % Am245
0.00000E+00 0.00000E+00 0.00000E+00 0.00000E+00 % lost data
4.30902E+04 4.40808E+10 5.89789E+10 6.07437E+10 % total
];

TOT_VOLUME = [ 2.20231E+04 2.20231E+04 2.20231E+04 2.20231E+04 ];

TOT_BURNUP = [ 0.00000E+00 4.60684E-01 8.20044E+00 1.68615E+01 ];

TOT_ADENS = [
0.00000E+00 1.12625E-13 1.72191E-12 2.98887E-12 % H3
0.00000E+00 4.13313E-08 4.15280E-08 4.11753E-08 % Xe135
4.31104E-03 4.29611E-03 4.05148E-03 3.79079E-03 % U235
2.06805E-02 2.06771E-02 2.06192E-02 2.05524E-02 % U238
0.00000E+00 1.54624E-13 3.82294E-09 3.70401E-08 % Pu238
0.00000E+00 1.54773E-06 4.92032E-05 8.86897E-05 % Pu239
0.00000E+00 5.57814E-09 3.08329E-06 1.07544E-05 % Pu240
0.00000E+00 3.04307E-11 3.38265E-07 2.41613E-06 % Pu241
0.00000E+00 2.84618E-14 6.34197E-09 9.83662E-08 % Pu242
0.00000E+00 4.49867E-15 9.69234E-10 1.43566E-08 % Am241
0.00000E+00 1.34062E-22 1.40029E-15 4.83542E-14 % Am244
0.00000E+00 3.06409E-26 2.89892E-19 1.01449E-17 % Am245
0.00000E+00 9.73520E-08 1.74268E-06 3.59759E-06 % lost data
7.04520E-02 7.04638E-02 7.06628E-02 7.08851E-02 % total
];

