
DET1001 = [
    1    1    1    1    1    1    1    1    1    1  4.72303E+18 0.00480 
    2    2    1    1    1    1    1    1    1    1  1.85423E+18 0.00605 
    3    3    1    1    1    1    1    1    1    1  1.91618E+17 0.01139 
];


DET1001E = [
 1.00000E-09  6.25000E-07  3.13000E-07
 6.25000E-07  1.00000E-01  5.00003E-02
 1.00000E-01  2.00000E+01  1.00500E+01
];

DET1002 = [
    1    1    1    1    1    1    1    1    1    1  1.34619E+17 0.00820 
    2    2    1    1    1    1    1    1    1    1  3.68968E+17 0.00533 
    3    3    1    1    1    1    1    1    1    1  1.80331E+17 0.00660 
];


DET1002E = [
 1.00000E-09  6.25000E-07  3.13000E-07
 6.25000E-07  1.00000E-01  5.00003E-02
 1.00000E-01  2.00000E+01  1.00500E+01
];
