
DET1001 = [
    1    1    1    1    1    1    1    1    1    1  3.83179E+18 0.00488 
    2    2    1    1    1    1    1    1    1    1  1.77799E+18 0.00577 
    3    3    1    1    1    1    1    1    1    1  1.87400E+17 0.01148 
];


DET1001E = [
 1.00000E-09  6.25000E-07  3.13000E-07
 6.25000E-07  1.00000E-01  5.00003E-02
 1.00000E-01  2.00000E+01  1.00500E+01
];

DET1002 = [
    1    1    1    1    1    1    1    1    1    1  6.72887E+16 0.01061 
    2    2    1    1    1    1    1    1    1    1  3.16484E+17 0.00503 
    3    3    1    1    1    1    1    1    1    1  1.61888E+17 0.00647 
];


DET1002E = [
 1.00000E-09  6.25000E-07  3.13000E-07
 6.25000E-07  1.00000E-01  5.00003E-02
 1.00000E-01  2.00000E+01  1.00500E+01
];
