
DET1001 = [
    1    1    1    1    1    1    1    1    1    1  3.92324E+18 0.00495 
    2    2    1    1    1    1    1    1    1    1  1.84192E+18 0.00561 
    3    3    1    1    1    1    1    1    1    1  1.91234E+17 0.01159 
];


DET1001E = [
 1.00000E-09  6.25000E-07  3.13000E-07
 6.25000E-07  1.00000E-01  5.00003E-02
 1.00000E-01  2.00000E+01  1.00500E+01
];

DET1002 = [
    1    1    1    1    1    1    1    1    1    1  6.66200E+16 0.01117 
    2    2    1    1    1    1    1    1    1    1  3.34829E+17 0.00521 
    3    3    1    1    1    1    1    1    1    1  1.73170E+17 0.00640 
];


DET1002E = [
 1.00000E-09  6.25000E-07  3.13000E-07
 6.25000E-07  1.00000E-01  5.00003E-02
 1.00000E-01  2.00000E+01  1.00500E+01
];
