
DET1001 = [
    1    1    1    1    1    1    1    1    1    1  4.82371E+18 0.00464 
    2    2    1    1    1    1    1    1    1    1  2.03578E+18 0.00592 
    3    3    1    1    1    1    1    1    1    1  2.09122E+17 0.01166 
];


DET1001E = [
 1.00000E-09  6.25000E-07  3.13000E-07
 6.25000E-07  1.00000E-01  5.00003E-02
 1.00000E-01  2.00000E+01  1.00500E+01
];

DET1002 = [
    1    1    1    1    1    1    1    1    1    1  1.17338E+17 0.00877 
    2    2    1    1    1    1    1    1    1    1  3.91469E+17 0.00492 
    3    3    1    1    1    1    1    1    1    1  1.88634E+17 0.00661 
];


DET1002E = [
 1.00000E-09  6.25000E-07  3.13000E-07
 6.25000E-07  1.00000E-01  5.00003E-02
 1.00000E-01  2.00000E+01  1.00500E+01
];
