
DET1001 = [
    1    1    1    1    1    1    1    1    1    1  4.80476E+18 0.00481 
    2    2    1    1    1    1    1    1    1    1  1.99590E+18 0.00567 
    3    3    1    1    1    1    1    1    1    1  2.05265E+17 0.01096 
];


DET1001E = [
 1.00000E-09  6.25000E-07  3.13000E-07
 6.25000E-07  1.00000E-01  5.00003E-02
 1.00000E-01  2.00000E+01  1.00500E+01
];

DET1002 = [
    1    1    1    1    1    1    1    1    1    1  1.19515E+17 0.00815 
    2    2    1    1    1    1    1    1    1    1  3.85357E+17 0.00493 
    3    3    1    1    1    1    1    1    1    1  1.85984E+17 0.00632 
];


DET1002E = [
 1.00000E-09  6.25000E-07  3.13000E-07
 6.25000E-07  1.00000E-01  5.00003E-02
 1.00000E-01  2.00000E+01  1.00500E+01
];
