
DET1001 = [
    1    1    1    1    1    1    1    1    1    1  4.76878E+18 0.00457 
    2    2    1    1    1    1    1    1    1    1  1.95951E+18 0.00564 
    3    3    1    1    1    1    1    1    1    1  2.02237E+17 0.01080 
];


DET1001E = [
 1.00000E-09  6.25000E-07  3.13000E-07
 6.25000E-07  1.00000E-01  5.00003E-02
 1.00000E-01  2.00000E+01  1.00500E+01
];

DET1002 = [
    1    1    1    1    1    1    1    1    1    1  1.19237E+17 0.00812 
    2    2    1    1    1    1    1    1    1    1  3.72032E+17 0.00504 
    3    3    1    1    1    1    1    1    1    1  1.78978E+17 0.00654 
];


DET1002E = [
 1.00000E-09  6.25000E-07  3.13000E-07
 6.25000E-07  1.00000E-01  5.00003E-02
 1.00000E-01  2.00000E+01  1.00500E+01
];
