
ZAI = [
10030
541350
922350
922380
942380
942390
942400
942410
942420
952410
952440
952450
666
0
];

NAMES = [
'H3              '
'Xe135           '
'U235            '
'U238            '
'Pu238           '
'Pu239           '
'Pu240           '
'Pu241           '
'Pu242           '
'Am241           '
'Am244           '
'Am245           '
'lost            '
'total           '
];

i10030  = 1; iH3               = 1;
i541350 = 2; iXe135            = 2;
i922350 = 3; iU235             = 3;
i922380 = 4; iU238             = 4;
i942380 = 5; iPu238            = 5;
i942390 = 6; iPu239            = 6;
i942400 = 7; iPu240            = 7;
i942410 = 8; iPu241            = 8;
i942420 = 9; iPu242            = 9;
i952410 = 10; iAm241            = 10;
i952440 = 11; iAm244            = 11;
i952450 = 12; iAm245            = 12;
iLOST    = 13;
iTOT     = 14;

MAT_uco_VOLUME = [ 3.93127E+04 3.93127E+04 3.93127E+04 3.93127E+04 ];

MAT_uco_BURNUP = [ 0.00000E+00 2.58079E-01 4.59375E+00 9.44556E+00 ];

MAT_uco_ADENS = [
0.00000E+00 7.83252E-14 1.25411E-12 2.35077E-12 % H3
0.00000E+00 2.88216E-08 2.91124E-08 2.92052E-08 % Xe135
3.74777E-03 3.73937E-03 3.60102E-03 3.45208E-03 % U235
2.12374E-02 2.12352E-02 2.11971E-02 2.11536E-02 % U238
0.00000E+00 6.71076E-14 1.15214E-09 1.06228E-08 % Pu238
0.00000E+00 1.02631E-06 3.42118E-05 6.52233E-05 % Pu239
0.00000E+00 2.41216E-09 1.38682E-06 5.15917E-06 % Pu240
0.00000E+00 9.32306E-12 1.07507E-07 8.25699E-07 % Pu241
0.00000E+00 5.62663E-15 1.27846E-09 2.07719E-08 % Pu242
0.00000E+00 1.38339E-15 3.08639E-10 4.94148E-09 % Am241
0.00000E+00 1.33725E-23 1.35785E-16 4.95913E-15 % Am244
0.00000E+00 1.99228E-27 1.83200E-20 6.67193E-19 % Am245
0.00000E+00 5.45402E-08 9.74816E-07 2.01116E-06 % lost data
7.04339E-02 7.04406E-02 7.05520E-02 7.06766E-02 % total
];

MAT_uco_MDENS = [
0.00000E+00 3.92209E-13 6.27990E-12 1.17713E-11 % H3
0.00000E+00 6.45666E-06 6.52182E-06 6.54261E-06 % Xe135
1.46278E+00 1.45950E+00 1.40550E+00 1.34737E+00 % U235
8.39511E+00 8.39424E+00 8.37921E+00 8.36198E+00 % U238
0.00000E+00 2.65274E-11 4.55438E-07 4.19914E-06 % Pu238
0.00000E+00 4.07407E-04 1.35808E-02 2.58912E-02 % Pu239
0.00000E+00 9.61548E-07 5.52823E-04 2.05658E-03 % Pu240
0.00000E+00 3.73181E-09 4.30326E-05 3.30508E-04 % Pu241
0.00000E+00 2.26165E-12 5.13882E-07 8.34934E-06 % Pu242
0.00000E+00 5.53758E-13 1.23545E-07 1.97803E-06 % Am241
0.00000E+00 5.41967E-21 5.50317E-14 2.00986E-12 % Am244
0.00000E+00 8.10758E-25 7.45533E-18 2.71513E-16 % Am245
0.00000E+00 0.00000E+00 0.00000E+00 0.00000E+00 % lost data
1.10000E+01 1.10000E+01 1.09993E+01 1.09986E+01 % total
];

MAT_uco_A = [
0.00000E+00 5.48965E+06 8.78983E+07 1.64760E+08 % H3
0.00000E+00 2.38686E+16 2.41095E+16 2.41863E+16 % Xe135
4.59679E+09 4.58649E+09 4.41680E+09 4.23412E+09 % U235
4.10433E+09 4.10390E+09 4.09656E+09 4.08813E+09 % U238
0.00000E+00 6.60733E+05 1.13438E+10 1.04590E+11 % Pu238
0.00000E+00 3.67568E+10 1.22527E+12 2.33593E+12 % Pu239
0.00000E+00 3.17461E+08 1.82518E+11 6.78991E+11 % Pu240
0.00000E+00 5.63352E+08 6.49618E+12 4.98934E+13 % Pu241
0.00000E+00 1.29561E+01 2.94383E+06 4.78302E+07 % Pu242
0.00000E+00 2.76129E+03 6.16053E+08 9.86336E+09 % Am241
0.00000E+00 1.00218E+01 1.01762E+08 3.71654E+09 % Am244
0.00000E+00 7.35619E-03 6.76438E+04 2.46350E+06 % Am245
0.00000E+00 0.00000E+00 0.00000E+00 0.00000E+00 % lost data
8.70112E+09 3.38734E+18 3.76700E+18 3.82372E+18 % total
];

MAT_uco_H = [
0.00000E+00 5.00458E-09 8.01315E-08 1.50202E-07 % H3
0.00000E+00 2.15179E+03 2.17351E+03 2.18044E+03 % Xe135
3.39715E-03 3.38954E-03 3.26413E-03 3.12912E-03 % U235
2.81136E-03 2.81107E-03 2.80604E-03 2.80027E-03 % U238
0.00000E+00 5.91612E-07 1.01571E-02 9.36487E-02 % Pu238
0.00000E+00 3.08663E-02 1.02892E+00 1.96158E+00 % Pu239
0.00000E+00 2.67083E-04 1.53554E-01 5.71243E-01 % Pu240
0.00000E+00 4.83347E-07 5.57361E-03 4.28077E-02 % Pu241
0.00000E+00 1.03417E-11 2.34980E-06 3.81786E-05 % Pu242
0.00000E+00 2.47572E-09 5.52342E-04 8.84331E-03 % Am241
0.00000E+00 1.78025E-12 1.80768E-05 6.60197E-04 % Am244
0.00000E+00 3.71144E-16 3.41285E-09 1.24292E-07 % Am245
0.00000E+00 0.00000E+00 0.00000E+00 0.00000E+00 % lost data
6.20851E-03 1.20391E+06 1.24006E+06 1.23569E+06 % total
];

MAT_uco_SF = [
0.00000E+00 0.00000E+00 0.00000E+00 0.00000E+00 % H3
0.00000E+00 0.00000E+00 0.00000E+00 0.00000E+00 % Xe135
3.30969E-01 3.30227E-01 3.18010E-01 3.04856E-01 % U235
2.24097E+05 2.24073E+05 2.23672E+05 2.23212E+05 % U238
0.00000E+00 1.22896E-03 2.10995E+01 1.94538E+02 % Pu238
0.00000E+00 1.13946E-01 3.79835E+00 7.24138E+00 % Pu239
0.00000E+00 1.80953E+01 1.04035E+04 3.87025E+04 % Pu240
0.00000E+00 0.00000E+00 0.00000E+00 0.00000E+00 % Pu241
0.00000E+00 7.12586E-05 1.61911E+01 2.63066E+02 % Pu242
0.00000E+00 1.18736E-08 2.64903E-03 4.24125E-02 % Am241
0.00000E+00 0.00000E+00 0.00000E+00 0.00000E+00 % Am244
0.00000E+00 0.00000E+00 0.00000E+00 0.00000E+00 % Am245
0.00000E+00 0.00000E+00 0.00000E+00 0.00000E+00 % lost data
2.24097E+05 2.24092E+05 2.34895E+05 2.87907E+05 % total
];

MAT_uco_ING_TOX = [
0.00000E+00 2.30565E-04 3.69173E-03 6.91994E-03 % H3
0.00000E+00 5.01240E+09 5.06299E+09 5.07913E+09 % Xe135
2.16049E+02 2.15565E+02 2.07590E+02 1.99004E+02 % U235
1.84695E+02 1.84676E+02 1.84345E+02 1.83966E+02 % U238
0.00000E+00 1.51969E-01 2.60908E+03 2.40558E+04 % Pu238
0.00000E+00 9.18919E+03 3.06319E+05 5.83982E+05 % Pu239
0.00000E+00 7.93652E+01 4.56295E+04 1.69748E+05 % Pu240
0.00000E+00 2.70409E+00 3.11816E+04 2.39488E+05 % Pu241
0.00000E+00 3.10947E-06 7.06520E-01 1.14792E+01 % Pu242
0.00000E+00 5.52258E-04 1.23211E+02 1.97267E+03 % Am241
0.00000E+00 4.61003E-09 4.68106E-02 1.70961E+00 % Am244
0.00000E+00 4.56084E-13 4.19392E-06 1.52737E-04 % Am245
0.00000E+00 0.00000E+00 0.00000E+00 0.00000E+00 % lost data
4.00744E+02 4.61896E+10 6.19082E+10 6.19360E+10 % total
];

MAT_uco_INH_TOX = [
0.00000E+00 1.42731E-03 2.28536E-02 4.28377E-02 % H3
0.00000E+00 2.62554E+09 2.65204E+09 2.66049E+09 % Xe135
3.90727E+04 3.89852E+04 3.75428E+04 3.59900E+04 % U235
3.28347E+04 3.28312E+04 3.27725E+04 3.27051E+04 % U238
0.00000E+00 7.26807E+01 1.24782E+06 1.15049E+07 % Pu238
0.00000E+00 4.41081E+06 1.47033E+08 2.80311E+08 % Pu239
0.00000E+00 3.80953E+04 2.19022E+07 8.14790E+07 % Pu240
0.00000E+00 1.29571E+03 1.49412E+07 1.14755E+08 % Pu241
0.00000E+00 1.42517E-03 3.23822E+02 5.26132E+03 % Pu242
0.00000E+00 2.65084E-01 5.91411E+04 9.46883E+05 % Am241
0.00000E+00 3.70807E-08 3.76520E-01 1.37512E+01 % Am244
0.00000E+00 4.11946E-13 3.78805E-06 1.37956E-04 % Am245
0.00000E+00 0.00000E+00 0.00000E+00 0.00000E+00 % lost data
7.19074E+04 4.46569E+10 5.97904E+10 6.16939E+10 % total
];

TOT_VOLUME = [ 3.93127E+04 3.93127E+04 3.93127E+04 3.93127E+04 ];

TOT_BURNUP = [ 0.00000E+00 2.58079E-01 4.59375E+00 9.44556E+00 ];

TOT_ADENS = [
0.00000E+00 7.83252E-14 1.25411E-12 2.35077E-12 % H3
0.00000E+00 2.88216E-08 2.91124E-08 2.92052E-08 % Xe135
3.74777E-03 3.73937E-03 3.60102E-03 3.45208E-03 % U235
2.12374E-02 2.12352E-02 2.11971E-02 2.11536E-02 % U238
0.00000E+00 6.71076E-14 1.15214E-09 1.06228E-08 % Pu238
0.00000E+00 1.02631E-06 3.42118E-05 6.52233E-05 % Pu239
0.00000E+00 2.41216E-09 1.38682E-06 5.15917E-06 % Pu240
0.00000E+00 9.32306E-12 1.07507E-07 8.25699E-07 % Pu241
0.00000E+00 5.62663E-15 1.27846E-09 2.07719E-08 % Pu242
0.00000E+00 1.38339E-15 3.08639E-10 4.94148E-09 % Am241
0.00000E+00 1.33725E-23 1.35785E-16 4.95913E-15 % Am244
0.00000E+00 1.99228E-27 1.83200E-20 6.67193E-19 % Am245
0.00000E+00 5.45402E-08 9.74816E-07 2.01116E-06 % lost data
7.04339E-02 7.04406E-02 7.05520E-02 7.06766E-02 % total
];

