
DET1001 = [
    1    1    1    1    1    1    1    1    1    1  5.86843E+18 0.00417 
    2    2    1    1    1    1    1    1    1    1  2.39817E+18 0.00500 
    3    3    1    1    1    1    1    1    1    1  3.94249E+17 0.00969 
];


DET1001E = [
 1.00000E-09  6.25000E-07  3.13000E-07
 6.25000E-07  1.00000E-01  5.00003E-02
 1.00000E-01  2.00000E+01  1.00500E+01
];

DET1002 = [
    1    1    1    1    1    1    1    1    1    1  1.52269E+17 0.00820 
    2    2    1    1    1    1    1    1    1    1  4.14272E+17 0.00491 
    3    3    1    1    1    1    1    1    1    1  2.22515E+17 0.00616 
];


DET1002E = [
 1.00000E-09  6.25000E-07  3.13000E-07
 6.25000E-07  1.00000E-01  5.00003E-02
 1.00000E-01  2.00000E+01  1.00500E+01
];
