
DET1001 = [
    1    1    1    1    1    1    1    1    1    1  5.77620E+18 0.00404 
    2    2    1    1    1    1    1    1    1    1  2.34052E+18 0.00502 
    3    3    1    1    1    1    1    1    1    1  3.88309E+17 0.00962 
];


DET1001E = [
 1.00000E-09  6.25000E-07  3.13000E-07
 6.25000E-07  1.00000E-01  5.00003E-02
 1.00000E-01  2.00000E+01  1.00500E+01
];

DET1002 = [
    1    1    1    1    1    1    1    1    1    1  1.52130E+17 0.00839 
    2    2    1    1    1    1    1    1    1    1  4.00236E+17 0.00504 
    3    3    1    1    1    1    1    1    1    1  2.14329E+17 0.00619 
];


DET1002E = [
 1.00000E-09  6.25000E-07  3.13000E-07
 6.25000E-07  1.00000E-01  5.00003E-02
 1.00000E-01  2.00000E+01  1.00500E+01
];
