
ZAI = [
10030
541350
922350
922380
942380
942390
942400
942410
942420
952410
952440
952450
666
0
];

NAMES = [
'H3              '
'Xe135           '
'U235            '
'U238            '
'Pu238           '
'Pu239           '
'Pu240           '
'Pu241           '
'Pu242           '
'Am241           '
'Am244           '
'Am245           '
'lost            '
'total           '
];

i10030  = 1; iH3               = 1;
i541350 = 2; iXe135            = 2;
i922350 = 3; iU235             = 3;
i922380 = 4; iU238             = 4;
i942380 = 5; iPu238            = 5;
i942390 = 6; iPu239            = 6;
i942400 = 7; iPu240            = 7;
i942410 = 8; iPu241            = 8;
i942420 = 9; iPu242            = 9;
i952410 = 10; iAm241            = 10;
i952440 = 11; iAm244            = 11;
i952450 = 12; iAm245            = 12;
iLOST    = 13;
iTOT     = 14;

MAT_uco_VOLUME = [ 3.19338E+04 3.19338E+04 3.19338E+04 3.19338E+04 ];

MAT_uco_BURNUP = [ 0.00000E+00 3.17711E-01 5.65526E+00 1.16283E+01 ];

MAT_uco_ADENS = [
0.00000E+00 8.78159E-14 1.38493E-12 2.48142E-12 % H3
0.00000E+00 3.17032E-08 3.19852E-08 3.20093E-08 % Xe135
3.74777E-03 3.73749E-03 3.56875E-03 3.38822E-03 % U235
2.12374E-02 2.12348E-02 2.11903E-02 2.11391E-02 % U238
0.00000E+00 9.11521E-14 1.72906E-09 1.63739E-08 % Pu238
0.00000E+00 1.19837E-06 3.89937E-05 7.24789E-05 % Pu239
0.00000E+00 3.46569E-09 1.98527E-06 7.19713E-06 % Pu240
0.00000E+00 1.50642E-11 1.73805E-07 1.28921E-06 % Pu241
0.00000E+00 1.16363E-14 2.67519E-09 4.23834E-08 % Pu242
0.00000E+00 2.22333E-15 4.98137E-10 7.68582E-09 % Am241
0.00000E+00 3.50206E-23 3.65485E-16 1.31574E-14 % Am244
0.00000E+00 6.72611E-27 6.31924E-20 2.28231E-18 % Am245
0.00000E+00 6.71353E-08 1.20103E-06 2.47906E-06 % lost data
7.04339E-02 7.04421E-02 7.05794E-02 7.07327E-02 % total
];

MAT_uco_MDENS = [
0.00000E+00 4.39733E-13 6.93498E-12 1.24256E-11 % H3
0.00000E+00 7.10220E-06 7.16539E-06 7.17078E-06 % Xe135
1.46278E+00 1.45876E+00 1.39290E+00 1.32244E+00 % U235
8.39511E+00 8.39409E+00 8.37650E+00 8.35628E+00 % U238
0.00000E+00 3.60321E-11 6.83491E-07 6.47254E-06 % Pu238
0.00000E+00 4.75707E-04 1.54790E-02 2.87714E-02 % Pu239
0.00000E+00 1.38151E-06 7.91381E-04 2.86896E-03 % Pu240
0.00000E+00 6.02987E-09 6.95701E-05 5.16040E-04 % Pu241
0.00000E+00 4.67725E-12 1.07530E-06 1.70362E-05 % Pu242
0.00000E+00 8.89977E-13 1.99400E-07 3.07656E-06 % Am241
0.00000E+00 1.41933E-20 1.48126E-13 5.33252E-12 % Am244
0.00000E+00 2.73718E-24 2.57161E-17 9.28782E-16 % Am245
0.00000E+00 0.00000E+00 0.00000E+00 0.00000E+00 % lost data
1.10000E+01 1.10000E+01 1.09992E+01 1.09983E+01 % total
];

MAT_uco_A = [
0.00000E+00 4.99959E+06 7.88479E+07 1.41274E+08 % H3
0.00000E+00 2.13270E+16 2.15167E+16 2.15329E+16 % Xe135
3.73398E+09 3.72374E+09 3.55563E+09 3.37576E+09 % U235
3.33396E+09 3.33355E+09 3.32657E+09 3.31854E+09 % U238
0.00000E+00 7.29019E+05 1.38287E+10 1.30955E+11 % Pu238
0.00000E+00 3.48631E+10 1.13441E+12 2.10856E+12 % Pu239
0.00000E+00 3.70503E+08 2.12238E+11 7.69417E+11 % Pu240
0.00000E+00 7.39412E+08 8.53102E+12 6.32793E+13 % Pu241
0.00000E+00 2.17650E+01 5.00379E+06 7.92757E+07 % Pu242
0.00000E+00 3.60486E+03 8.07672E+08 1.24617E+10 % Am241
0.00000E+00 2.13194E+01 2.22495E+08 8.00982E+09 % Am244
0.00000E+00 2.01736E-02 1.89533E+05 6.84531E+06 % Am245
0.00000E+00 0.00000E+00 0.00000E+00 0.00000E+00 % lost data
7.06794E+09 3.36628E+18 3.73812E+18 3.78969E+18 % total
];

MAT_uco_H = [
0.00000E+00 4.55782E-09 7.18808E-08 1.28790E-07 % H3
0.00000E+00 1.92266E+03 1.93977E+03 1.94123E+03 % Xe135
2.75951E-03 2.75194E-03 2.62770E-03 2.49478E-03 % U235
2.28368E-03 2.28340E-03 2.27861E-03 2.27311E-03 % U238
0.00000E+00 6.52754E-07 1.23820E-02 1.17256E-01 % Pu238
0.00000E+00 2.92761E-02 9.52614E-01 1.77065E+00 % Pu239
0.00000E+00 3.11708E-04 1.78558E-01 6.47319E-01 % Pu240
0.00000E+00 6.34403E-07 7.31947E-03 5.42926E-02 % Pu241
0.00000E+00 1.73731E-11 3.99408E-06 6.32787E-05 % Pu242
0.00000E+00 3.23205E-09 7.24144E-04 1.11729E-02 % Am241
0.00000E+00 3.78712E-12 3.95235E-05 1.42284E-03 % Am244
0.00000E+00 1.01782E-15 9.56256E-09 3.45369E-07 % Am245
0.00000E+00 0.00000E+00 0.00000E+00 0.00000E+00 % lost data
5.04319E-03 1.20204E+06 1.23507E+06 1.22806E+06 % total
];

MAT_uco_SF = [
0.00000E+00 0.00000E+00 0.00000E+00 0.00000E+00 % H3
0.00000E+00 0.00000E+00 0.00000E+00 0.00000E+00 % Xe135
2.68847E-01 2.68110E-01 2.56005E-01 2.43055E-01 % U235
1.82034E+05 1.82012E+05 1.81631E+05 1.81192E+05 % U238
0.00000E+00 1.35598E-03 2.57214E+01 2.43577E+02 % Pu238
0.00000E+00 1.08076E-01 3.51667E+00 6.53654E+00 % Pu239
0.00000E+00 2.11187E+01 1.20976E+04 4.38568E+04 % Pu240
0.00000E+00 0.00000E+00 0.00000E+00 0.00000E+00 % Pu241
0.00000E+00 1.19707E-04 2.75209E+01 4.36016E+02 % Pu242
0.00000E+00 1.55009E-08 3.47299E-03 5.35852E-02 % Am241
0.00000E+00 0.00000E+00 0.00000E+00 0.00000E+00 % Am244
0.00000E+00 0.00000E+00 0.00000E+00 0.00000E+00 % Am245
0.00000E+00 0.00000E+00 0.00000E+00 0.00000E+00 % lost data
1.82034E+05 1.82034E+05 1.95073E+05 2.66982E+05 % total
];

MAT_uco_ING_TOX = [
0.00000E+00 2.09983E-04 3.31161E-03 5.93349E-03 % H3
0.00000E+00 4.47867E+09 4.51851E+09 4.52191E+09 % Xe135
1.75497E+02 1.75016E+02 1.67114E+02 1.58661E+02 % U235
1.50028E+02 1.50010E+02 1.49696E+02 1.49334E+02 % U238
0.00000E+00 1.67674E-01 3.18060E+03 3.01198E+04 % Pu238
0.00000E+00 8.71577E+03 2.83602E+05 5.27141E+05 % Pu239
0.00000E+00 9.26257E+01 5.30594E+04 1.92354E+05 % Pu240
0.00000E+00 3.54918E+00 4.09489E+04 3.03741E+05 % Pu241
0.00000E+00 5.22360E-06 1.20091E+00 1.90262E+01 % Pu242
0.00000E+00 7.20973E-04 1.61534E+02 2.49233E+03 % Am241
0.00000E+00 9.80693E-09 1.02348E-01 3.68452E+00 % Am244
0.00000E+00 1.25076E-12 1.17510E-05 4.24409E-04 % Am245
0.00000E+00 0.00000E+00 0.00000E+00 0.00000E+00 % lost data
3.25525E+02 4.56368E+10 6.12783E+10 6.12185E+10 % total
];

MAT_uco_INH_TOX = [
0.00000E+00 1.29989E-03 2.05005E-02 3.67312E-02 % H3
0.00000E+00 2.34597E+09 2.36684E+09 2.36862E+09 % Xe135
3.17389E+04 3.16518E+04 3.02228E+04 2.86940E+04 % U235
2.66717E+04 2.66684E+04 2.66126E+04 2.65483E+04 % U238
0.00000E+00 8.01921E+01 1.52116E+06 1.44051E+07 % Pu238
0.00000E+00 4.18357E+06 1.36129E+08 2.53028E+08 % Pu239
0.00000E+00 4.44604E+04 2.54685E+07 9.23301E+07 % Pu240
0.00000E+00 1.70065E+03 1.96213E+07 1.45542E+08 % Pu241
0.00000E+00 2.39415E-03 5.50417E+02 8.72032E+03 % Pu242
0.00000E+00 3.46067E-01 7.75365E+04 1.19632E+06 % Am241
0.00000E+00 7.88818E-08 8.23233E-01 2.96364E+01 % Am244
0.00000E+00 1.12972E-12 1.06138E-05 3.83337E-04 % Am245
0.00000E+00 0.00000E+00 0.00000E+00 0.00000E+00 % lost data
5.84105E+04 4.43521E+10 5.94389E+10 6.12968E+10 % total
];

TOT_VOLUME = [ 3.19338E+04 3.19338E+04 3.19338E+04 3.19338E+04 ];

TOT_BURNUP = [ 0.00000E+00 3.17711E-01 5.65526E+00 1.16283E+01 ];

TOT_ADENS = [
0.00000E+00 8.78159E-14 1.38493E-12 2.48142E-12 % H3
0.00000E+00 3.17032E-08 3.19852E-08 3.20093E-08 % Xe135
3.74777E-03 3.73749E-03 3.56875E-03 3.38822E-03 % U235
2.12374E-02 2.12348E-02 2.11903E-02 2.11391E-02 % U238
0.00000E+00 9.11521E-14 1.72906E-09 1.63739E-08 % Pu238
0.00000E+00 1.19837E-06 3.89937E-05 7.24789E-05 % Pu239
0.00000E+00 3.46569E-09 1.98527E-06 7.19713E-06 % Pu240
0.00000E+00 1.50642E-11 1.73805E-07 1.28921E-06 % Pu241
0.00000E+00 1.16363E-14 2.67519E-09 4.23834E-08 % Pu242
0.00000E+00 2.22333E-15 4.98137E-10 7.68582E-09 % Am241
0.00000E+00 3.50206E-23 3.65485E-16 1.31574E-14 % Am244
0.00000E+00 6.72611E-27 6.31924E-20 2.28231E-18 % Am245
0.00000E+00 6.71353E-08 1.20103E-06 2.47906E-06 % lost data
7.04339E-02 7.04421E-02 7.05794E-02 7.07327E-02 % total
];

