
DET1001 = [
    1    1    1    1    1    1    1    1    1    1  5.60942E+18 0.00459 
    2    2    1    1    1    1    1    1    1    1  2.25561E+18 0.00492 
    3    3    1    1    1    1    1    1    1    1  3.71358E+17 0.00989 
];


DET1001E = [
 1.00000E-09  6.25000E-07  3.13000E-07
 6.25000E-07  1.00000E-01  5.00003E-02
 1.00000E-01  2.00000E+01  1.00500E+01
];

DET1002 = [
    1    1    1    1    1    1    1    1    1    1  1.53253E+17 0.00775 
    2    2    1    1    1    1    1    1    1    1  3.82947E+17 0.00493 
    3    3    1    1    1    1    1    1    1    1  2.04994E+17 0.00603 
];


DET1002E = [
 1.00000E-09  6.25000E-07  3.13000E-07
 6.25000E-07  1.00000E-01  5.00003E-02
 1.00000E-01  2.00000E+01  1.00500E+01
];
