
DET1001 = [
    1    1    1    1    1    1    1    1    1    1  5.56795E+18 0.00426 
    2    2    1    1    1    1    1    1    1    1  2.03496E+18 0.00514 
    3    3    1    1    1    1    1    1    1    1  3.35693E+17 0.00993 
];


DET1001E = [
 1.00000E-09  6.25000E-07  3.13000E-07
 6.25000E-07  1.00000E-01  5.00003E-02
 1.00000E-01  2.00000E+01  1.00500E+01
];

DET1002 = [
    1    1    1    1    1    1    1    1    1    1  1.81133E+17 0.00709 
    2    2    1    1    1    1    1    1    1    1  3.75859E+17 0.00481 
    3    3    1    1    1    1    1    1    1    1  2.02952E+17 0.00621 
];


DET1002E = [
 1.00000E-09  6.25000E-07  3.13000E-07
 6.25000E-07  1.00000E-01  5.00003E-02
 1.00000E-01  2.00000E+01  1.00500E+01
];
