
DET1001 = [
    1    1    1    1    1    1    1    1    1    1  5.53317E+18 0.00410 
    2    2    1    1    1    1    1    1    1    1  1.99356E+18 0.00521 
    3    3    1    1    1    1    1    1    1    1  3.26939E+17 0.01066 
];


DET1001E = [
 1.00000E-09  6.25000E-07  3.13000E-07
 6.25000E-07  1.00000E-01  5.00003E-02
 1.00000E-01  2.00000E+01  1.00500E+01
];

DET1002 = [
    1    1    1    1    1    1    1    1    1    1  1.84560E+17 0.00672 
    2    2    1    1    1    1    1    1    1    1  3.69914E+17 0.00498 
    3    3    1    1    1    1    1    1    1    1  1.97714E+17 0.00629 
];


DET1002E = [
 1.00000E-09  6.25000E-07  3.13000E-07
 6.25000E-07  1.00000E-01  5.00003E-02
 1.00000E-01  2.00000E+01  1.00500E+01
];
