
DET1001 = [
    1    1    1    1    1    1    1    1    1    1  5.93937E+18 0.00431 
    2    2    1    1    1    1    1    1    1    1  2.14315E+18 0.00530 
    3    3    1    1    1    1    1    1    1    1  3.56286E+17 0.01037 
];


DET1001E = [
 1.00000E-09  6.25000E-07  3.13000E-07
 6.25000E-07  1.00000E-01  5.00003E-02
 1.00000E-01  2.00000E+01  1.00500E+01
];

DET1002 = [
    1    1    1    1    1    1    1    1    1    1  1.89475E+17 0.00690 
    2    2    1    1    1    1    1    1    1    1  4.08653E+17 0.00494 
    3    3    1    1    1    1    1    1    1    1  2.23806E+17 0.00595 
];


DET1002E = [
 1.00000E-09  6.25000E-07  3.13000E-07
 6.25000E-07  1.00000E-01  5.00003E-02
 1.00000E-01  2.00000E+01  1.00500E+01
];
