
DET1001 = [
    1    1    1    1    1    1    1    1    1    1  5.78108E+18 0.00433 
    2    2    1    1    1    1    1    1    1    1  2.09852E+18 0.00532 
    3    3    1    1    1    1    1    1    1    1  3.51100E+17 0.01013 
];


DET1001E = [
 1.00000E-09  6.25000E-07  3.13000E-07
 6.25000E-07  1.00000E-01  5.00003E-02
 1.00000E-01  2.00000E+01  1.00500E+01
];

DET1002 = [
    1    1    1    1    1    1    1    1    1    1  1.84702E+17 0.00693 
    2    2    1    1    1    1    1    1    1    1  3.95100E+17 0.00463 
    3    3    1    1    1    1    1    1    1    1  2.13108E+17 0.00634 
];


DET1002E = [
 1.00000E-09  6.25000E-07  3.13000E-07
 6.25000E-07  1.00000E-01  5.00003E-02
 1.00000E-01  2.00000E+01  1.00500E+01
];
