
ZAI = [
10030
541350
922350
922380
942380
942390
942400
942410
942420
952410
952440
952450
666
0
];

NAMES = [
'H3              '
'Xe135           '
'U235            '
'U238            '
'Pu238           '
'Pu239           '
'Pu240           '
'Pu241           '
'Pu242           '
'Am241           '
'Am244           '
'Am245           '
'lost            '
'total           '
];

i10030  = 1; iH3               = 1;
i541350 = 2; iXe135            = 2;
i922350 = 3; iU235             = 3;
i922380 = 4; iU238             = 4;
i942380 = 5; iPu238            = 5;
i942390 = 6; iPu239            = 6;
i942400 = 7; iPu240            = 7;
i942410 = 8; iPu241            = 8;
i942420 = 9; iPu242            = 9;
i952410 = 10; iAm241            = 10;
i952440 = 11; iAm244            = 11;
i952450 = 12; iAm245            = 12;
iLOST    = 13;
iTOT     = 14;

MAT_uco_VOLUME = [ 1.67860E+04 1.67860E+04 1.67860E+04 1.67860E+04 ];

MAT_uco_BURNUP = [ 0.00000E+00 6.04421E-01 1.07587E+01 2.21221E+01 ];

MAT_uco_ADENS = [
0.00000E+00 1.27130E-13 1.86455E-12 3.08251E-12 % H3
0.00000E+00 4.50873E-08 4.49214E-08 4.39799E-08 % Xe135
4.31104E-03 4.29159E-03 3.97461E-03 3.63967E-03 % U235
2.06805E-02 2.06764E-02 2.06064E-02 2.05249E-02 % U238
0.00000E+00 2.16892E-13 6.39008E-09 6.30237E-08 % Pu238
0.00000E+00 1.86306E-06 5.63310E-05 9.69030E-05 % Pu239
0.00000E+00 8.75313E-09 4.72785E-06 1.57845E-05 % Pu240
0.00000E+00 5.50229E-11 5.97443E-07 4.00137E-06 % Pu241
0.00000E+00 6.99613E-14 1.55652E-08 2.30976E-07 % Pu242
0.00000E+00 8.07921E-15 1.70703E-09 2.35400E-08 % Am241
0.00000E+00 4.28802E-22 4.48436E-15 1.52677E-13 % Am244
0.00000E+00 1.33404E-25 1.26775E-18 4.42475E-17 % Am245
0.00000E+00 1.27709E-07 2.28905E-06 4.72723E-06 % lost data
7.04520E-02 7.04675E-02 7.07287E-02 7.10202E-02 % total
];

MAT_uco_MDENS = [
0.00000E+00 6.36595E-13 9.33661E-12 1.54355E-11 % H3
0.00000E+00 1.01005E-05 1.00634E-05 9.85245E-06 % Xe135
1.68262E+00 1.67503E+00 1.55131E+00 1.42059E+00 % U235
8.17497E+00 8.17338E+00 8.14569E+00 8.11346E+00 % U238
0.00000E+00 8.57367E-11 2.52598E-06 2.49131E-05 % Pu238
0.00000E+00 7.39564E-04 2.23613E-02 3.84668E-02 % Pu239
0.00000E+00 3.48922E-06 1.88464E-03 6.29210E-03 % Pu240
0.00000E+00 2.20244E-08 2.39143E-04 1.60166E-03 % Pu241
0.00000E+00 2.81212E-11 6.25650E-06 9.28419E-05 % Pu242
0.00000E+00 3.23403E-12 6.83307E-07 9.42282E-06 % Am241
0.00000E+00 1.73787E-19 1.81745E-12 6.18778E-11 % Am244
0.00000E+00 5.42888E-23 5.15911E-16 1.80065E-14 % Am245
0.00000E+00 0.00000E+00 0.00000E+00 0.00000E+00 % lost data
1.10000E+01 1.09999E+01 1.09984E+01 1.09968E+01 % total
];

MAT_uco_A = [
0.00000E+00 3.80456E+06 5.57995E+07 9.22488E+07 % H3
0.00000E+00 1.59432E+16 1.58846E+16 1.55517E+16 % Xe135
2.25776E+09 2.24757E+09 2.08157E+09 1.90615E+09 % U235
1.70654E+09 1.70621E+09 1.70043E+09 1.69370E+09 % U238
0.00000E+00 9.11824E+05 2.68642E+10 2.64955E+11 % Pu238
0.00000E+00 2.84903E+10 8.61426E+11 1.48186E+12 % Pu239
0.00000E+00 4.91883E+08 2.65682E+11 8.87010E+11 % Pu240
0.00000E+00 1.41964E+09 1.54146E+13 1.03239E+14 % Pu241
0.00000E+00 6.87856E+01 1.53036E+07 2.27095E+08 % Pu242
0.00000E+00 6.88574E+03 1.45486E+09 2.00626E+10 % Am241
0.00000E+00 1.37216E+02 1.43499E+09 4.88564E+10 % Am244
0.00000E+00 2.10322E-01 1.99871E+06 6.97596E+07 % Am245
0.00000E+00 0.00000E+00 0.00000E+00 0.00000E+00 % lost data
3.96430E+09 3.29848E+18 3.63373E+18 3.66960E+18 % total
];

MAT_uco_H = [
0.00000E+00 3.46838E-09 5.08690E-08 8.40976E-08 % H3
0.00000E+00 1.43731E+03 1.43202E+03 1.40201E+03 % Xe135
1.66854E-03 1.66102E-03 1.53833E-03 1.40870E-03 % U235
1.16893E-03 1.16871E-03 1.16475E-03 1.16014E-03 % U238
0.00000E+00 8.16435E-07 2.40539E-02 2.37237E-01 % Pu238
0.00000E+00 2.39246E-02 7.23378E-01 1.24439E+00 % Pu239
0.00000E+00 4.13826E-04 2.23521E-01 7.46251E-01 % Pu240
0.00000E+00 1.21803E-06 1.32255E-02 8.85773E-02 % Pu241
0.00000E+00 5.49054E-11 1.22155E-05 1.81270E-04 % Pu242
0.00000E+00 6.17363E-09 1.30440E-03 1.79878E-02 % Am241
0.00000E+00 2.43747E-11 2.54908E-04 8.67873E-03 % Am244
0.00000E+00 1.06114E-14 1.00841E-07 3.51960E-06 % Am245
0.00000E+00 0.00000E+00 0.00000E+00 0.00000E+00 % lost data
2.83748E-03 1.19616E+06 1.21568E+06 1.20114E+06 % total
];

MAT_uco_SF = [
0.00000E+00 0.00000E+00 0.00000E+00 0.00000E+00 % H3
0.00000E+00 0.00000E+00 0.00000E+00 0.00000E+00 % Xe135
1.62559E-01 1.61825E-01 1.49873E-01 1.37243E-01 % U235
9.31770E+04 9.31588E+04 9.28432E+04 9.24758E+04 % U238
0.00000E+00 1.69599E-03 4.99675E+01 4.92816E+02 % Pu238
0.00000E+00 8.83200E-02 2.67042E+00 4.59377E+00 % Pu239
0.00000E+00 2.80373E+01 1.51439E+04 5.05596E+04 % Pu240
0.00000E+00 0.00000E+00 0.00000E+00 0.00000E+00 % Pu241
0.00000E+00 3.78321E-04 8.41700E+01 1.24902E+03 % Pu242
0.00000E+00 2.96087E-08 6.25591E-03 8.62692E-02 % Am241
0.00000E+00 0.00000E+00 0.00000E+00 0.00000E+00 % Am244
0.00000E+00 0.00000E+00 0.00000E+00 0.00000E+00 % Am245
0.00000E+00 0.00000E+00 0.00000E+00 0.00000E+00 % lost data
9.31771E+04 9.31871E+04 1.11960E+05 2.59846E+05 % total
];

MAT_uco_ING_TOX = [
0.00000E+00 1.59792E-04 2.34358E-03 3.87445E-03 % H3
0.00000E+00 3.34808E+09 3.33576E+09 3.26585E+09 % Xe135
1.06115E+02 1.05636E+02 9.78336E+01 8.95893E+01 % U235
7.67942E+01 7.67792E+01 7.65192E+01 7.62163E+01 % U238
0.00000E+00 2.09720E-01 6.17877E+03 6.09397E+04 % Pu238
0.00000E+00 7.12258E+03 2.15357E+05 3.70466E+05 % Pu239
0.00000E+00 1.22971E+02 6.64205E+04 2.21752E+05 % Pu240
0.00000E+00 6.81428E+00 7.39900E+04 4.95547E+05 % Pu241
0.00000E+00 1.65086E-05 3.67287E+00 5.45028E+01 % Pu242
0.00000E+00 1.37715E-03 2.90972E+02 4.01252E+03 % Am241
0.00000E+00 6.31193E-08 6.60095E-01 2.24739E+01 % Am244
0.00000E+00 1.30400E-11 1.23920E-04 4.32510E-03 % Am245
0.00000E+00 0.00000E+00 0.00000E+00 0.00000E+00 % lost data
1.82909E+02 4.44501E+10 5.95781E+10 5.91449E+10 % total
];

MAT_uco_INH_TOX = [
0.00000E+00 9.89186E-04 1.45079E-02 2.39847E-02 % H3
0.00000E+00 1.75376E+09 1.74730E+09 1.71068E+09 % Xe135
1.91909E+04 1.91044E+04 1.76933E+04 1.62023E+04 % U235
1.36523E+04 1.36496E+04 1.36034E+04 1.35496E+04 % U238
0.00000E+00 1.00301E+02 2.95506E+06 2.91451E+07 % Pu238
0.00000E+00 3.41884E+06 1.03371E+08 1.77824E+08 % Pu239
0.00000E+00 5.90260E+04 3.18818E+07 1.06441E+08 % Pu240
0.00000E+00 3.26518E+03 3.54536E+07 2.37450E+08 % Pu241
0.00000E+00 7.56642E-03 1.68340E+03 2.49805E+04 % Pu242
0.00000E+00 6.61031E-01 1.39667E+05 1.92601E+06 % Am241
0.00000E+00 5.07699E-07 5.30946E+00 1.80769E+02 % Am244
0.00000E+00 1.17780E-11 1.11928E-04 3.90654E-03 % Am245
0.00000E+00 0.00000E+00 0.00000E+00 0.00000E+00 % lost data
3.28433E+04 4.36869E+10 5.83375E+10 5.99434E+10 % total
];

TOT_VOLUME = [ 1.67860E+04 1.67860E+04 1.67860E+04 1.67860E+04 ];

TOT_BURNUP = [ 0.00000E+00 6.04421E-01 1.07587E+01 2.21221E+01 ];

TOT_ADENS = [
0.00000E+00 1.27130E-13 1.86455E-12 3.08251E-12 % H3
0.00000E+00 4.50873E-08 4.49214E-08 4.39799E-08 % Xe135
4.31104E-03 4.29159E-03 3.97461E-03 3.63967E-03 % U235
2.06805E-02 2.06764E-02 2.06064E-02 2.05249E-02 % U238
0.00000E+00 2.16892E-13 6.39008E-09 6.30237E-08 % Pu238
0.00000E+00 1.86306E-06 5.63310E-05 9.69030E-05 % Pu239
0.00000E+00 8.75313E-09 4.72785E-06 1.57845E-05 % Pu240
0.00000E+00 5.50229E-11 5.97443E-07 4.00137E-06 % Pu241
0.00000E+00 6.99613E-14 1.55652E-08 2.30976E-07 % Pu242
0.00000E+00 8.07921E-15 1.70703E-09 2.35400E-08 % Am241
0.00000E+00 4.28802E-22 4.48436E-15 1.52677E-13 % Am244
0.00000E+00 1.33404E-25 1.26775E-18 4.42475E-17 % Am245
0.00000E+00 1.27709E-07 2.28905E-06 4.72723E-06 % lost data
7.04520E-02 7.04675E-02 7.07287E-02 7.10202E-02 % total
];

