
ZAI = [
10030
541350
922350
922380
942380
942390
942400
942410
942420
952410
952440
952450
666
0
];

NAMES = [
'H3              '
'Xe135           '
'U235            '
'U238            '
'Pu238           '
'Pu239           '
'Pu240           '
'Pu241           '
'Pu242           '
'Am241           '
'Am244           '
'Am245           '
'lost            '
'total           '
];

i10030  = 1; iH3               = 1;
i541350 = 2; iXe135            = 2;
i922350 = 3; iU235             = 3;
i922380 = 4; iU238             = 4;
i942380 = 5; iPu238            = 5;
i942390 = 6; iPu239            = 6;
i942400 = 7; iPu240            = 7;
i942410 = 8; iPu241            = 8;
i942420 = 9; iPu242            = 9;
i952410 = 10; iAm241            = 10;
i952440 = 11; iAm244            = 11;
i952450 = 12; iAm245            = 12;
iLOST    = 13;
iTOT     = 14;

MAT_uco_VOLUME = [ 4.06429E+04 4.06429E+04 4.06429E+04 4.06429E+04 ];

MAT_uco_BURNUP = [ 0.00000E+00 2.49630E-01 4.44344E+00 9.13653E+00 ];

MAT_uco_ADENS = [
0.00000E+00 7.65372E-14 1.23688E-12 2.29441E-12 % H3
0.00000E+00 2.83918E-08 2.87049E-08 2.88236E-08 % Xe135
3.74777E-03 3.73963E-03 3.60561E-03 3.46133E-03 % U235
2.12374E-02 2.12352E-02 2.11970E-02 2.11534E-02 % U238
0.00000E+00 6.30753E-14 1.08570E-09 9.97091E-09 % Pu238
0.00000E+00 1.02944E-06 3.45047E-05 6.59591E-05 % Pu239
0.00000E+00 2.33531E-09 1.34313E-06 5.01149E-06 % Pu240
0.00000E+00 8.76742E-12 1.02084E-07 7.88072E-07 % Pu241
0.00000E+00 5.04213E-15 1.15256E-09 1.88342E-08 % Pu242
0.00000E+00 1.30245E-15 2.93129E-10 4.72043E-09 % Am241
0.00000E+00 1.13804E-23 1.15574E-16 4.37013E-15 % Am244
0.00000E+00 1.60959E-27 1.47873E-20 5.57655E-19 % Am245
0.00000E+00 5.27546E-08 9.42951E-07 1.94542E-06 % lost data
7.04339E-02 7.04404E-02 7.05482E-02 7.06687E-02 % total
];

MAT_uco_MDENS = [
0.00000E+00 3.83255E-13 6.19361E-12 1.14891E-11 % H3
0.00000E+00 6.36037E-06 6.43053E-06 6.45711E-06 % Xe135
1.46278E+00 1.45960E+00 1.40729E+00 1.35098E+00 % U235
8.39511E+00 8.39423E+00 8.37915E+00 8.36190E+00 % U238
0.00000E+00 2.49335E-11 4.29172E-07 3.94147E-06 % Pu238
0.00000E+00 4.08649E-04 1.36970E-02 2.61833E-02 % Pu239
0.00000E+00 9.30916E-07 5.35406E-04 1.99771E-03 % Pu240
0.00000E+00 3.50940E-09 4.08619E-05 3.15447E-04 % Pu241
0.00000E+00 2.02670E-12 4.63278E-07 7.57049E-06 % Pu242
0.00000E+00 5.21359E-13 1.17337E-07 1.88954E-06 % Am241
0.00000E+00 4.61231E-21 4.68404E-14 1.77115E-12 % Am244
0.00000E+00 6.55023E-25 6.01766E-18 2.26937E-16 % Am245
0.00000E+00 0.00000E+00 0.00000E+00 0.00000E+00 % lost data
1.10000E+01 1.10000E+01 1.09994E+01 1.09987E+01 % total
];

MAT_uco_A = [
0.00000E+00 5.54584E+06 8.96239E+07 1.66252E+08 % H3
0.00000E+00 2.43082E+16 2.45763E+16 2.46779E+16 % Xe135
4.75233E+09 4.74202E+09 4.57207E+09 4.38912E+09 % U235
4.24321E+09 4.24277E+09 4.23514E+09 4.22643E+09 % U238
0.00000E+00 6.42046E+05 1.10513E+10 1.01494E+11 % Pu238
0.00000E+00 3.81163E+10 1.27758E+12 2.44222E+12 % Pu239
0.00000E+00 3.17747E+08 1.82749E+11 6.81874E+11 % Pu240
0.00000E+00 5.47704E+08 6.37722E+12 4.92311E+13 % Pu241
0.00000E+00 1.20031E+01 2.74374E+06 4.48359E+07 % Pu242
0.00000E+00 2.68770E+03 6.04893E+08 9.74096E+09 % Am241
0.00000E+00 8.81746E+00 8.95458E+07 3.38595E+09 % Am244
0.00000E+00 6.14426E-03 5.64470E+04 2.12872E+06 % Am245
0.00000E+00 0.00000E+00 0.00000E+00 0.00000E+00 % lost data
8.99554E+09 3.40076E+18 3.78552E+18 3.84171E+18 % total
];

MAT_uco_H = [
0.00000E+00 5.05581E-09 8.17046E-08 1.51562E-07 % H3
0.00000E+00 2.19143E+03 2.21560E+03 2.22476E+03 % Xe135
3.51210E-03 3.50448E-03 3.37888E-03 3.24368E-03 % U235
2.90649E-03 2.90619E-03 2.90096E-03 2.89499E-03 % U238
0.00000E+00 5.74879E-07 9.89522E-03 9.08766E-02 % Pu238
0.00000E+00 3.20079E-02 1.07284E+00 2.05084E+00 % Pu239
0.00000E+00 2.67324E-04 1.53749E-01 5.73668E-01 % Pu240
0.00000E+00 4.69921E-07 5.47155E-03 4.22394E-02 % Pu241
0.00000E+00 9.58098E-12 2.19009E-06 3.57885E-05 % Pu242
0.00000E+00 2.40975E-09 5.42336E-04 8.73356E-03 % Am241
0.00000E+00 1.56631E-12 1.59067E-05 6.01472E-04 % Am244
0.00000E+00 3.09998E-16 2.84794E-09 1.07401E-07 % Am245
0.00000E+00 0.00000E+00 0.00000E+00 0.00000E+00 % lost data
6.41859E-03 1.20488E+06 1.24215E+06 1.23782E+06 % total
];

MAT_uco_SF = [
0.00000E+00 0.00000E+00 0.00000E+00 0.00000E+00 % H3
0.00000E+00 0.00000E+00 0.00000E+00 0.00000E+00 % Xe135
3.42168E-01 3.41425E-01 3.29189E-01 3.16017E-01 % U235
2.31679E+05 2.31655E+05 2.31239E+05 2.30763E+05 % U238
0.00000E+00 1.19420E-03 2.05555E+01 1.88779E+02 % Pu238
0.00000E+00 1.18160E-01 3.96049E+00 7.57087E+00 % Pu239
0.00000E+00 1.81116E+01 1.04167E+04 3.88668E+04 % Pu240
0.00000E+00 0.00000E+00 0.00000E+00 0.00000E+00 % Pu241
0.00000E+00 6.60169E-05 1.50906E+01 2.46597E+02 % Pu242
0.00000E+00 1.15571E-08 2.60104E-03 4.18861E-02 % Am241
0.00000E+00 0.00000E+00 0.00000E+00 0.00000E+00 % Am244
0.00000E+00 0.00000E+00 0.00000E+00 0.00000E+00 % Am245
0.00000E+00 0.00000E+00 0.00000E+00 0.00000E+00 % lost data
2.31680E+05 2.31674E+05 2.42424E+05 2.94166E+05 % total
];

MAT_uco_ING_TOX = [
0.00000E+00 2.32925E-04 3.76420E-03 6.98258E-03 % H3
0.00000E+00 5.10473E+09 5.16103E+09 5.18237E+09 % Xe135
2.23360E+02 2.22875E+02 2.14888E+02 2.06289E+02 % U235
1.90944E+02 1.90925E+02 1.90581E+02 1.90189E+02 % U238
0.00000E+00 1.47670E-01 2.54181E+03 2.33437E+04 % Pu238
0.00000E+00 9.52907E+03 3.19394E+05 6.10554E+05 % Pu239
0.00000E+00 7.94368E+01 4.56872E+04 1.70468E+05 % Pu240
0.00000E+00 2.62898E+00 3.06107E+04 2.36309E+05 % Pu241
0.00000E+00 2.88074E-06 6.58498E-01 1.07606E+01 % Pu242
0.00000E+00 5.37541E-04 1.20979E+02 1.94819E+03 % Am241
0.00000E+00 4.05603E-09 4.11911E-02 1.55754E+00 % Am244
0.00000E+00 3.80944E-13 3.49972E-06 1.31981E-04 % Am245
0.00000E+00 0.00000E+00 0.00000E+00 0.00000E+00 % lost data
4.14304E+02 4.62874E+10 6.20556E+10 6.20955E+10 % total
];

MAT_uco_INH_TOX = [
0.00000E+00 1.44192E-03 2.33022E-02 4.32255E-02 % H3
0.00000E+00 2.67391E+09 2.70340E+09 2.71457E+09 % Xe135
4.03948E+04 4.03072E+04 3.88626E+04 3.73075E+04 % U235
3.39457E+04 3.39421E+04 3.38812E+04 3.38114E+04 % U238
0.00000E+00 7.06250E+01 1.21565E+06 1.11644E+07 % Pu238
0.00000E+00 4.57395E+06 1.53309E+08 2.93066E+08 % Pu239
0.00000E+00 3.81297E+04 2.19299E+07 8.18249E+07 % Pu240
0.00000E+00 1.25972E+03 1.46676E+07 1.13232E+08 % Pu241
0.00000E+00 1.32034E-03 3.01812E+02 4.93195E+03 % Pu242
0.00000E+00 2.58020E-01 5.80698E+04 9.35132E+05 % Am241
0.00000E+00 3.26246E-08 3.31320E-01 1.25280E+01 % Am244
0.00000E+00 3.44079E-13 3.16103E-06 1.19208E-04 % Am245
0.00000E+00 0.00000E+00 0.00000E+00 0.00000E+00 % lost data
7.43405E+04 4.47124E+10 5.98982E+10 6.18164E+10 % total
];

TOT_VOLUME = [ 4.06429E+04 4.06429E+04 4.06429E+04 4.06429E+04 ];

TOT_BURNUP = [ 0.00000E+00 2.49630E-01 4.44344E+00 9.13653E+00 ];

TOT_ADENS = [
0.00000E+00 7.65372E-14 1.23688E-12 2.29441E-12 % H3
0.00000E+00 2.83918E-08 2.87049E-08 2.88236E-08 % Xe135
3.74777E-03 3.73963E-03 3.60561E-03 3.46133E-03 % U235
2.12374E-02 2.12352E-02 2.11970E-02 2.11534E-02 % U238
0.00000E+00 6.30753E-14 1.08570E-09 9.97091E-09 % Pu238
0.00000E+00 1.02944E-06 3.45047E-05 6.59591E-05 % Pu239
0.00000E+00 2.33531E-09 1.34313E-06 5.01149E-06 % Pu240
0.00000E+00 8.76742E-12 1.02084E-07 7.88072E-07 % Pu241
0.00000E+00 5.04213E-15 1.15256E-09 1.88342E-08 % Pu242
0.00000E+00 1.30245E-15 2.93129E-10 4.72043E-09 % Am241
0.00000E+00 1.13804E-23 1.15574E-16 4.37013E-15 % Am244
0.00000E+00 1.60959E-27 1.47873E-20 5.57655E-19 % Am245
0.00000E+00 5.27546E-08 9.42951E-07 1.94542E-06 % lost data
7.04339E-02 7.04404E-02 7.05482E-02 7.06687E-02 % total
];

