
DET1001 = [
    1    1    1    1    1    1    1    1    1    1  4.32607E+18 0.00470 
    2    2    1    1    1    1    1    1    1    1  1.83035E+18 0.00574 
    3    3    1    1    1    1    1    1    1    1  1.66455E+17 0.01152 
];


DET1001E = [
 1.00000E-09  6.25000E-07  3.13000E-07
 6.25000E-07  1.00000E-01  5.00003E-02
 1.00000E-01  2.00000E+01  1.00500E+01
];

DET1002 = [
    1    1    1    1    1    1    1    1    1    1  1.13427E+17 0.00836 
    2    2    1    1    1    1    1    1    1    1  3.74113E+17 0.00464 
    3    3    1    1    1    1    1    1    1    1  1.74121E+17 0.00598 
];


DET1002E = [
 1.00000E-09  6.25000E-07  3.13000E-07
 6.25000E-07  1.00000E-01  5.00003E-02
 1.00000E-01  2.00000E+01  1.00500E+01
];
