
DET1001 = [
    1    1    1    1    1    1    1    1    1    1  4.37133E+18 0.00479 
    2    2    1    1    1    1    1    1    1    1  1.88612E+18 0.00580 
    3    3    1    1    1    1    1    1    1    1  1.73452E+17 0.01101 
];


DET1001E = [
 1.00000E-09  6.25000E-07  3.13000E-07
 6.25000E-07  1.00000E-01  5.00003E-02
 1.00000E-01  2.00000E+01  1.00500E+01
];

DET1002 = [
    1    1    1    1    1    1    1    1    1    1  1.14807E+17 0.00858 
    2    2    1    1    1    1    1    1    1    1  3.84695E+17 0.00509 
    3    3    1    1    1    1    1    1    1    1  1.78150E+17 0.00640 
];


DET1002E = [
 1.00000E-09  6.25000E-07  3.13000E-07
 6.25000E-07  1.00000E-01  5.00003E-02
 1.00000E-01  2.00000E+01  1.00500E+01
];
