
DET1001 = [
    1    1    1    1    1    1    1    1    1    1  4.42722E+18 0.00475 
    2    2    1    1    1    1    1    1    1    1  1.88369E+18 0.00568 
    3    3    1    1    1    1    1    1    1    1  1.72392E+17 0.01164 
];


DET1001E = [
 1.00000E-09  6.25000E-07  3.13000E-07
 6.25000E-07  1.00000E-01  5.00003E-02
 1.00000E-01  2.00000E+01  1.00500E+01
];

DET1002 = [
    1    1    1    1    1    1    1    1    1    1  1.12852E+17 0.00864 
    2    2    1    1    1    1    1    1    1    1  3.94460E+17 0.00492 
    3    3    1    1    1    1    1    1    1    1  1.83468E+17 0.00616 
];


DET1002E = [
 1.00000E-09  6.25000E-07  3.13000E-07
 6.25000E-07  1.00000E-01  5.00003E-02
 1.00000E-01  2.00000E+01  1.00500E+01
];
