
DET1001 = [
    1    1    1    1    1    1    1    1    1    1  4.28745E+18 0.00471 
    2    2    1    1    1    1    1    1    1    1  1.80124E+18 0.00562 
    3    3    1    1    1    1    1    1    1    1  1.65858E+17 0.01116 
];


DET1001E = [
 1.00000E-09  6.25000E-07  3.13000E-07
 6.25000E-07  1.00000E-01  5.00003E-02
 1.00000E-01  2.00000E+01  1.00500E+01
];

DET1002 = [
    1    1    1    1    1    1    1    1    1    1  1.15910E+17 0.00833 
    2    2    1    1    1    1    1    1    1    1  3.64553E+17 0.00475 
    3    3    1    1    1    1    1    1    1    1  1.69641E+17 0.00620 
];


DET1002E = [
 1.00000E-09  6.25000E-07  3.13000E-07
 6.25000E-07  1.00000E-01  5.00003E-02
 1.00000E-01  2.00000E+01  1.00500E+01
];
