
ZAI = [
10030
541350
922350
922380
942380
942390
942400
942410
942420
952410
952440
952450
666
0
];

NAMES = [
'H3              '
'Xe135           '
'U235            '
'U238            '
'Pu238           '
'Pu239           '
'Pu240           '
'Pu241           '
'Pu242           '
'Am241           '
'Am244           '
'Am245           '
'lost            '
'total           '
];

i10030  = 1; iH3               = 1;
i541350 = 2; iXe135            = 2;
i922350 = 3; iU235             = 3;
i922380 = 4; iU238             = 4;
i942380 = 5; iPu238            = 5;
i942390 = 6; iPu239            = 6;
i942400 = 7; iPu240            = 7;
i942410 = 8; iPu241            = 8;
i942420 = 9; iPu242            = 9;
i952410 = 10; iAm241            = 10;
i952440 = 11; iAm244            = 11;
i952450 = 12; iAm245            = 12;
iLOST    = 13;
iTOT     = 14;

MAT_uco_VOLUME = [ 1.96207E+04 1.96207E+04 1.96207E+04 1.96207E+04 ];

MAT_uco_BURNUP = [ 0.00000E+00 5.17080E-01 9.20405E+00 1.89254E+01 ];

MAT_uco_ADENS = [
0.00000E+00 1.12038E-13 1.65504E-12 2.73744E-12 % H3
0.00000E+00 3.83347E-08 3.83093E-08 3.76251E-08 % Xe135
3.74777E-03 3.73119E-03 3.46126E-03 3.17647E-03 % U235
2.12374E-02 2.12338E-02 2.11713E-02 2.10990E-02 % U238
0.00000E+00 1.73265E-13 4.70553E-09 4.57644E-08 % Pu238
0.00000E+00 1.66394E-06 5.03992E-05 8.67342E-05 % Pu239
0.00000E+00 7.61253E-09 4.20325E-06 1.41621E-05 % Pu240
0.00000E+00 4.35724E-11 4.84482E-07 3.29265E-06 % Pu241
0.00000E+00 5.45386E-14 1.24560E-08 1.86561E-07 % Pu242
0.00000E+00 6.37924E-15 1.38330E-09 1.93621E-08 % Am241
0.00000E+00 2.74594E-22 2.93599E-15 1.01924E-13 % Am244
0.00000E+00 8.39173E-26 8.13898E-19 2.87140E-17 % Am245
0.00000E+00 1.09246E-07 1.95844E-06 4.04489E-06 % lost data
7.04339E-02 7.04472E-02 7.06707E-02 7.09201E-02 % total
];

MAT_uco_MDENS = [
0.00000E+00 5.61024E-13 8.28752E-12 1.37076E-11 % H3
0.00000E+00 8.58780E-06 8.58213E-06 8.42884E-06 % Xe135
1.46278E+00 1.45631E+00 1.35095E+00 1.23979E+00 % U235
8.39511E+00 8.39369E+00 8.36900E+00 8.34040E+00 % U238
0.00000E+00 6.84910E-11 1.86008E-06 1.80905E-05 % Pu238
0.00000E+00 6.60520E-04 2.00066E-02 3.44302E-02 % Pu239
0.00000E+00 3.03455E-06 1.67553E-03 5.64538E-03 % Pu240
0.00000E+00 1.74410E-08 1.93927E-04 1.31797E-03 % Pu241
0.00000E+00 2.19220E-11 5.00672E-06 7.49890E-05 % Pu242
0.00000E+00 2.55355E-12 5.53724E-07 7.75045E-06 % Am241
0.00000E+00 1.11289E-19 1.18991E-12 4.13082E-11 % Am244
0.00000E+00 3.41501E-23 3.31215E-16 1.16851E-14 % Am245
0.00000E+00 0.00000E+00 0.00000E+00 0.00000E+00 % lost data
1.10000E+01 1.09999E+01 1.09987E+01 1.09972E+01 % total
];

MAT_uco_A = [
0.00000E+00 3.91914E+06 5.78941E+07 9.57571E+07 % H3
0.00000E+00 1.58447E+16 1.58342E+16 1.55514E+16 % Xe135
2.29423E+09 2.28408E+09 2.11884E+09 1.94450E+09 % U235
2.04845E+09 2.04810E+09 2.04208E+09 2.03510E+09 % U238
0.00000E+00 8.51426E+05 2.31230E+10 2.24887E+11 % Pu238
0.00000E+00 2.97424E+10 9.00872E+11 1.55035E+12 % Pu239
0.00000E+00 5.00030E+08 2.76091E+11 9.30239E+11 % Pu240
0.00000E+00 1.31406E+09 1.46110E+13 9.93001E+13 % Pu241
0.00000E+00 6.26776E+01 1.43148E+07 2.14403E+08 % Pu242
0.00000E+00 6.35505E+03 1.37806E+09 1.92887E+10 % Am241
0.00000E+00 1.02709E+02 1.09817E+09 3.81234E+10 % Am244
0.00000E+00 1.54645E-01 1.49987E+06 5.29149E+07 % Am245
0.00000E+00 0.00000E+00 0.00000E+00 0.00000E+00 % lost data
4.34268E+09 3.31061E+18 3.65180E+18 3.68538E+18 % total
];

MAT_uco_H = [
0.00000E+00 3.57284E-09 5.27785E-08 8.72958E-08 % H3
0.00000E+00 1.42842E+03 1.42748E+03 1.40198E+03 % Xe135
1.69550E-03 1.68800E-03 1.56588E-03 1.43704E-03 % U235
1.40313E-03 1.40290E-03 1.39877E-03 1.39399E-03 % U238
0.00000E+00 7.62355E-07 2.07041E-02 2.01361E-01 % Pu238
0.00000E+00 2.49760E-02 7.56503E-01 1.30190E+00 % Pu239
0.00000E+00 4.20680E-04 2.32278E-01 7.82620E-01 % Pu240
0.00000E+00 1.12744E-06 1.25360E-02 8.51978E-02 % Pu241
0.00000E+00 5.00300E-11 1.14262E-05 1.71138E-04 % Pu242
0.00000E+00 5.69782E-09 1.23554E-03 1.72939E-02 % Am241
0.00000E+00 1.82449E-11 1.95077E-04 6.77214E-03 % Am244
0.00000E+00 7.80234E-15 7.56734E-08 2.66973E-06 % Am245
0.00000E+00 0.00000E+00 0.00000E+00 0.00000E+00 % lost data
3.09863E-03 1.19710E+06 1.21822E+06 1.20316E+06 % total
];

MAT_uco_SF = [
0.00000E+00 0.00000E+00 0.00000E+00 0.00000E+00 % H3
0.00000E+00 0.00000E+00 0.00000E+00 0.00000E+00 % Xe135
1.65185E-01 1.64454E-01 1.52557E-01 1.40004E-01 % U235
1.11845E+05 1.11826E+05 1.11497E+05 1.11116E+05 % U238
0.00000E+00 1.58365E-03 4.30089E+01 4.18290E+02 % Pu238
0.00000E+00 9.22015E-02 2.79270E+00 4.80608E+00 % Pu239
0.00000E+00 2.85017E+01 1.57372E+04 5.30236E+04 % Pu240
0.00000E+00 0.00000E+00 0.00000E+00 0.00000E+00 % Pu241
0.00000E+00 3.44727E-04 7.87314E+01 1.17921E+03 % Pu242
0.00000E+00 2.73267E-08 5.92565E-03 8.29412E-02 % Am241
0.00000E+00 0.00000E+00 0.00000E+00 0.00000E+00 % Am244
0.00000E+00 0.00000E+00 0.00000E+00 0.00000E+00 % Am245
0.00000E+00 0.00000E+00 0.00000E+00 0.00000E+00 % lost data
1.11845E+05 1.11855E+05 1.30878E+05 2.71936E+05 % total
];

MAT_uco_ING_TOX = [
0.00000E+00 1.64604E-04 2.43155E-03 4.02180E-03 % H3
0.00000E+00 3.32738E+09 3.32518E+09 3.26579E+09 % Xe135
1.07829E+02 1.07352E+02 9.95857E+01 9.13917E+01 % U235
9.21801E+01 9.21645E+01 9.18934E+01 9.15793E+01 % U238
0.00000E+00 1.95828E-01 5.31830E+03 5.17240E+04 % Pu238
0.00000E+00 7.43561E+03 2.25218E+05 3.87587E+05 % Pu239
0.00000E+00 1.25007E+02 6.90228E+04 2.32560E+05 % Pu240
0.00000E+00 6.30749E+00 7.01330E+04 4.76641E+05 % Pu241
0.00000E+00 1.50426E-05 3.43555E+00 5.14566E+01 % Pu242
0.00000E+00 1.27101E-03 2.75612E+02 3.85773E+03 % Am241
0.00000E+00 4.72460E-08 5.05159E-01 1.75368E+01 % Am244
0.00000E+00 9.58798E-12 9.29920E-05 3.28072E-03 % Am245
0.00000E+00 0.00000E+00 0.00000E+00 0.00000E+00 % lost data
2.00009E+02 4.44349E+10 5.96613E+10 5.92341E+10 % total
];

MAT_uco_INH_TOX = [
0.00000E+00 1.01898E-03 1.50525E-02 2.48968E-02 % H3
0.00000E+00 1.74291E+09 1.74176E+09 1.71065E+09 % Xe135
1.95010E+04 1.94147E+04 1.80102E+04 1.65283E+04 % U235
1.63876E+04 1.63848E+04 1.63366E+04 1.62808E+04 % U238
0.00000E+00 9.36568E+01 2.54354E+06 2.47376E+07 % Pu238
0.00000E+00 3.56909E+06 1.08105E+08 1.86042E+08 % Pu239
0.00000E+00 6.00036E+04 3.31309E+07 1.11629E+08 % Pu240
0.00000E+00 3.02234E+03 3.36054E+07 2.28390E+08 % Pu241
0.00000E+00 6.89454E-03 1.57463E+03 2.35843E+04 % Pu242
0.00000E+00 6.10085E-01 1.32294E+05 1.85171E+06 % Am241
0.00000E+00 3.80022E-07 4.06324E+00 1.41056E+02 % Am244
0.00000E+00 8.66011E-12 8.39928E-05 2.96323E-03 % Am245
0.00000E+00 0.00000E+00 0.00000E+00 0.00000E+00 % lost data
3.58885E+04 4.36824E+10 5.84351E+10 6.00397E+10 % total
];

TOT_VOLUME = [ 1.96207E+04 1.96207E+04 1.96207E+04 1.96207E+04 ];

TOT_BURNUP = [ 0.00000E+00 5.17080E-01 9.20405E+00 1.89254E+01 ];

TOT_ADENS = [
0.00000E+00 1.12038E-13 1.65504E-12 2.73744E-12 % H3
0.00000E+00 3.83347E-08 3.83093E-08 3.76251E-08 % Xe135
3.74777E-03 3.73119E-03 3.46126E-03 3.17647E-03 % U235
2.12374E-02 2.12338E-02 2.11713E-02 2.10990E-02 % U238
0.00000E+00 1.73265E-13 4.70553E-09 4.57644E-08 % Pu238
0.00000E+00 1.66394E-06 5.03992E-05 8.67342E-05 % Pu239
0.00000E+00 7.61253E-09 4.20325E-06 1.41621E-05 % Pu240
0.00000E+00 4.35724E-11 4.84482E-07 3.29265E-06 % Pu241
0.00000E+00 5.45386E-14 1.24560E-08 1.86561E-07 % Pu242
0.00000E+00 6.37924E-15 1.38330E-09 1.93621E-08 % Am241
0.00000E+00 2.74594E-22 2.93599E-15 1.01924E-13 % Am244
0.00000E+00 8.39173E-26 8.13898E-19 2.87140E-17 % Am245
0.00000E+00 1.09246E-07 1.95844E-06 4.04489E-06 % lost data
7.04339E-02 7.04472E-02 7.06707E-02 7.09201E-02 % total
];

