
DET1001 = [
    1    1    1    1    1    1    1    1    1    1  6.47869E+18 0.00417 
    2    2    1    1    1    1    1    1    1    1  2.29958E+18 0.00521 
    3    3    1    1    1    1    1    1    1    1  3.82497E+17 0.00984 
];


DET1001E = [
 1.00000E-09  6.25000E-07  3.13000E-07
 6.25000E-07  1.00000E-01  5.00003E-02
 1.00000E-01  2.00000E+01  1.00500E+01
];

DET1002 = [
    1    1    1    1    1    1    1    1    1    1  2.27742E+17 0.00691 
    2    2    1    1    1    1    1    1    1    1  4.24451E+17 0.00490 
    3    3    1    1    1    1    1    1    1    1  2.24391E+17 0.00627 
];


DET1002E = [
 1.00000E-09  6.25000E-07  3.13000E-07
 6.25000E-07  1.00000E-01  5.00003E-02
 1.00000E-01  2.00000E+01  1.00500E+01
];
