
ZAI = [
10030
541350
922350
922380
942380
942390
942400
942410
942420
952410
952440
952450
666
0
];

NAMES = [
'H3              '
'Xe135           '
'U235            '
'U238            '
'Pu238           '
'Pu239           '
'Pu240           '
'Pu241           '
'Pu242           '
'Am241           '
'Am244           '
'Am245           '
'lost            '
'total           '
];

i10030  = 1; iH3               = 1;
i541350 = 2; iXe135            = 2;
i922350 = 3; iU235             = 3;
i922380 = 4; iU238             = 4;
i942380 = 5; iPu238            = 5;
i942390 = 6; iPu239            = 6;
i942400 = 7; iPu240            = 7;
i942410 = 8; iPu241            = 8;
i942420 = 9; iPu242            = 9;
i952410 = 10; iAm241            = 10;
i952440 = 11; iAm244            = 11;
i952450 = 12; iAm245            = 12;
iLOST    = 13;
iTOT     = 14;

MAT_uco_VOLUME = [ 2.05629E+04 2.05629E+04 2.05629E+04 2.05629E+04 ];

MAT_uco_BURNUP = [ 0.00000E+00 4.93394E-01 8.78249E+00 1.80584E+01 ];

MAT_uco_ADENS = [
0.00000E+00 1.02555E-13 1.51168E-12 2.53426E-12 % H3
0.00000E+00 3.78114E-08 3.79446E-08 3.74077E-08 % Xe135
3.74777E-03 3.73193E-03 3.47400E-03 3.20192E-03 % U235
2.12374E-02 2.12337E-02 2.11708E-02 2.10980E-02 % U238
0.00000E+00 1.48713E-13 4.13703E-09 4.01312E-08 % Pu238
0.00000E+00 1.68103E-06 5.15453E-05 8.97289E-05 % Pu239
0.00000E+00 7.25347E-09 4.03310E-06 1.37653E-05 % Pu240
0.00000E+00 3.98171E-11 4.43492E-07 3.07215E-06 % Pu241
0.00000E+00 4.59828E-14 1.04153E-08 1.58389E-07 % Pu242
0.00000E+00 5.83834E-15 1.26739E-09 1.81217E-08 % Am241
0.00000E+00 2.08380E-22 2.20468E-15 7.90109E-14 % Am244
0.00000E+00 5.81626E-26 5.54748E-19 2.01891E-17 % Am245
0.00000E+00 1.04237E-07 1.86853E-06 3.86008E-06 % lost data
7.04339E-02 7.04466E-02 7.06598E-02 7.08979E-02 % total
];

MAT_uco_MDENS = [
0.00000E+00 5.13538E-13 7.56962E-12 1.26901E-11 % H3
0.00000E+00 8.47057E-06 8.50042E-06 8.38014E-06 % Xe135
1.46278E+00 1.45659E+00 1.35592E+00 1.24973E+00 % U235
8.39511E+00 8.39368E+00 8.36880E+00 8.34001E+00 % U238
0.00000E+00 5.87856E-11 1.63536E-06 1.58637E-05 % Pu238
0.00000E+00 6.67303E-04 2.04615E-02 3.56190E-02 % Pu239
0.00000E+00 2.89142E-06 1.60770E-03 5.48722E-03 % Pu240
0.00000E+00 1.59379E-08 1.77520E-04 1.22971E-03 % Pu241
0.00000E+00 1.84830E-11 4.18649E-06 6.36652E-05 % Pu242
0.00000E+00 2.33703E-12 5.07323E-07 7.25396E-06 % Am241
0.00000E+00 8.44534E-20 8.93523E-13 3.20220E-11 % Am244
0.00000E+00 2.36692E-23 2.25754E-16 8.21593E-15 % Am245
0.00000E+00 0.00000E+00 0.00000E+00 0.00000E+00 % lost data
1.10000E+01 1.09999E+01 1.09987E+01 1.09974E+01 % total
];

MAT_uco_A = [
0.00000E+00 3.75970E+06 5.54184E+07 9.29066E+07 % H3
0.00000E+00 1.63789E+16 1.64366E+16 1.62040E+16 % Xe135
2.40440E+09 2.39424E+09 2.22877E+09 2.05421E+09 % U235
2.14682E+09 2.14645E+09 2.14009E+09 2.13273E+09 % U238
0.00000E+00 7.65869E+05 2.13057E+10 2.06675E+11 % Pu238
0.00000E+00 3.14908E+10 9.65602E+11 1.68090E+12 % Pu239
0.00000E+00 4.99324E+08 2.77636E+11 9.47597E+11 % Pu240
0.00000E+00 1.25847E+09 1.40172E+13 9.70994E+13 % Pu241
0.00000E+00 5.53827E+01 1.25445E+07 1.90768E+08 % Pu242
0.00000E+00 6.09551E+03 1.32321E+09 1.89200E+10 % Am241
0.00000E+00 8.16851E+01 8.64234E+08 3.09723E+10 % Am244
0.00000E+00 1.12331E-01 1.07139E+06 3.89916E+07 % Am245
0.00000E+00 0.00000E+00 0.00000E+00 0.00000E+00 % lost data
4.55122E+09 3.32800E+18 3.67926E+18 3.71596E+18 % total
];

MAT_uco_H = [
0.00000E+00 3.42748E-09 5.05216E-08 8.46972E-08 % H3
0.00000E+00 1.47658E+03 1.48179E+03 1.46082E+03 % Xe135
1.77692E-03 1.76941E-03 1.64712E-03 1.51812E-03 % U235
1.47051E-03 1.47026E-03 1.46590E-03 1.46086E-03 % U238
0.00000E+00 6.85749E-07 1.90768E-02 1.85054E-01 % Pu238
0.00000E+00 2.64442E-02 8.10859E-01 1.41153E+00 % Pu239
0.00000E+00 4.20087E-04 2.33578E-01 7.97224E-01 % Pu240
0.00000E+00 1.07975E-06 1.20265E-02 8.33097E-02 % Pu241
0.00000E+00 4.42070E-11 1.00131E-05 1.52273E-04 % Pu242
0.00000E+00 5.46512E-09 1.18637E-03 1.69633E-02 % Am241
0.00000E+00 1.45103E-11 1.53520E-04 5.50184E-03 % Am244
0.00000E+00 5.66745E-15 5.40554E-08 1.96725E-06 % Am245
0.00000E+00 0.00000E+00 0.00000E+00 0.00000E+00 % lost data
3.24743E-03 1.19841E+06 1.22252E+06 1.20848E+06 % total
];

MAT_uco_SF = [
0.00000E+00 0.00000E+00 0.00000E+00 0.00000E+00 % H3
0.00000E+00 0.00000E+00 0.00000E+00 0.00000E+00 % Xe135
1.73117E-01 1.72385E-01 1.60471E-01 1.47903E-01 % U235
1.17216E+05 1.17196E+05 1.16849E+05 1.16447E+05 % U238
0.00000E+00 1.42452E-03 3.96286E+01 3.84416E+02 % Pu238
0.00000E+00 9.76215E-02 2.99337E+00 5.21079E+00 % Pu239
0.00000E+00 2.84615E+01 1.58253E+04 5.40130E+04 % Pu240
0.00000E+00 0.00000E+00 0.00000E+00 0.00000E+00 % Pu241
0.00000E+00 3.04605E-04 6.89946E+01 1.04922E+03 % Pu242
0.00000E+00 2.62107E-08 5.68981E-03 8.13558E-02 % Am241
0.00000E+00 0.00000E+00 0.00000E+00 0.00000E+00 % Am244
0.00000E+00 0.00000E+00 0.00000E+00 0.00000E+00 % Am245
0.00000E+00 0.00000E+00 0.00000E+00 0.00000E+00 % lost data
1.17216E+05 1.17225E+05 1.35881E+05 2.66931E+05 % total
];

MAT_uco_ING_TOX = [
0.00000E+00 1.57907E-04 2.32757E-03 3.90208E-03 % H3
0.00000E+00 3.43956E+09 3.45168E+09 3.40284E+09 % Xe135
1.13007E+02 1.12529E+02 1.04752E+02 9.65481E+01 % U235
9.66067E+01 9.65902E+01 9.63039E+01 9.59727E+01 % U238
0.00000E+00 1.76150E-01 4.90031E+03 4.75354E+04 % Pu238
0.00000E+00 7.87270E+03 2.41401E+05 4.20225E+05 % Pu239
0.00000E+00 1.24831E+02 6.94091E+04 2.36899E+05 % Pu240
0.00000E+00 6.04066E+00 6.72824E+04 4.66077E+05 % Pu241
0.00000E+00 1.32918E-05 3.01067E+00 4.57842E+01 % Pu242
0.00000E+00 1.21910E-03 2.64642E+02 3.78399E+03 % Am241
0.00000E+00 3.75751E-08 3.97547E-01 1.42473E+01 % Am244
0.00000E+00 6.96449E-12 6.64264E-05 2.41748E-03 % Am245
0.00000E+00 0.00000E+00 0.00000E+00 0.00000E+00 % lost data
2.09614E+02 4.45551E+10 5.99273E+10 5.95733E+10 % total
];

MAT_uco_INH_TOX = [
0.00000E+00 9.77521E-04 1.44088E-02 2.41557E-02 % H3
0.00000E+00 1.80167E+09 1.80802E+09 1.78244E+09 % Xe135
2.04374E+04 2.03510E+04 1.89445E+04 1.74608E+04 % U235
1.71745E+04 1.71716E+04 1.71207E+04 1.70618E+04 % U238
0.00000E+00 8.42456E+01 2.34363E+06 2.27343E+07 % Pu238
0.00000E+00 3.77890E+06 1.15872E+08 2.01708E+08 % Pu239
0.00000E+00 5.99189E+04 3.33164E+07 1.13712E+08 % Pu240
0.00000E+00 2.89448E+03 3.22395E+07 2.23329E+08 % Pu241
0.00000E+00 6.09209E-03 1.37989E+03 2.09844E+04 % Pu242
0.00000E+00 5.85169E-01 1.27028E+05 1.81632E+06 % Am241
0.00000E+00 3.02235E-07 3.19766E+00 1.14598E+02 % Am244
0.00000E+00 6.29051E-12 5.99981E-05 2.18353E-03 % Am245
0.00000E+00 0.00000E+00 0.00000E+00 0.00000E+00 % lost data
3.76119E+04 4.37494E+10 5.86452E+10 6.03240E+10 % total
];

TOT_VOLUME = [ 2.05629E+04 2.05629E+04 2.05629E+04 2.05629E+04 ];

TOT_BURNUP = [ 0.00000E+00 4.93394E-01 8.78249E+00 1.80584E+01 ];

TOT_ADENS = [
0.00000E+00 1.02555E-13 1.51168E-12 2.53426E-12 % H3
0.00000E+00 3.78114E-08 3.79446E-08 3.74077E-08 % Xe135
3.74777E-03 3.73193E-03 3.47400E-03 3.20192E-03 % U235
2.12374E-02 2.12337E-02 2.11708E-02 2.10980E-02 % U238
0.00000E+00 1.48713E-13 4.13703E-09 4.01312E-08 % Pu238
0.00000E+00 1.68103E-06 5.15453E-05 8.97289E-05 % Pu239
0.00000E+00 7.25347E-09 4.03310E-06 1.37653E-05 % Pu240
0.00000E+00 3.98171E-11 4.43492E-07 3.07215E-06 % Pu241
0.00000E+00 4.59828E-14 1.04153E-08 1.58389E-07 % Pu242
0.00000E+00 5.83834E-15 1.26739E-09 1.81217E-08 % Am241
0.00000E+00 2.08380E-22 2.20468E-15 7.90109E-14 % Am244
0.00000E+00 5.81626E-26 5.54748E-19 2.01891E-17 % Am245
0.00000E+00 1.04237E-07 1.86853E-06 3.86008E-06 % lost data
7.04339E-02 7.04466E-02 7.06598E-02 7.08979E-02 % total
];

