
DET1001 = [
    1    1    1    1    1    1    1    1    1    1  5.77813E+18 0.00446 
    2    2    1    1    1    1    1    1    1    1  2.03875E+18 0.00575 
    3    3    1    1    1    1    1    1    1    1  2.04462E+17 0.01266 
];


DET1001E = [
 1.00000E-09  6.25000E-07  3.13000E-07
 6.25000E-07  1.00000E-01  5.00003E-02
 1.00000E-01  2.00000E+01  1.00500E+01
];

DET1002 = [
    1    1    1    1    1    1    1    1    1    1  2.10457E+17 0.00668 
    2    2    1    1    1    1    1    1    1    1  4.21455E+17 0.00499 
    3    3    1    1    1    1    1    1    1    1  1.99047E+17 0.00643 
];


DET1002E = [
 1.00000E-09  6.25000E-07  3.13000E-07
 6.25000E-07  1.00000E-01  5.00003E-02
 1.00000E-01  2.00000E+01  1.00500E+01
];
