
DET1001 = [
    1    1    1    1    1    1    1    1    1    1  5.91034E+18 0.00460 
    2    2    1    1    1    1    1    1    1    1  2.05823E+18 0.00604 
    3    3    1    1    1    1    1    1    1    1  2.14591E+17 0.01158 
];


DET1001E = [
 1.00000E-09  6.25000E-07  3.13000E-07
 6.25000E-07  1.00000E-01  5.00003E-02
 1.00000E-01  2.00000E+01  1.00500E+01
];

DET1002 = [
    1    1    1    1    1    1    1    1    1    1  2.13862E+17 0.00656 
    2    2    1    1    1    1    1    1    1    1  4.37067E+17 0.00486 
    3    3    1    1    1    1    1    1    1    1  2.05343E+17 0.00628 
];


DET1002E = [
 1.00000E-09  6.25000E-07  3.13000E-07
 6.25000E-07  1.00000E-01  5.00003E-02
 1.00000E-01  2.00000E+01  1.00500E+01
];
