
DET1001 = [
    1    1    1    1    1    1    1    1    1    1  5.54124E+18 0.00427 
    2    2    1    1    1    1    1    1    1    1  1.90362E+18 0.00567 
    3    3    1    1    1    1    1    1    1    1  1.96012E+17 0.01179 
];


DET1001E = [
 1.00000E-09  6.25000E-07  3.13000E-07
 6.25000E-07  1.00000E-01  5.00003E-02
 1.00000E-01  2.00000E+01  1.00500E+01
];

DET1002 = [
    1    1    1    1    1    1    1    1    1    1  2.10324E+17 0.00651 
    2    2    1    1    1    1    1    1    1    1  3.95589E+17 0.00516 
    3    3    1    1    1    1    1    1    1    1  1.84807E+17 0.00617 
];


DET1002E = [
 1.00000E-09  6.25000E-07  3.13000E-07
 6.25000E-07  1.00000E-01  5.00003E-02
 1.00000E-01  2.00000E+01  1.00500E+01
];
