
DET1001 = [
    1    1    1    1    1    1    1    1    1    1  5.57698E+18 0.00436 
    2    2    1    1    1    1    1    1    1    1  1.96153E+18 0.00571 
    3    3    1    1    1    1    1    1    1    1  1.97049E+17 0.01256 
];


DET1001E = [
 1.00000E-09  6.25000E-07  3.13000E-07
 6.25000E-07  1.00000E-01  5.00003E-02
 1.00000E-01  2.00000E+01  1.00500E+01
];

DET1002 = [
    1    1    1    1    1    1    1    1    1    1  2.08236E+17 0.00649 
    2    2    1    1    1    1    1    1    1    1  4.09104E+17 0.00508 
    3    3    1    1    1    1    1    1    1    1  1.91158E+17 0.00622 
];


DET1002E = [
 1.00000E-09  6.25000E-07  3.13000E-07
 6.25000E-07  1.00000E-01  5.00003E-02
 1.00000E-01  2.00000E+01  1.00500E+01
];
